id	chrom	len	cumul
scaff_group_001	NW_005081537v1	24127801	24127801
scaff_group_001	NW_005081538v1	20615370	44743171
scaff_group_002	NW_005081539v1	19526422	64269593
scaff_group_002	NW_005081540v1	19439814	83709407
scaff_group_003	NW_005081541v1	19199999	102909406
scaff_group_003	NW_005081542v1	17182522	120091928
scaff_group_003	NW_005081543v1	16390125	136482053
scaff_group_004	NW_005081544v1	16225752	152707805
scaff_group_004	NW_005081545v1	15808273	168516078
scaff_group_004	NW_005081546v1	13251123	181767201
scaff_group_004	NW_005081547v1	12713024	194480225
scaff_group_005	NW_005081548v1	11927161	206407386
scaff_group_005	NW_005081549v1	11372716	217780102
scaff_group_005	NW_005081550v1	10845492	228625594
scaff_group_005	NW_005081551v1	10915959	239541553
scaff_group_005	NW_005081552v1	10223093	249764646
scaff_group_006	NW_005081553v1	10178608	259943254
scaff_group_006	NW_005081554v1	9919599	269862853
scaff_group_006	NW_005081555v1	9738610	279601463
scaff_group_006	NW_005081556v1	9148886	288750349
scaff_group_006	NW_005081557v1	9412929	298163278
scaff_group_007	NW_005081558v1	8584013	306747291
scaff_group_007	NW_005081559v1	8355851	315103142
scaff_group_007	NW_005081560v1	7733260	322836402
scaff_group_007	NW_005081561v1	7587459	330423861
scaff_group_007	NW_005081562v1	7551303	337975164
scaff_group_007	NW_005081563v1	7244704	345219868
scaff_group_008	NW_005081564v1	7510081	352729949
scaff_group_008	NW_005081565v1	7260678	359990627
scaff_group_008	NW_005081566v1	6552560	366543187
scaff_group_008	NW_005081567v1	6338647	372881834
scaff_group_008	NW_005081568v1	6275344	379157178
scaff_group_008	NW_005081569v1	6428186	385585364
scaff_group_008	NW_005081570v1	6421098	392006462
scaff_group_008	NW_005081571v1	6369667	398376129
scaff_group_009	NW_005081572v1	5854062	404230191
scaff_group_009	NW_005081573v1	5657613	409887804
scaff_group_009	NW_005081574v1	5690812	415578616
scaff_group_009	NW_005081575v1	5596662	421175278
scaff_group_009	NW_005081576v1	5584185	426759463
scaff_group_009	NW_005081577v1	5965230	432724693
scaff_group_009	NW_005081578v1	5641992	438366685
scaff_group_009	NW_005081579v1	5382539	443749224
scaff_group_009	NW_005081580v1	5063729	448812953
scaff_group_010	NW_005081581v1	5188199	454001152
scaff_group_010	NW_005081582v1	4964275	458965427
scaff_group_010	NW_005081583v1	4955519	463920946
scaff_group_010	NW_005081584v1	4866725	468787671
scaff_group_010	NW_005081585v1	5103085	473890756
scaff_group_010	NW_005081586v1	4753918	478644674
scaff_group_010	NW_005081587v1	4619863	483264537
scaff_group_010	NW_005081588v1	4505013	487769550
scaff_group_010	NW_005081589v1	4458466	492228016
scaff_group_010	NW_005081590v1	4656846	496884862
scaff_group_011	NW_005081591v1	4515391	501400253
scaff_group_011	NW_005081592v1	4891552	506291805
scaff_group_011	NW_005081593v1	4456365	510748170
scaff_group_011	NW_005081594v1	4430339	515178509
scaff_group_011	NW_005081595v1	4756365	519934874
scaff_group_011	NW_005081596v1	4339766	524274640
scaff_group_011	NW_005081597v1	4463627	528738267
scaff_group_011	NW_005081598v1	5008810	533747077
scaff_group_011	NW_005081599v1	4461960	538209037
scaff_group_011	NW_005081600v1	4267173	542476210
scaff_group_011	NW_005081601v1	4235148	546711358
scaff_group_012	NW_005081602v1	4246152	550957510
scaff_group_012	NW_005081603v1	4357161	555314671
scaff_group_012	NW_005081604v1	4093519	559408190
scaff_group_012	NW_005081605v1	4018548	563426738
scaff_group_012	NW_005081606v1	4160852	567587590
scaff_group_012	NW_005081607v1	4377844	571965434
scaff_group_012	NW_005081608v1	4256980	576222414
scaff_group_012	NW_005081609v1	3616420	579838834
scaff_group_012	NW_005081610v1	3547384	583386218
scaff_group_012	NW_005081611v1	3581226	586967444
scaff_group_012	NW_005081612v1	3442925	590410369
scaff_group_012	NW_005081613v1	3512439	593922808
scaff_group_012	NW_005081614v1	3395079	597317887
scaff_group_013	NW_005081615v1	3504361	600822248
scaff_group_013	NW_005081616v1	3510543	604332791
scaff_group_013	NW_005081617v1	4073067	608405858
scaff_group_013	NW_005081618v1	3424501	611830359
scaff_group_013	NW_005081619v1	3255797	615086156
scaff_group_013	NW_005081620v1	3189763	618275919
scaff_group_013	NW_005081621v1	3168318	621444237
scaff_group_013	NW_005081622v1	3071205	624515442
scaff_group_013	NW_005081623v1	3140077	627655519
scaff_group_013	NW_005081624v1	3313420	630968939
scaff_group_013	NW_005081625v1	3221608	634190547
scaff_group_013	NW_005081626v1	3359959	637550506
scaff_group_013	NW_005081627v1	2820995	640371501
scaff_group_013	NW_005081628v1	2707101	643078602
scaff_group_013	NW_005081629v1	3266250	646344852
scaff_group_014	NW_005081630v1	3704554	650049406
scaff_group_014	NW_005081631v1	2668396	652717802
scaff_group_014	NW_005081632v1	2520776	655238578
scaff_group_014	NW_005081633v1	2509543	657748121
scaff_group_014	NW_005081634v1	3178465	660926586
scaff_group_014	NW_005081635v1	2503139	663429725
scaff_group_014	NW_005081636v1	2330111	665759836
scaff_group_014	NW_005081637v1	2332526	668092362
scaff_group_014	NW_005081638v1	2499788	670592150
scaff_group_014	NW_005081639v1	2335631	672927781
scaff_group_014	NW_005081640v1	2732555	675660336
scaff_group_014	NW_005081641v1	2231522	677891858
scaff_group_014	NW_005081642v1	2153052	680044910
scaff_group_014	NW_005081643v1	2131741	682176651
scaff_group_014	NW_005081644v1	2311647	684488298
scaff_group_014	NW_005081645v1	2698535	687186833
scaff_group_014	NW_005081646v1	3535180	690722013
scaff_group_014	NW_005081647v1	2053932	692775945
scaff_group_014	NW_005081648v1	2083070	694859015
scaff_group_014	NW_005081649v1	2396297	697255312
scaff_group_014	NW_005081650v1	2057475	699312787
scaff_group_015	NW_005081651v1	2534617	701847404
scaff_group_015	NW_005081652v1	2439751	704287155
scaff_group_015	NW_005081653v1	2022704	706309859
scaff_group_015	NW_005081654v1	1930009	708239868
scaff_group_015	NW_005081655v1	1926611	710166479
scaff_group_015	NW_005081656v1	2512143	712678622
scaff_group_015	NW_005081657v1	2189579	714868201
scaff_group_015	NW_005081658v1	1821893	716690094
scaff_group_015	NW_005081659v1	1801071	718491165
scaff_group_015	NW_005081660v1	1855892	720347057
scaff_group_015	NW_005081661v1	2810194	723157251
scaff_group_015	NW_005081662v1	1786786	724944037
scaff_group_015	NW_005081663v1	1806625	726750662
scaff_group_015	NW_005081664v1	2407505	729158167
scaff_group_015	NW_005081665v1	1691053	730849220
scaff_group_015	NW_005081666v1	1883778	732732998
scaff_group_015	NW_005081667v1	1700355	734433353
scaff_group_015	NW_005081668v1	1635803	736069156
scaff_group_015	NW_005081669v1	2113411	738182567
scaff_group_015	NW_005081670v1	1583829	739766396
scaff_group_015	NW_005081671v1	1597971	741364367
scaff_group_015	NW_005081672v1	2488573	743852940
scaff_group_015	NW_005081673v1	2120562	745973502
scaff_group_015	NW_005081674v1	2177953	748151455
scaff_group_016	NW_005081675v1	2114605	750266060
scaff_group_016	NW_005081676v1	1691286	751957346
scaff_group_016	NW_005081677v1	1409741	753367087
scaff_group_016	NW_005081678v1	1751841	755118928
scaff_group_016	NW_005081679v1	1462397	756581325
scaff_group_016	NW_005081680v1	1506456	758087781
scaff_group_016	NW_005081681v1	1869171	759956952
scaff_group_016	NW_005081682v1	1748647	761705599
scaff_group_016	NW_005081683v1	1959460	763665059
scaff_group_016	NW_005081684v1	1898618	765563677
scaff_group_016	NW_005081685v1	1648736	767212413
scaff_group_016	NW_005081686v1	2378844	769591257
scaff_group_016	NW_005081687v1	1326514	770917771
scaff_group_016	NW_005081688v1	1288759	772206530
scaff_group_016	NW_005081689v1	1411539	773618069
scaff_group_016	NW_005081690v1	1926687	775544756
scaff_group_016	NW_005081691v1	1572681	777117437
scaff_group_016	NW_005081692v1	1255362	778372799
scaff_group_016	NW_005081693v1	1437200	779809999
scaff_group_016	NW_005081694v1	1205499	781015498
scaff_group_016	NW_005081695v1	1335160	782350658
scaff_group_016	NW_005081696v1	1968081	784318739
scaff_group_016	NW_005081697v1	1189320	785508059
scaff_group_016	NW_005081698v1	1683037	787191096
scaff_group_016	NW_005081699v1	1172919	788364015
scaff_group_016	NW_005081700v1	1217445	789581460
scaff_group_016	NW_005081701v1	1196078	790777538
scaff_group_016	NW_005081702v1	1090834	791868372
scaff_group_016	NW_005081703v1	1881141	793749513
scaff_group_016	NW_005081704v1	1266728	795016241
scaff_group_016	NW_005081705v1	1546649	796562890
scaff_group_016	NW_005081706v1	1526570	798089460
scaff_group_016	NW_005081707v1	1110460	799199920
scaff_group_017	NW_005081708v1	1082959	800282879
scaff_group_017	NW_005081709v1	1826650	802109529
scaff_group_017	NW_005081710v1	1842449	803951978
scaff_group_017	NW_005081711v1	1291302	805243280
scaff_group_017	NW_005081712v1	1029829	806273109
scaff_group_017	NW_005081713v1	1036292	807309401
scaff_group_017	NW_005081714v1	1456143	808765544
scaff_group_017	NW_005081715v1	959245	809724789
scaff_group_017	NW_005081716v1	1438760	811163549
scaff_group_017	NW_005081717v1	958124	812121673
scaff_group_017	NW_005081718v1	1555973	813677646
scaff_group_017	NW_005081719v1	1667129	815344775
scaff_group_017	NW_005081720v1	1134561	816479336
scaff_group_017	NW_005081721v1	1348215	817827551
scaff_group_017	NW_005081722v1	1528454	819356005
scaff_group_017	NW_005081723v1	926129	820282134
scaff_group_017	NW_005081724v1	946058	821228192
scaff_group_017	NW_005081725v1	1309180	822537372
scaff_group_017	NW_005081726v1	878076	823415448
scaff_group_017	NW_005081727v1	1024416	824439864
scaff_group_017	NW_005081728v1	1175496	825615360
scaff_group_017	NW_005081729v1	913800	826529160
scaff_group_017	NW_005081730v1	1088936	827618096
scaff_group_017	NW_005081731v1	1332312	828950408
scaff_group_017	NW_005081732v1	1176009	830126417
scaff_group_017	NW_005081733v1	982554	831108971
scaff_group_017	NW_005081734v1	978386	832087357
scaff_group_017	NW_005081735v1	1042425	833129782
scaff_group_017	NW_005081736v1	913136	834042918
scaff_group_017	NW_005081737v1	1368213	835411131
scaff_group_017	NW_005081738v1	852449	836263580
scaff_group_017	NW_005081739v1	1399377	837662957
scaff_group_017	NW_005081740v1	838212	838501169
scaff_group_017	NW_005081741v1	1279233	839780402
scaff_group_017	NW_005081742v1	825557	840605959
scaff_group_017	NW_005081743v1	1014152	841620111
scaff_group_017	NW_005081744v1	1030464	842650575
scaff_group_017	NW_005081745v1	883178	843533753
scaff_group_017	NW_005081746v1	758667	844292420
scaff_group_017	NW_005081747v1	779486	845071906
scaff_group_017	NW_005081748v1	870198	845942104
scaff_group_017	NW_005081749v1	1337797	847279901
scaff_group_017	NW_005081750v1	1261557	848541458
scaff_group_017	NW_005081751v1	1044468	849585926
scaff_group_018	NW_005081752v1	1031561	850617487
scaff_group_018	NW_005081753v1	750225	851367712
scaff_group_018	NW_005081754v1	810001	852177713
scaff_group_018	NW_005081755v1	755315	852933028
scaff_group_018	NW_005081756v1	1088771	854021799
scaff_group_018	NW_005081757v1	863662	854885461
scaff_group_018	NW_005081758v1	1220185	856105646
scaff_group_018	NW_005081759v1	794177	856899823
scaff_group_018	NW_005081760v1	1271905	858171728
scaff_group_018	NW_005081761v1	921155	859092883
scaff_group_018	NW_005081762v1	661022	859753905
scaff_group_018	NW_005081763v1	1245480	860999385
scaff_group_018	NW_005081764v1	978886	861978271
scaff_group_018	NW_005081765v1	738862	862717133
scaff_group_018	NW_005081766v1	1316434	864033567
scaff_group_018	NW_005081767v1	717310	864750877
scaff_group_018	NW_005081768v1	949835	865700712
scaff_group_018	NW_005081769v1	731032	866431744
scaff_group_018	NW_005081770v1	1035688	867467432
scaff_group_018	NW_005081771v1	578351	868045783
scaff_group_018	NW_005081772v1	611311	868657094
scaff_group_018	NW_005081773v1	624993	869282087
scaff_group_018	NW_005081774v1	700567	869982654
scaff_group_018	NW_005081775v1	606670	870589324
scaff_group_018	NW_005081776v1	675361	871264685
scaff_group_018	NW_005081777v1	1326265	872590950
scaff_group_018	NW_005081778v1	646330	873237280
scaff_group_018	NW_005081779v1	1041711	874278991
scaff_group_018	NW_005081780v1	567635	874846626
scaff_group_018	NW_005081781v1	833320	875679946
scaff_group_018	NW_005081782v1	1266348	876946294
scaff_group_018	NW_005081783v1	577082	877523376
scaff_group_018	NW_005081784v1	572131	878095507
scaff_group_018	NW_005081785v1	727287	878822794
scaff_group_018	NW_005081786v1	625968	879448762
scaff_group_018	NW_005081787v1	688612	880137374
scaff_group_018	NW_005081788v1	685200	880822574
scaff_group_018	NW_005081789v1	628570	881451144
scaff_group_018	NW_005081790v1	990080	882441224
scaff_group_018	NW_005081791v1	516901	882958125
scaff_group_018	NW_005081792v1	809322	883767447
scaff_group_018	NW_005081793v1	870193	884637640
scaff_group_018	NW_005081794v1	578149	885215789
scaff_group_018	NW_005081795v1	760359	885976148
scaff_group_018	NW_005081796v1	966413	886942561
scaff_group_018	NW_005081797v1	554467	887497028
scaff_group_018	NW_005081798v1	820433	888317461
scaff_group_018	NW_005081799v1	498572	888816033
scaff_group_018	NW_005081800v1	499548	889315581
scaff_group_018	NW_005081801v1	695644	890011225
scaff_group_018	NW_005081802v1	717144	890728369
scaff_group_018	NW_005081803v1	753498	891481867
scaff_group_018	NW_005081804v1	635365	892117232
scaff_group_018	NW_005081805v1	457463	892574695
scaff_group_018	NW_005081806v1	429611	893004306
scaff_group_018	NW_005081807v1	633172	893637478
scaff_group_018	NW_005081808v1	614006	894251484
scaff_group_018	NW_005081809v1	540563	894792047
scaff_group_018	NW_005081810v1	442776	895234823
scaff_group_018	NW_005081811v1	453455	895688278
scaff_group_018	NW_005081812v1	685770	896374048
scaff_group_018	NW_005081813v1	525062	896899110
scaff_group_018	NW_005081814v1	459172	897358282
scaff_group_018	NW_005081815v1	657322	898015604
scaff_group_018	NW_005081816v1	795034	898810638
scaff_group_018	NW_005081817v1	437601	899248239
scaff_group_018	NW_005081818v1	423136	899671375
scaff_group_019	NW_005081819v1	844369	900515744
scaff_group_019	NW_005081820v1	399474	900915218
scaff_group_019	NW_005081821v1	411424	901326642
scaff_group_019	NW_005081822v1	543549	901870191
scaff_group_019	NW_005081823v1	372114	902242305
scaff_group_019	NW_005081824v1	460039	902702344
scaff_group_019	NW_005081825v1	416768	903119112
scaff_group_019	NW_005081826v1	392903	903512015
scaff_group_019	NW_005081827v1	355097	903867112
scaff_group_019	NW_005081828v1	370485	904237597
scaff_group_019	NW_005081829v1	593875	904831472
scaff_group_019	NW_005081830v1	718261	905549733
scaff_group_019	NW_005081831v1	438198	905987931
scaff_group_019	NW_005081832v1	349547	906337478
scaff_group_019	NW_005081833v1	560750	906898228
scaff_group_019	NW_005081834v1	605066	907503294
scaff_group_019	NW_005081835v1	413171	907916465
scaff_group_019	NW_005081836v1	343471	908259936
scaff_group_019	NW_005081837v1	409729	908669665
scaff_group_019	NW_005081838v1	321342	908991007
scaff_group_019	NW_005081839v1	334989	909325996
scaff_group_019	NW_005081840v1	472373	909798369
scaff_group_019	NW_005081841v1	345384	910143753
scaff_group_019	NW_005081842v1	318084	910461837
scaff_group_019	NW_005081843v1	329010	910790847
scaff_group_019	NW_005081844v1	292358	911083205
scaff_group_019	NW_005081845v1	304213	911387418
scaff_group_019	NW_005081846v1	584034	911971452
scaff_group_019	NW_005081847v1	450212	912421664
scaff_group_019	NW_005081848v1	311296	912732960
scaff_group_019	NW_005081849v1	882981	913615941
scaff_group_019	NW_005081850v1	404370	914020311
scaff_group_019	NW_005081851v1	306686	914326997
scaff_group_019	NW_005081852v1	500491	914827488
scaff_group_019	NW_005081853v1	372703	915200191
scaff_group_019	NW_005081854v1	473659	915673850
scaff_group_019	NW_005081855v1	296469	915970319
scaff_group_019	NW_005081856v1	352171	916322490
scaff_group_019	NW_005081857v1	450306	916772796
scaff_group_019	NW_005081858v1	287312	917060108
scaff_group_019	NW_005081859v1	677380	917737488
scaff_group_019	NW_005081860v1	494677	918232165
scaff_group_019	NW_005081861v1	332740	918564905
scaff_group_019	NW_005081862v1	281062	918845967
scaff_group_019	NW_005081863v1	497390	919343357
scaff_group_019	NW_005081864v1	379380	919722737
scaff_group_019	NW_005081865v1	499673	920222410
scaff_group_019	NW_005081866v1	553535	920775945
scaff_group_019	NW_005081867v1	260234	921036179
scaff_group_019	NW_005081868v1	549951	921586130
scaff_group_019	NW_005081869v1	229733	921815863
scaff_group_019	NW_005081870v1	423299	922239162
scaff_group_019	NW_005081871v1	301607	922540769
scaff_group_019	NW_005081872v1	777614	923318383
scaff_group_019	NW_005081873v1	439494	923757877
scaff_group_019	NW_005081874v1	387596	924145473
scaff_group_019	NW_005081875v1	229185	924374658
scaff_group_019	NW_005081876v1	266586	924641244
scaff_group_019	NW_005081877v1	463702	925104946
scaff_group_019	NW_005081878v1	537258	925642204
scaff_group_019	NW_005081879v1	326419	925968623
scaff_group_019	NW_005081880v1	254863	926223486
scaff_group_019	NW_005081881v1	308446	926531932
scaff_group_019	NW_005081882v1	673622	927205554
scaff_group_019	NW_005081883v1	224620	927430174
scaff_group_019	NW_005081884v1	442076	927872250
scaff_group_019	NW_005081885v1	215647	928087897
scaff_group_019	NW_005081886v1	538111	928626008
scaff_group_019	NW_005081887v1	482995	929109003
scaff_group_019	NW_005081888v1	232030	929341033
scaff_group_019	NW_005081889v1	383705	929724738
scaff_group_019	NW_005081890v1	295690	930020428
scaff_group_019	NW_005081891v1	251859	930272287
scaff_group_019	NW_005081892v1	213218	930485505
scaff_group_019	NW_005081893v1	282453	930767958
scaff_group_019	NW_005081894v1	199591	930967549
scaff_group_019	NW_005081895v1	474111	931441660
scaff_group_019	NW_005081896v1	274732	931716392
scaff_group_019	NW_005081897v1	199654	931916046
scaff_group_019	NW_005081898v1	354082	932270128
scaff_group_019	NW_005081899v1	405843	932675971
scaff_group_019	NW_005081900v1	224158	932900129
scaff_group_019	NW_005081901v1	484951	933385080
scaff_group_019	NW_005081902v1	423396	933808476
scaff_group_019	NW_005081903v1	335246	934143722
scaff_group_019	NW_005081904v1	364630	934508352
scaff_group_019	NW_005081905v1	190682	934699034
scaff_group_019	NW_005081906v1	277725	934976759
scaff_group_019	NW_005081907v1	191121	935167880
scaff_group_019	NW_005081908v1	283730	935451610
scaff_group_019	NW_005081909v1	364397	935816007
scaff_group_019	NW_005081910v1	253643	936069650
scaff_group_019	NW_005081911v1	169889	936239539
scaff_group_019	NW_005081912v1	432040	936671579
scaff_group_019	NW_005081913v1	170911	936842490
scaff_group_019	NW_005081914v1	158675	937001165
scaff_group_019	NW_005081915v1	331605	937332770
scaff_group_019	NW_005081916v1	282019	937614789
scaff_group_019	NW_005081917v1	192581	937807370
scaff_group_019	NW_005081918v1	174563	937981933
scaff_group_019	NW_005081919v1	286262	938268195
scaff_group_019	NW_005081920v1	295922	938564117
scaff_group_019	NW_005081921v1	403622	938967739
scaff_group_019	NW_005081922v1	418612	939386351
scaff_group_019	NW_005081923v1	167611	939553962
scaff_group_019	NW_005081924v1	180953	939734915
scaff_group_019	NW_005081925v1	144432	939879347
scaff_group_019	NW_005081926v1	186122	940065469
scaff_group_019	NW_005081927v1	163977	940229446
scaff_group_019	NW_005081928v1	184749	940414195
scaff_group_019	NW_005081929v1	302097	940716292
scaff_group_019	NW_005081930v1	298395	941014687
scaff_group_019	NW_005081931v1	223346	941238033
scaff_group_019	NW_005081932v1	310219	941548252
scaff_group_019	NW_005081933v1	208529	941756781
scaff_group_019	NW_005081934v1	132496	941889277
scaff_group_019	NW_005081935v1	148417	942037694
scaff_group_019	NW_005081936v1	329776	942367470
scaff_group_019	NW_005081937v1	440375	942807845
scaff_group_019	NW_005081938v1	358858	943166703
scaff_group_019	NW_005081939v1	183703	943350406
scaff_group_019	NW_005081940v1	112990	943463396
scaff_group_019	NW_005081941v1	117674	943581070
scaff_group_019	NW_005081942v1	335057	943916127
scaff_group_019	NW_005081943v1	308850	944224977
scaff_group_019	NW_005081944v1	302372	944527349
scaff_group_019	NW_005081945v1	242141	944769490
scaff_group_019	NW_005081946v1	150635	944920125
scaff_group_019	NW_005081947v1	310360	945230485
scaff_group_019	NW_005081948v1	240745	945471230
scaff_group_019	NW_005081949v1	148651	945619881
scaff_group_019	NW_005081950v1	172339	945792220
scaff_group_019	NW_005081951v1	186825	945979045
scaff_group_019	NW_005081952v1	210442	946189487
scaff_group_019	NW_005081953v1	132581	946322068
scaff_group_019	NW_005081954v1	141571	946463639
scaff_group_019	NW_005081955v1	181421	946645060
scaff_group_019	NW_005081956v1	129397	946774457
scaff_group_019	NW_005081957v1	232568	947007025
scaff_group_019	NW_005081958v1	224289	947231314
scaff_group_019	NW_005081959v1	117322	947348636
scaff_group_019	NW_005081960v1	237355	947585991
scaff_group_019	NW_005081961v1	116999	947702990
scaff_group_019	NW_005081962v1	117879	947820869
scaff_group_019	NW_005081963v1	260703	948081572
scaff_group_019	NW_005081964v1	166948	948248520
scaff_group_019	NW_005081965v1	163558	948412078
scaff_group_019	NW_005081966v1	300018	948712096
scaff_group_019	NW_005081967v1	152183	948864279
scaff_group_019	NW_005081968v1	120861	948985140
scaff_group_019	NW_005081969v1	190312	949175452
scaff_group_019	NW_005081970v1	257378	949432830
scaff_group_019	NW_005081971v1	113130	949545960
scaff_group_019	NW_005081972v1	114802	949660762
scaff_group_019	NW_005081973v1	259590	949920352
scaff_group_020	NW_005081974v1	126618	950046970
scaff_group_020	NW_005081975v1	192253	950239223
scaff_group_020	NW_005081976v1	159388	950398611
scaff_group_020	NW_005081977v1	237497	950636108
scaff_group_020	NW_005081978v1	193482	950829590
scaff_group_020	NW_005081979v1	247747	951077337
scaff_group_020	NW_005081980v1	190577	951267914
scaff_group_020	NW_005081981v1	164697	951432611
scaff_group_020	NW_005081982v1	216424	951649035
scaff_group_020	NW_005081983v1	216678	951865713
scaff_group_020	NW_005081984v1	171283	952036996
scaff_group_020	NW_005081985v1	219900	952256896
scaff_group_020	NW_005081986v1	218071	952474967
scaff_group_020	NW_005081987v1	144021	952618988
scaff_group_020	NW_005081988v1	115748	952734736
scaff_group_020	NW_005081989v1	131426	952866162
scaff_group_020	NW_005081990v1	177049	953043211
scaff_group_020	NW_005081991v1	214963	953258174
scaff_group_020	NW_005081992v1	275891	953534065
scaff_group_020	NW_005081993v1	150420	953684485
scaff_group_020	NW_005081994v1	129081	953813566
scaff_group_020	NW_005081995v1	105277	953918843
scaff_group_020	NW_005081996v1	170284	954089127
scaff_group_020	NW_005081997v1	170440	954259567
scaff_group_020	NW_005081998v1	126384	954385951
scaff_group_020	NW_005081999v1	204821	954590772
scaff_group_020	NW_005082000v1	203679	954794451
scaff_group_020	NW_005082001v1	78065	954872516
scaff_group_020	NW_005082002v1	91873	954964389
scaff_group_020	NW_005082003v1	148528	955112917
scaff_group_020	NW_005082004v1	220743	955333660
scaff_group_020	NW_005082005v1	151960	955485620
scaff_group_020	NW_005082006v1	65002	955550622
scaff_group_020	NW_005082007v1	226792	955777414
scaff_group_020	NW_005082008v1	169494	955946908
scaff_group_020	NW_005082009v1	91441	956038349
scaff_group_020	NW_005082010v1	182517	956220866
scaff_group_020	NW_005082011v1	156900	956377766
scaff_group_020	NW_005082012v1	164912	956542678
scaff_group_020	NW_005082013v1	119457	956662135
scaff_group_020	NW_005082014v1	69725	956731860
scaff_group_020	NW_005082015v1	65265	956797125
scaff_group_020	NW_005082016v1	193590	956990715
scaff_group_020	NW_005082017v1	261365	957252080
scaff_group_020	NW_005082018v1	195291	957447371
scaff_group_020	NW_005082019v1	161411	957608782
scaff_group_020	NW_005082020v1	79121	957687903
scaff_group_020	NW_005082021v1	171138	957859041
scaff_group_020	NW_005082022v1	268453	958127494
scaff_group_020	NW_005082023v1	215354	958342848
scaff_group_020	NW_005082024v1	84025	958426873
scaff_group_020	NW_005082025v1	158915	958585788
scaff_group_020	NW_005082026v1	190631	958776419
scaff_group_020	NW_005082027v1	59056	958835475
scaff_group_020	NW_005082028v1	177578	959013053
scaff_group_020	NW_005082029v1	128173	959141226
scaff_group_020	NW_005082030v1	90845	959232071
scaff_group_020	NW_005082031v1	169456	959401527
scaff_group_020	NW_005082032v1	111431	959512958
scaff_group_020	NW_005082033v1	174297	959687255
scaff_group_020	NW_005082034v1	141478	959828733
scaff_group_020	NW_005082035v1	91121	959919854
scaff_group_020	NW_005082036v1	111953	960031807
scaff_group_020	NW_005082037v1	142725	960174532
scaff_group_020	NW_005082038v1	137667	960312199
scaff_group_020	NW_005082039v1	69896	960382095
scaff_group_020	NW_005082040v1	82075	960464170
scaff_group_020	NW_005082041v1	69380	960533550
scaff_group_020	NW_005082042v1	86987	960620537
scaff_group_020	NW_005082043v1	140494	960761031
scaff_group_020	NW_005082044v1	139283	960900314
scaff_group_020	NW_005082045v1	112014	961012328
scaff_group_020	NW_005082046v1	92488	961104816
scaff_group_020	NW_005082047v1	144571	961249387
scaff_group_020	NW_005082048v1	51569	961300956
scaff_group_020	NW_005082049v1	63537	961364493
scaff_group_020	NW_005082050v1	149318	961513811
scaff_group_020	NW_005082051v1	126284	961640095
scaff_group_020	NW_005082052v1	146695	961786790
scaff_group_020	NW_005082053v1	115096	961901886
scaff_group_020	NW_005082054v1	103582	962005468
scaff_group_020	NW_005082055v1	43098	962048566
scaff_group_020	NW_005082056v1	145908	962194474
scaff_group_020	NW_005082057v1	95039	962289513
scaff_group_020	NW_005082058v1	83971	962373484
scaff_group_020	NW_005082059v1	85376	962458860
scaff_group_020	NW_005082060v1	93659	962552519
scaff_group_020	NW_005082061v1	107333	962659852
scaff_group_020	NW_005082062v1	123218	962783070
scaff_group_020	NW_005082063v1	74496	962857566
scaff_group_020	NW_005082064v1	56889	962914455
scaff_group_020	NW_005082065v1	152730	963067185
scaff_group_020	NW_005082066v1	88141	963155326
scaff_group_020	NW_005082067v1	183761	963339087
scaff_group_020	NW_005082068v1	71572	963410659
scaff_group_020	NW_005082069v1	133235	963543894
scaff_group_020	NW_005082070v1	118397	963662291
scaff_group_020	NW_005082071v1	84354	963746645
scaff_group_020	NW_005082072v1	78921	963825566
scaff_group_020	NW_005082073v1	116108	963941674
scaff_group_020	NW_005082074v1	157480	964099154
scaff_group_020	NW_005082075v1	93148	964192302
scaff_group_020	NW_005082076v1	44202	964236504
scaff_group_020	NW_005082077v1	130650	964367154
scaff_group_020	NW_005082078v1	57824	964424978
scaff_group_020	NW_005082079v1	83179	964508157
scaff_group_020	NW_005082080v1	76124	964584281
scaff_group_020	NW_005082081v1	72126	964656407
scaff_group_020	NW_005082082v1	120504	964776911
scaff_group_020	NW_005082083v1	107595	964884506
scaff_group_020	NW_005082084v1	133548	965018054
scaff_group_020	NW_005082085v1	116421	965134475
scaff_group_020	NW_005082086v1	82491	965216966
scaff_group_020	NW_005082087v1	99109	965316075
scaff_group_020	NW_005082088v1	47772	965363847
scaff_group_020	NW_005082089v1	69923	965433770
scaff_group_020	NW_005082090v1	55335	965489105
scaff_group_020	NW_005082091v1	127266	965616371
scaff_group_020	NW_005082092v1	132839	965749210
scaff_group_020	NW_005082093v1	105379	965854589
scaff_group_020	NW_005082094v1	125377	965979966
scaff_group_020	NW_005082095v1	149846	966129812
scaff_group_020	NW_005082096v1	96873	966226685
scaff_group_020	NW_005082097v1	39944	966266629
scaff_group_020	NW_005082098v1	57121	966323750
scaff_group_020	NW_005082099v1	114003	966437753
scaff_group_020	NW_005082100v1	61766	966499519
scaff_group_020	NW_005082101v1	85049	966584568
scaff_group_020	NW_005082102v1	73590	966658158
scaff_group_020	NW_005082103v1	99467	966757625
scaff_group_020	NW_005082104v1	90683	966848308
scaff_group_020	NW_005082105v1	139586	966987894
scaff_group_020	NW_005082106v1	80067	967067961
scaff_group_020	NW_005082107v1	82165	967150126
scaff_group_020	NW_005082108v1	50286	967200412
scaff_group_020	NW_005082109v1	50934	967251346
scaff_group_020	NW_005082110v1	52877	967304223
scaff_group_020	NW_005082111v1	78671	967382894
scaff_group_020	NW_005082112v1	117802	967500696
scaff_group_020	NW_005082113v1	101530	967602226
scaff_group_020	NW_005082114v1	69142	967671368
scaff_group_020	NW_005082115v1	122339	967793707
scaff_group_020	NW_005082116v1	39722	967833429
scaff_group_020	NW_005082117v1	62437	967895866
scaff_group_020	NW_005082118v1	74137	967970003
scaff_group_020	NW_005082119v1	69858	968039861
scaff_group_020	NW_005082120v1	162612	968202473
scaff_group_020	NW_005082121v1	108663	968311136
scaff_group_020	NW_005082122v1	77239	968388375
scaff_group_020	NW_005082123v1	98483	968486858
scaff_group_020	NW_005082124v1	65445	968552303
scaff_group_020	NW_005082125v1	75553	968627856
scaff_group_020	NW_005082126v1	53377	968681233
scaff_group_020	NW_005082127v1	74086	968755319
scaff_group_020	NW_005082128v1	79795	968835114
scaff_group_020	NW_005082129v1	54130	968889244
scaff_group_020	NW_005082130v1	109548	968998792
scaff_group_020	NW_005082131v1	58133	969056925
scaff_group_020	NW_005082132v1	92421	969149346
scaff_group_020	NW_005082133v1	61382	969210728
scaff_group_020	NW_005082134v1	99591	969310319
scaff_group_020	NW_005082135v1	51919	969362238
scaff_group_020	NW_005082136v1	53393	969415631
scaff_group_020	NW_005082137v1	37183	969452814
scaff_group_020	NW_005082138v1	53926	969506740
scaff_group_020	NW_005082139v1	133876	969640616
scaff_group_020	NW_005082140v1	87531	969728147
scaff_group_020	NW_005082141v1	47888	969776035
scaff_group_020	NW_005082142v1	55479	969831514
scaff_group_020	NW_005082143v1	68877	969900391
scaff_group_020	NW_005082144v1	49351	969949742
scaff_group_020	NW_005082145v1	117568	970067310
scaff_group_020	NW_005082146v1	62914	970130224
scaff_group_020	NW_005082147v1	106699	970236923
scaff_group_020	NW_005082148v1	72476	970309399
scaff_group_020	NW_005082149v1	68861	970378260
scaff_group_020	NW_005082150v1	41578	970419838
scaff_group_020	NW_005082151v1	67692	970487530
scaff_group_020	NW_005082152v1	69938	970557468
scaff_group_020	NW_005082153v1	59285	970616753
scaff_group_020	NW_005082154v1	50963	970667716
scaff_group_020	NW_005082155v1	67295	970735011
scaff_group_020	NW_005082156v1	123566	970858577
scaff_group_020	NW_005082157v1	60772	970919349
scaff_group_020	NW_005082158v1	45166	970964515
scaff_group_020	NW_005082159v1	75657	971040172
scaff_group_020	NW_005082160v1	40402	971080574
scaff_group_020	NW_005082161v1	81976	971162550
scaff_group_020	NW_005082162v1	67858	971230408
scaff_group_020	NW_005082163v1	72171	971302579
scaff_group_020	NW_005082164v1	19730	971322309
scaff_group_020	NW_005082165v1	54577	971376886
scaff_group_020	NW_005082166v1	77089	971453975
scaff_group_020	NW_005082167v1	47394	971501369
scaff_group_020	NW_005082168v1	66146	971567515
scaff_group_020	NW_005082169v1	81359	971648874
scaff_group_020	NW_005082170v1	28300	971677174
scaff_group_020	NW_005082171v1	58961	971736135
scaff_group_020	NW_005082172v1	45826	971781961
scaff_group_020	NW_005082173v1	43662	971825623
scaff_group_020	NW_005082174v1	47553	971873176
scaff_group_020	NW_005082175v1	56419	971929595
scaff_group_020	NW_005082176v1	42535	971972130
scaff_group_020	NW_005082177v1	64963	972037093
scaff_group_020	NW_005082178v1	63387	972100480
scaff_group_020	NW_005082179v1	36223	972136703
scaff_group_020	NW_005082180v1	57476	972194179
scaff_group_020	NW_005082181v1	44209	972238388
scaff_group_020	NW_005082182v1	53989	972292377
scaff_group_020	NW_005082183v1	80695	972373072
scaff_group_020	NW_005082184v1	50576	972423648
scaff_group_020	NW_005082185v1	31119	972454767
scaff_group_020	NW_005082186v1	58912	972513679
scaff_group_020	NW_005082187v1	36427	972550106
scaff_group_020	NW_005082188v1	51684	972601790
scaff_group_020	NW_005082189v1	52034	972653824
scaff_group_020	NW_005082190v1	36683	972690507
scaff_group_020	NW_005082191v1	106960	972797467
scaff_group_020	NW_005082192v1	49111	972846578
scaff_group_020	NW_005082193v1	101349	972947927
scaff_group_020	NW_005082194v1	38121	972986048
scaff_group_020	NW_005082195v1	61370	973047418
scaff_group_020	NW_005082196v1	73169	973120587
scaff_group_020	NW_005082197v1	35312	973155899
scaff_group_020	NW_005082198v1	43766	973199665
scaff_group_020	NW_005082199v1	41342	973241007
scaff_group_020	NW_005082200v1	35723	973276730
scaff_group_020	NW_005082201v1	72777	973349507
scaff_group_020	NW_005082202v1	62845	973412352
scaff_group_020	NW_005082203v1	49871	973462223
scaff_group_020	NW_005082204v1	99055	973561278
scaff_group_020	NW_005082205v1	81666	973642944
scaff_group_020	NW_005082206v1	46190	973689134
scaff_group_020	NW_005082207v1	36530	973725664
scaff_group_020	NW_005082208v1	46564	973772228
scaff_group_020	NW_005082209v1	41068	973813296
scaff_group_020	NW_005082210v1	38133	973851429
scaff_group_020	NW_005082211v1	86776	973938205
scaff_group_020	NW_005082212v1	44147	973982352
scaff_group_020	NW_005082213v1	63854	974046206
scaff_group_020	NW_005082214v1	85279	974131485
scaff_group_020	NW_005082215v1	38393	974169878
scaff_group_020	NW_005082216v1	37049	974206927
scaff_group_020	NW_005082217v1	32496	974239423
scaff_group_020	NW_005082218v1	57503	974296926
scaff_group_020	NW_005082219v1	54731	974351657
scaff_group_020	NW_005082220v1	53552	974405209
scaff_group_020	NW_005082221v1	53987	974459196
scaff_group_020	NW_005082222v1	22755	974481951
scaff_group_020	NW_005082223v1	27852	974509803
scaff_group_020	NW_005082224v1	120081	974629884
scaff_group_020	NW_005082225v1	37052	974666936
scaff_group_020	NW_005082226v1	32993	974699929
scaff_group_020	NW_005082227v1	55813	974755742
scaff_group_020	NW_005082228v1	71291	974827033
scaff_group_020	NW_005082229v1	72210	974899243
scaff_group_020	NW_005082230v1	39294	974938537
scaff_group_020	NW_005082231v1	46234	974984771
scaff_group_020	NW_005082232v1	45958	975030729
scaff_group_020	NW_005082233v1	42271	975073000
scaff_group_020	NW_005082234v1	45386	975118386
scaff_group_020	NW_005082235v1	41092	975159478
scaff_group_020	NW_005082236v1	49416	975208894
scaff_group_020	NW_005082237v1	88061	975296955
scaff_group_020	NW_005082238v1	37836	975334791
scaff_group_020	NW_005082239v1	38608	975373399
scaff_group_020	NW_005082240v1	36547	975409946
scaff_group_020	NW_005082241v1	81088	975491034
scaff_group_020	NW_005082242v1	48077	975539111
scaff_group_020	NW_005082243v1	35756	975574867
scaff_group_020	NW_005082244v1	25448	975600315
scaff_group_020	NW_005082245v1	30848	975631163
scaff_group_020	NW_005082246v1	47773	975678936
scaff_group_020	NW_005082247v1	58067	975737003
scaff_group_020	NW_005082248v1	31005	975768008
scaff_group_020	NW_005082249v1	40766	975808774
scaff_group_020	NW_005082250v1	59247	975868021
scaff_group_020	NW_005082251v1	29110	975897131
scaff_group_020	NW_005082252v1	39173	975936304
scaff_group_020	NW_005082253v1	24755	975961059
scaff_group_020	NW_005082254v1	77678	976038737
scaff_group_020	NW_005082255v1	77397	976116134
scaff_group_020	NW_005082256v1	36893	976153027
scaff_group_020	NW_005082257v1	67467	976220494
scaff_group_020	NW_005082258v1	44299	976264793
scaff_group_020	NW_005082259v1	70935	976335728
scaff_group_020	NW_005082260v1	39613	976375341
scaff_group_020	NW_005082261v1	33495	976408836
scaff_group_020	NW_005082262v1	77851	976486687
scaff_group_020	NW_005082263v1	41410	976528097
scaff_group_020	NW_005082264v1	34008	976562105
scaff_group_020	NW_005082265v1	25430	976587535
scaff_group_020	NW_005082266v1	67098	976654633
scaff_group_020	NW_005082267v1	72038	976726671
scaff_group_020	NW_005082268v1	38955	976765626
scaff_group_020	NW_005082269v1	35926	976801552
scaff_group_020	NW_005082270v1	53183	976854735
scaff_group_020	NW_005082271v1	34015	976888750
scaff_group_020	NW_005082272v1	38699	976927449
scaff_group_020	NW_005082273v1	22334	976949783
scaff_group_020	NW_005082274v1	33580	976983363
scaff_group_020	NW_005082275v1	19872	977003235
scaff_group_020	NW_005082276v1	19443	977022678
scaff_group_020	NW_005082277v1	27478	977050156
scaff_group_020	NW_005082278v1	30844	977081000
scaff_group_020	NW_005082279v1	40913	977121913
scaff_group_020	NW_005082280v1	59309	977181222
scaff_group_020	NW_005082281v1	53407	977234629
scaff_group_020	NW_005082282v1	33800	977268429
scaff_group_020	NW_005082283v1	37258	977305687
scaff_group_020	NW_005082284v1	62497	977368184
scaff_group_020	NW_005082285v1	45913	977414097
scaff_group_020	NW_005082286v1	38618	977452715
scaff_group_020	NW_005082287v1	61392	977514107
scaff_group_020	NW_005082288v1	69757	977583864
scaff_group_020	NW_005082289v1	29921	977613785
scaff_group_020	NW_005082290v1	18407	977632192
scaff_group_020	NW_005082291v1	31003	977663195
scaff_group_020	NW_005082292v1	30959	977694154
scaff_group_020	NW_005082293v1	33087	977727241
scaff_group_020	NW_005082294v1	29947	977757188
scaff_group_020	NW_005082295v1	23915	977781103
scaff_group_020	NW_005082296v1	74535	977855638
scaff_group_020	NW_005082297v1	23945	977879583
scaff_group_020	NW_005082298v1	30963	977910546
scaff_group_020	NW_005082299v1	17514	977928060
scaff_group_020	NW_005082300v1	31394	977959454
scaff_group_020	NW_005082301v1	20455	977979909
scaff_group_020	NW_005082302v1	49145	978029054
scaff_group_020	NW_005082303v1	24900	978053954
scaff_group_020	NW_005082304v1	15424	978069378
scaff_group_020	NW_005082305v1	35639	978105017
scaff_group_020	NW_005082306v1	50557	978155574
scaff_group_020	NW_005082307v1	68235	978223809
scaff_group_020	NW_005082308v1	20557	978244366
scaff_group_020	NW_005082309v1	23746	978268112
scaff_group_020	NW_005082310v1	21042	978289154
scaff_group_020	NW_005082311v1	33339	978322493
scaff_group_020	NW_005082312v1	28868	978351361
scaff_group_020	NW_005082313v1	27647	978379008
scaff_group_020	NW_005082314v1	24741	978403749
scaff_group_020	NW_005082315v1	38098	978441847
scaff_group_020	NW_005082316v1	36160	978478007
scaff_group_020	NW_005082317v1	17658	978495665
scaff_group_020	NW_005082318v1	48656	978544321
scaff_group_020	NW_005082319v1	31544	978575865
scaff_group_020	NW_005082320v1	27147	978603012
scaff_group_020	NW_005082321v1	30717	978633729
scaff_group_020	NW_005082322v1	26809	978660538
scaff_group_020	NW_005082323v1	36534	978697072
scaff_group_020	NW_005082324v1	38253	978735325
scaff_group_020	NW_005082325v1	39458	978774783
scaff_group_020	NW_005082326v1	62773	978837556
scaff_group_020	NW_005082327v1	20866	978858422
scaff_group_020	NW_005082328v1	67255	978925677
scaff_group_020	NW_005082329v1	32202	978957879
scaff_group_020	NW_005082330v1	40730	978998609
scaff_group_020	NW_005082331v1	44891	979043500
scaff_group_020	NW_005082332v1	23792	979067292
scaff_group_020	NW_005082333v1	42207	979109499
scaff_group_020	NW_005082334v1	73725	979183224
scaff_group_020	NW_005082335v1	34785	979218009
scaff_group_020	NW_005082336v1	34525	979252534
scaff_group_020	NW_005082337v1	89869	979342403
scaff_group_020	NW_005082338v1	33669	979376072
scaff_group_020	NW_005082339v1	29378	979405450
scaff_group_020	NW_005082340v1	25186	979430636
scaff_group_020	NW_005082341v1	81296	979511932
scaff_group_020	NW_005082342v1	55331	979567263
scaff_group_020	NW_005082343v1	29849	979597112
scaff_group_020	NW_005082344v1	54430	979651542
scaff_group_020	NW_005082345v1	23561	979675103
scaff_group_020	NW_005082346v1	33835	979708938
scaff_group_020	NW_005082347v1	58812	979767750
scaff_group_020	NW_005082348v1	50030	979817780
scaff_group_020	NW_005082349v1	34467	979852247
scaff_group_020	NW_005082350v1	32656	979884903
scaff_group_020	NW_005082351v1	19675	979904578
scaff_group_020	NW_005082352v1	15830	979920408
scaff_group_020	NW_005082353v1	24784	979945192
scaff_group_020	NW_005082354v1	45418	979990610
scaff_group_020	NW_005082355v1	26760	980017370
scaff_group_020	NW_005082356v1	37058	980054428
scaff_group_020	NW_005082357v1	43403	980097831
scaff_group_020	NW_005082358v1	35915	980133746
scaff_group_020	NW_005082359v1	55750	980189496
scaff_group_020	NW_005082360v1	32448	980221944
scaff_group_020	NW_005082361v1	16419	980238363
scaff_group_020	NW_005082362v1	15918	980254281
scaff_group_020	NW_005082363v1	19466	980273747
scaff_group_020	NW_005082364v1	22753	980296500
scaff_group_020	NW_005082365v1	19457	980315957
scaff_group_020	NW_005082366v1	48533	980364490
scaff_group_020	NW_005082367v1	31845	980396335
scaff_group_020	NW_005082368v1	34771	980431106
scaff_group_020	NW_005082369v1	27228	980458334
scaff_group_020	NW_005082370v1	48344	980506678
scaff_group_020	NW_005082371v1	41392	980548070
scaff_group_020	NW_005082372v1	16722	980564792
scaff_group_020	NW_005082373v1	38171	980602963
scaff_group_020	NW_005082374v1	21239	980624202
scaff_group_020	NW_005082375v1	46239	980670441
scaff_group_020	NW_005082376v1	31377	980701818
scaff_group_020	NW_005082377v1	26603	980728421
scaff_group_020	NW_005082378v1	20417	980748838
scaff_group_020	NW_005082379v1	40406	980789244
scaff_group_020	NW_005082380v1	21275	980810519
scaff_group_020	NW_005082381v1	38429	980848948
scaff_group_020	NW_005082382v1	15115	980864063
scaff_group_020	NW_005082383v1	19666	980883729
scaff_group_020	NW_005082384v1	31766	980915495
scaff_group_020	NW_005082385v1	28295	980943790
scaff_group_020	NW_005082386v1	18158	980961948
scaff_group_020	NW_005082387v1	49281	981011229
scaff_group_020	NW_005082388v1	59704	981070933
scaff_group_020	NW_005082389v1	48255	981119188
scaff_group_020	NW_005082390v1	26007	981145195
scaff_group_020	NW_005082391v1	17983	981163178
scaff_group_020	NW_005082392v1	15099	981178277
scaff_group_020	NW_005082393v1	18308	981196585
scaff_group_020	NW_005082394v1	31554	981228139
scaff_group_020	NW_005082395v1	38151	981266290
scaff_group_020	NW_005082396v1	40009	981306299
scaff_group_020	NW_005082397v1	21881	981328180
scaff_group_020	NW_005082398v1	21785	981349965
scaff_group_020	NW_005082399v1	17256	981367221
scaff_group_020	NW_005082400v1	28057	981395278
scaff_group_020	NW_005082401v1	30888	981426166
scaff_group_020	NW_005082402v1	26339	981452505
scaff_group_020	NW_005082403v1	17808	981470313
scaff_group_020	NW_005082404v1	56411	981526724
scaff_group_020	NW_005082405v1	15339	981542063
scaff_group_020	NW_005082406v1	57262	981599325
scaff_group_020	NW_005082407v1	23127	981622452
scaff_group_020	NW_005082408v1	27046	981649498
scaff_group_020	NW_005082409v1	21104	981670602
scaff_group_020	NW_005082410v1	26791	981697393
scaff_group_020	NW_005082411v1	46790	981744183
scaff_group_020	NW_005082412v1	56024	981800207
scaff_group_020	NW_005082413v1	44220	981844427
scaff_group_020	NW_005082414v1	20475	981864902
scaff_group_020	NW_005082415v1	35735	981900637
scaff_group_020	NW_005082416v1	25070	981925707
scaff_group_020	NW_005082417v1	22834	981948541
scaff_group_020	NW_005082418v1	56780	982005321
scaff_group_020	NW_005082419v1	15787	982021108
scaff_group_020	NW_005082420v1	26610	982047718
scaff_group_020	NW_005082421v1	27050	982074768
scaff_group_020	NW_005082422v1	17250	982092018
scaff_group_020	NW_005082423v1	51268	982143286
scaff_group_020	NW_005082424v1	57842	982201128
scaff_group_020	NW_005082425v1	24808	982225936
scaff_group_020	NW_005082426v1	49916	982275852
scaff_group_020	NW_005082427v1	20960	982296812
scaff_group_020	NW_005082428v1	13287	982310099
scaff_group_020	NW_005082429v1	45672	982355771
scaff_group_020	NW_005082430v1	22866	982378637
scaff_group_020	NW_005082431v1	35608	982414245
scaff_group_020	NW_005082432v1	15108	982429353
scaff_group_020	NW_005082433v1	35311	982464664
scaff_group_020	NW_005082434v1	24400	982489064
scaff_group_020	NW_005082435v1	13985	982503049
scaff_group_020	NW_005082436v1	24147	982527196
scaff_group_020	NW_005082437v1	32491	982559687
scaff_group_020	NW_005082438v1	23103	982582790
scaff_group_020	NW_005082439v1	18369	982601159
scaff_group_020	NW_005082440v1	56851	982658010
scaff_group_020	NW_005082441v1	47095	982705105
scaff_group_020	NW_005082442v1	22251	982727356
scaff_group_020	NW_005082443v1	45140	982772496
scaff_group_020	NW_005082444v1	12264	982784760
scaff_group_020	NW_005082445v1	22532	982807292
scaff_group_020	NW_005082446v1	19194	982826486
scaff_group_020	NW_005082447v1	15652	982842138
scaff_group_020	NW_005082448v1	36907	982879045
scaff_group_020	NW_005082449v1	32734	982911779
scaff_group_020	NW_005082450v1	18599	982930378
scaff_group_020	NW_005082451v1	17693	982948071
scaff_group_020	NW_005082452v1	33090	982981161
scaff_group_020	NW_005082453v1	27964	983009125
scaff_group_020	NW_005082454v1	17986	983027111
scaff_group_020	NW_005082455v1	18708	983045819
scaff_group_020	NW_005082456v1	20076	983065895
scaff_group_020	NW_005082457v1	13920	983079815
scaff_group_020	NW_005082458v1	14377	983094192
scaff_group_020	NW_005082459v1	14902	983109094
scaff_group_020	NW_005082460v1	19032	983128126
scaff_group_020	NW_005082461v1	31651	983159777
scaff_group_020	NW_005082462v1	13221	983172998
scaff_group_020	NW_005082463v1	12833	983185831
scaff_group_020	NW_005082464v1	15330	983201161
scaff_group_020	NW_005082465v1	16601	983217762
scaff_group_020	NW_005082466v1	13524	983231286
scaff_group_020	NW_005082467v1	27424	983258710
scaff_group_020	NW_005082468v1	16126	983274836
scaff_group_020	NW_005082469v1	19693	983294529
scaff_group_020	NW_005082470v1	15943	983310472
scaff_group_020	NW_005082471v1	28593	983339065
scaff_group_020	NW_005082472v1	17192	983356257
scaff_group_020	NW_005082473v1	19492	983375749
scaff_group_020	NW_005082474v1	31261	983407010
scaff_group_020	NW_005082475v1	12767	983419777
scaff_group_020	NW_005082476v1	23734	983443511
scaff_group_020	NW_005082477v1	22149	983465660
scaff_group_020	NW_005082478v1	21813	983487473
scaff_group_020	NW_005082479v1	28061	983515534
scaff_group_020	NW_005082480v1	40614	983556148
scaff_group_020	NW_005082481v1	16278	983572426
scaff_group_020	NW_005082482v1	27761	983600187
scaff_group_020	NW_005082483v1	18271	983618458
scaff_group_020	NW_005082484v1	33359	983651817
scaff_group_020	NW_005082485v1	26429	983678246
scaff_group_020	NW_005082486v1	19030	983697276
scaff_group_020	NW_005082487v1	27946	983725222
scaff_group_020	NW_005082488v1	17696	983742918
scaff_group_020	NW_005082489v1	31623	983774541
scaff_group_020	NW_005082490v1	26796	983801337
scaff_group_020	NW_005082491v1	17049	983818386
scaff_group_020	NW_005082492v1	19555	983837941
scaff_group_020	NW_005082493v1	18441	983856382
scaff_group_020	NW_005082494v1	25105	983881487
scaff_group_020	NW_005082495v1	17892	983899379
scaff_group_020	NW_005082496v1	15984	983915363
scaff_group_020	NW_005082497v1	14445	983929808
scaff_group_020	NW_005082498v1	12178	983941986
scaff_group_020	NW_005082499v1	12707	983954693
scaff_group_020	NW_005082500v1	38930	983993623
scaff_group_020	NW_005082501v1	20247	984013870
scaff_group_020	NW_005082502v1	33690	984047560
scaff_group_020	NW_005082503v1	15679	984063239
scaff_group_020	NW_005082504v1	13038	984076277
scaff_group_020	NW_005082505v1	16896	984093173
scaff_group_020	NW_005082506v1	15874	984109047
scaff_group_020	NW_005082507v1	44247	984153294
scaff_group_020	NW_005082508v1	13928	984167222
scaff_group_020	NW_005082509v1	14416	984181638
scaff_group_020	NW_005082510v1	22645	984204283
scaff_group_020	NW_005082511v1	16177	984220460
scaff_group_020	NW_005082512v1	13914	984234374
scaff_group_020	NW_005082513v1	16168	984250542
scaff_group_020	NW_005082514v1	18653	984269195
scaff_group_020	NW_005082515v1	15860	984285055
scaff_group_020	NW_005082516v1	24605	984309660
scaff_group_020	NW_005082517v1	33411	984343071
scaff_group_020	NW_005082518v1	13898	984356969
scaff_group_020	NW_005082519v1	15727	984372696
scaff_group_020	NW_005082520v1	12884	984385580
scaff_group_020	NW_005082521v1	27155	984412735
scaff_group_020	NW_005082522v1	14090	984426825
scaff_group_020	NW_005082523v1	26333	984453158
scaff_group_020	NW_005082524v1	11517	984464675
scaff_group_020	NW_005082525v1	12761	984477436
scaff_group_020	NW_005082526v1	12821	984490257
scaff_group_020	NW_005082527v1	13403	984503660
scaff_group_020	NW_005082528v1	11080	984514740
scaff_group_020	NW_005082529v1	34475	984549215
scaff_group_020	NW_005082530v1	24775	984573990
scaff_group_020	NW_005082531v1	27601	984601591
scaff_group_020	NW_005082532v1	12921	984614512
scaff_group_020	NW_005082533v1	24208	984638720
scaff_group_020	NW_005082534v1	23779	984662499
scaff_group_020	NW_005082535v1	9858	984672357
scaff_group_020	NW_005082536v1	24534	984696891
scaff_group_020	NW_005082537v1	14560	984711451
scaff_group_020	NW_005082538v1	13322	984724773
scaff_group_020	NW_005082539v1	14715	984739488
scaff_group_020	NW_005082540v1	17393	984756881
scaff_group_020	NW_005082541v1	13243	984770124
scaff_group_020	NW_005082542v1	19101	984789225
scaff_group_020	NW_005082543v1	8643	984797868
scaff_group_020	NW_005082544v1	23161	984821029
scaff_group_020	NW_005082545v1	18027	984839056
scaff_group_020	NW_005082546v1	10798	984849854
scaff_group_020	NW_005082547v1	24231	984874085
scaff_group_020	NW_005082548v1	19885	984893970
scaff_group_020	NW_005082549v1	11712	984905682
scaff_group_020	NW_005082550v1	13557	984919239
scaff_group_020	NW_005082551v1	20998	984940237
scaff_group_020	NW_005082552v1	13619	984953856
scaff_group_020	NW_005082553v1	20679	984974535
scaff_group_020	NW_005082554v1	12488	984987023
scaff_group_020	NW_005082555v1	9613	984996636
scaff_group_020	NW_005082556v1	10939	985007575
scaff_group_020	NW_005082557v1	22427	985030002
scaff_group_020	NW_005082558v1	16716	985046718
scaff_group_020	NW_005082559v1	36284	985083002
scaff_group_020	NW_005082560v1	11557	985094559
scaff_group_020	NW_005082561v1	15137	985109696
scaff_group_020	NW_005082562v1	12637	985122333
scaff_group_020	NW_005082563v1	10729	985133062
scaff_group_020	NW_005082564v1	10718	985143780
scaff_group_020	NW_005082565v1	11926	985155706
scaff_group_020	NW_005082566v1	13159	985168865
scaff_group_020	NW_005082567v1	11764	985180629
scaff_group_020	NW_005082568v1	21820	985202449
scaff_group_020	NW_005082569v1	11221	985213670
scaff_group_020	NW_005082570v1	17546	985231216
scaff_group_020	NW_005082571v1	13226	985244442
scaff_group_020	NW_005082572v1	10065	985254507
scaff_group_020	NW_005082573v1	19915	985274422
scaff_group_020	NW_005082574v1	9162	985283584
scaff_group_020	NW_005082575v1	12713	985296297
scaff_group_020	NW_005082576v1	43417	985339714
scaff_group_020	NW_005082577v1	11632	985351346
scaff_group_020	NW_005082578v1	13863	985365209
scaff_group_020	NW_005082579v1	35686	985400895
scaff_group_020	NW_005082580v1	9515	985410410
scaff_group_020	NW_005082581v1	15668	985426078
scaff_group_020	NW_005082582v1	9809	985435887
scaff_group_020	NW_005082583v1	9817	985445704
scaff_group_020	NW_005082584v1	9770	985455474
scaff_group_020	NW_005082585v1	21002	985476476
scaff_group_020	NW_005082586v1	21229	985497705
scaff_group_020	NW_005082587v1	18540	985516245
scaff_group_020	NW_005082588v1	19741	985535986
scaff_group_020	NW_005082589v1	11625	985547611
scaff_group_020	NW_005082590v1	10614	985558225
scaff_group_020	NW_005082591v1	9126	985567351
scaff_group_020	NW_005082592v1	35865	985603216
scaff_group_020	NW_005082593v1	14810	985618026
scaff_group_020	NW_005082594v1	13512	985631538
scaff_group_020	NW_005082595v1	12997	985644535
scaff_group_020	NW_005082596v1	10886	985655421
scaff_group_020	NW_005082597v1	31165	985686586
scaff_group_020	NW_005082598v1	12964	985699550
scaff_group_020	NW_005082599v1	13418	985712968
scaff_group_020	NW_005082600v1	10416	985723384
scaff_group_020	NW_005082601v1	15802	985739186
scaff_group_020	NW_005082602v1	24906	985764092
scaff_group_020	NW_005082603v1	11957	985776049
scaff_group_020	NW_005082604v1	12947	985788996
scaff_group_020	NW_005082605v1	31676	985820672
scaff_group_020	NW_005082606v1	20813	985841485
scaff_group_020	NW_005082607v1	12626	985854111
scaff_group_020	NW_005082608v1	11779	985865890
scaff_group_020	NW_005082609v1	25571	985891461
scaff_group_020	NW_005082610v1	10810	985902271
scaff_group_020	NW_005082611v1	14235	985916506
scaff_group_020	NW_005082612v1	14746	985931252
scaff_group_020	NW_005082613v1	14698	985945950
scaff_group_020	NW_005082614v1	21805	985967755
scaff_group_020	NW_005082615v1	19664	985987419
scaff_group_020	NW_005082616v1	8863	985996282
scaff_group_020	NW_005082617v1	12585	986008867
scaff_group_020	NW_005082618v1	21456	986030323
scaff_group_020	NW_005082619v1	12010	986042333
scaff_group_020	NW_005082620v1	12202	986054535
scaff_group_020	NW_005082621v1	23966	986078501
scaff_group_020	NW_005082622v1	17065	986095566
scaff_group_020	NW_005082623v1	12093	986107659
scaff_group_020	NW_005082624v1	39329	986146988
scaff_group_020	NW_005082625v1	29847	986176835
scaff_group_020	NW_005082626v1	11119	986187954
scaff_group_020	NW_005082627v1	9718	986197672
scaff_group_020	NW_005082628v1	21815	986219487
scaff_group_020	NW_005082629v1	13081	986232568
scaff_group_020	NW_005082630v1	12213	986244781
scaff_group_020	NW_005082631v1	9705	986254486
scaff_group_020	NW_005082632v1	14578	986269064
scaff_group_020	NW_005082633v1	11054	986280118
scaff_group_020	NW_005082634v1	19911	986300029
scaff_group_020	NW_005082635v1	9576	986309605
scaff_group_020	NW_005082636v1	7701	986317306
scaff_group_020	NW_005082637v1	9562	986326868
scaff_group_020	NW_005082638v1	25608	986352476
scaff_group_020	NW_005082639v1	11914	986364390
scaff_group_020	NW_005082640v1	9475	986373865
scaff_group_020	NW_005082641v1	12479	986386344
scaff_group_020	NW_005082642v1	11315	986397659
scaff_group_020	NW_005082643v1	17477	986415136
scaff_group_020	NW_005082644v1	22109	986437245
scaff_group_020	NW_005082645v1	40957	986478202
scaff_group_020	NW_005082646v1	12739	986490941
scaff_group_020	NW_005082647v1	34912	986525853
scaff_group_020	NW_005082648v1	12081	986537934
scaff_group_020	NW_005082649v1	14936	986552870
scaff_group_020	NW_005082650v1	7770	986560640
scaff_group_020	NW_005082651v1	7249	986567889
scaff_group_020	NW_005082652v1	10756	986578645
scaff_group_020	NW_005082653v1	10478	986589123
scaff_group_020	NW_005082654v1	26303	986615426
scaff_group_020	NW_005082655v1	9850	986625276
scaff_group_020	NW_005082656v1	15266	986640542
scaff_group_020	NW_005082657v1	10371	986650913
scaff_group_020	NW_005082658v1	13932	986664845
scaff_group_020	NW_005082659v1	20806	986685651
scaff_group_020	NW_005082660v1	19064	986704715
scaff_group_020	NW_005082661v1	28432	986733147
scaff_group_020	NW_005082662v1	11636	986744783
scaff_group_020	NW_005082663v1	9232	986754015
scaff_group_020	NW_005082664v1	7826	986761841
scaff_group_020	NW_005082665v1	22108	986783949
scaff_group_020	NW_005082666v1	17701	986801650
scaff_group_020	NW_005082667v1	66873	986868523
scaff_group_020	NW_005082668v1	14839	986883362
scaff_group_020	NW_005082669v1	13256	986896618
scaff_group_020	NW_005082670v1	11854	986908472
scaff_group_020	NW_005082671v1	33044	986941516
scaff_group_020	NW_005082672v1	11184	986952700
scaff_group_020	NW_005082673v1	9175	986961875
scaff_group_020	NW_005082674v1	11261	986973136
scaff_group_020	NW_005082675v1	13648	986986784
scaff_group_020	NW_005082676v1	10958	986997742
scaff_group_020	NW_005082677v1	14059	987011801
scaff_group_020	NW_005082678v1	8950	987020751
scaff_group_020	NW_005082679v1	10139	987030890
scaff_group_020	NW_005082680v1	11864	987042754
scaff_group_020	NW_005082681v1	6905	987049659
scaff_group_020	NW_005082682v1	10907	987060566
scaff_group_020	NW_005082683v1	24725	987085291
scaff_group_020	NW_005082684v1	9480	987094771
scaff_group_020	NW_005082685v1	9998	987104769
scaff_group_020	NW_005082686v1	11606	987116375
scaff_group_020	NW_005082687v1	8472	987124847
scaff_group_020	NW_005082688v1	15667	987140514
scaff_group_020	NW_005082689v1	55578	987196092
scaff_group_020	NW_005082690v1	11297	987207389
scaff_group_020	NW_005082691v1	14156	987221545
scaff_group_020	NW_005082692v1	9833	987231378
scaff_group_020	NW_005082693v1	13465	987244843
scaff_group_020	NW_005082694v1	33767	987278610
scaff_group_020	NW_005082695v1	49501	987328111
scaff_group_020	NW_005082696v1	8906	987337017
scaff_group_020	NW_005082697v1	21077	987358094
scaff_group_020	NW_005082698v1	9976	987368070
scaff_group_020	NW_005082699v1	16658	987384728
scaff_group_020	NW_005082700v1	14838	987399566
scaff_group_020	NW_005082701v1	10395	987409961
scaff_group_020	NW_005082702v1	13467	987423428
scaff_group_020	NW_005082703v1	22416	987445844
scaff_group_020	NW_005082704v1	7419	987453263
scaff_group_020	NW_005082705v1	24483	987477746
scaff_group_020	NW_005082706v1	9063	987486809
scaff_group_020	NW_005082707v1	8804	987495613
scaff_group_020	NW_005082708v1	15980	987511593
scaff_group_020	NW_005082709v1	7015	987518608
scaff_group_020	NW_005082710v1	26662	987545270
scaff_group_020	NW_005082711v1	7056	987552326
scaff_group_020	NW_005082712v1	21686	987574012
scaff_group_020	NW_005082713v1	15452	987589464
scaff_group_020	NW_005082714v1	9330	987598794
scaff_group_020	NW_005082715v1	8770	987607564
scaff_group_020	NW_005082716v1	12973	987620537
scaff_group_020	NW_005082717v1	12183	987632720
scaff_group_020	NW_005082718v1	9008	987641728
scaff_group_020	NW_005082719v1	8120	987649848
scaff_group_020	NW_005082720v1	13822	987663670
scaff_group_020	NW_005082721v1	10685	987674355
scaff_group_020	NW_005082722v1	20299	987694654
scaff_group_020	NW_005082723v1	44287	987738941
scaff_group_020	NW_005082724v1	25272	987764213
scaff_group_020	NW_005082725v1	31813	987796026
scaff_group_020	NW_005082726v1	7742	987803768
scaff_group_020	NW_005082727v1	7964	987811732
scaff_group_020	NW_005082728v1	4894	987816626
scaff_group_020	NW_005082729v1	14467	987831093
scaff_group_020	NW_005082730v1	10101	987841194
scaff_group_020	NW_005082731v1	12461	987853655
scaff_group_020	NW_005082732v1	7470	987861125
scaff_group_020	NW_005082733v1	8321	987869446
scaff_group_020	NW_005082734v1	6969	987876415
scaff_group_020	NW_005082735v1	14205	987890620
scaff_group_020	NW_005082736v1	9891	987900511
scaff_group_020	NW_005082737v1	7351	987907862
scaff_group_020	NW_005082738v1	21385	987929247
scaff_group_020	NW_005082739v1	25352	987954599
scaff_group_020	NW_005082740v1	8038	987962637
scaff_group_020	NW_005082741v1	29466	987992103
scaff_group_020	NW_005082742v1	8375	988000478
scaff_group_020	NW_005082743v1	15114	988015592
scaff_group_020	NW_005082744v1	11028	988026620
scaff_group_020	NW_005082745v1	16362	988042982
scaff_group_020	NW_005082746v1	29054	988072036
scaff_group_020	NW_005082747v1	8547	988080583
scaff_group_020	NW_005082748v1	7703	988088286
scaff_group_020	NW_005082749v1	6879	988095165
scaff_group_020	NW_005082750v1	7842	988103007
scaff_group_020	NW_005082751v1	8991	988111998
scaff_group_020	NW_005082752v1	8433	988120431
scaff_group_020	NW_005082753v1	8003	988128434
scaff_group_020	NW_005082754v1	9005	988137439
scaff_group_020	NW_005082755v1	7961	988145400
scaff_group_020	NW_005082756v1	8501	988153901
scaff_group_020	NW_005082757v1	8501	988162402
scaff_group_020	NW_005082758v1	6131	988168533
scaff_group_020	NW_005082759v1	26614	988195147
scaff_group_020	NW_005082760v1	9881	988205028
scaff_group_020	NW_005082761v1	7959	988212987
scaff_group_020	NW_005082762v1	12601	988225588
scaff_group_020	NW_005082763v1	7169	988232757
scaff_group_020	NW_005082764v1	9039	988241796
scaff_group_020	NW_005082765v1	31349	988273145
scaff_group_020	NW_005082766v1	44098	988317243
scaff_group_020	NW_005082767v1	11110	988328353
scaff_group_020	NW_005082768v1	7044	988335397
scaff_group_020	NW_005082769v1	8163	988343560
scaff_group_020	NW_005082770v1	24139	988367699
scaff_group_020	NW_005082771v1	8818	988376517
scaff_group_020	NW_005082772v1	7112	988383629
scaff_group_020	NW_005082773v1	20891	988404520
scaff_group_020	NW_005082774v1	14907	988419427
scaff_group_020	NW_005082775v1	21437	988440864
scaff_group_020	NW_005082776v1	13697	988454561
scaff_group_020	NW_005082777v1	6915	988461476
scaff_group_020	NW_005082778v1	8351	988469827
scaff_group_020	NW_005082779v1	24397	988494224
scaff_group_020	NW_005082780v1	9448	988503672
scaff_group_020	NW_005082781v1	9054	988512726
scaff_group_020	NW_005082782v1	8958	988521684
scaff_group_020	NW_005082783v1	8390	988530074
scaff_group_020	NW_005082784v1	14189	988544263
scaff_group_020	NW_005082785v1	10535	988554798
scaff_group_020	NW_005082786v1	7969	988562767
scaff_group_020	NW_005082787v1	16909	988579676
scaff_group_020	NW_005082788v1	19679	988599355
scaff_group_020	NW_005082789v1	11670	988611025
scaff_group_020	NW_005082790v1	8358	988619383
scaff_group_020	NW_005082791v1	22187	988641570
scaff_group_020	NW_005082792v1	7316	988648886
scaff_group_020	NW_005082793v1	15403	988664289
scaff_group_020	NW_005082794v1	7843	988672132
scaff_group_020	NW_005082795v1	12092	988684224
scaff_group_020	NW_005082796v1	7129	988691353
scaff_group_020	NW_005082797v1	35207	988726560
scaff_group_020	NW_005082798v1	10310	988736870
scaff_group_020	NW_005082799v1	7311	988744181
scaff_group_020	NW_005082800v1	5203	988749384
scaff_group_020	NW_005082801v1	6574	988755958
scaff_group_020	NW_005082802v1	10712	988766670
scaff_group_020	NW_005082803v1	11167	988777837
scaff_group_020	NW_005082804v1	12735	988790572
scaff_group_020	NW_005082805v1	14223	988804795
scaff_group_020	NW_005082806v1	28871	988833666
scaff_group_020	NW_005082807v1	5272	988838938
scaff_group_020	NW_005082808v1	8165	988847103
scaff_group_020	NW_005082809v1	7339	988854442
scaff_group_020	NW_005082810v1	33098	988887540
scaff_group_020	NW_005082811v1	13508	988901048
scaff_group_020	NW_005082812v1	7334	988908382
scaff_group_020	NW_005082813v1	11477	988919859
scaff_group_020	NW_005082814v1	7116	988926975
scaff_group_020	NW_005082815v1	35262	988962237
scaff_group_020	NW_005082816v1	10191	988972428
scaff_group_020	NW_005082817v1	12675	988985103
scaff_group_020	NW_005082818v1	7625	988992728
scaff_group_020	NW_005082819v1	5490	988998218
scaff_group_020	NW_005082820v1	34261	989032479
scaff_group_020	NW_005082821v1	22605	989055084
scaff_group_020	NW_005082822v1	6424	989061508
scaff_group_020	NW_005082823v1	5671	989067179
scaff_group_020	NW_005082824v1	6663	989073842
scaff_group_020	NW_005082825v1	22052	989095894
scaff_group_020	NW_005082826v1	8072	989103966
scaff_group_020	NW_005082827v1	17349	989121315
scaff_group_020	NW_005082828v1	26377	989147692
scaff_group_020	NW_005082829v1	10586	989158278
scaff_group_020	NW_005082830v1	17962	989176240
scaff_group_020	NW_005082831v1	5834	989182074
scaff_group_020	NW_005082832v1	8491	989190565
scaff_group_020	NW_005082833v1	11884	989202449
scaff_group_020	NW_005082834v1	10131	989212580
scaff_group_020	NW_005082835v1	9934	989222514
scaff_group_020	NW_005082836v1	13250	989235764
scaff_group_020	NW_005082837v1	7031	989242795
scaff_group_020	NW_005082838v1	6541	989249336
scaff_group_020	NW_005082839v1	6981	989256317
scaff_group_020	NW_005082840v1	9724	989266041
scaff_group_020	NW_005082841v1	7796	989273837
scaff_group_020	NW_005082842v1	17742	989291579
scaff_group_020	NW_005082843v1	7966	989299545
scaff_group_020	NW_005082844v1	32841	989332386
scaff_group_020	NW_005082845v1	6249	989338635
scaff_group_020	NW_005082846v1	12403	989351038
scaff_group_020	NW_005082847v1	9016	989360054
scaff_group_020	NW_005082848v1	7948	989368002
scaff_group_020	NW_005082849v1	6542	989374544
scaff_group_020	NW_005082850v1	16793	989391337
scaff_group_020	NW_005082851v1	7917	989399254
scaff_group_020	NW_005082852v1	5557	989404811
scaff_group_020	NW_005082853v1	5886	989410697
scaff_group_020	NW_005082854v1	12215	989422912
scaff_group_020	NW_005082855v1	11053	989433965
scaff_group_020	NW_005082856v1	10786	989444751
scaff_group_020	NW_005082857v1	17676	989462427
scaff_group_020	NW_005082858v1	12708	989475135
scaff_group_020	NW_005082859v1	8404	989483539
scaff_group_020	NW_005082860v1	24385	989507924
scaff_group_020	NW_005082861v1	19879	989527803
scaff_group_020	NW_005082862v1	5048	989532851
scaff_group_020	NW_005082863v1	6078	989538929
scaff_group_020	NW_005082864v1	8181	989547110
scaff_group_020	NW_005082865v1	18815	989565925
scaff_group_020	NW_005082866v1	10760	989576685
scaff_group_020	NW_005082867v1	6577	989583262
scaff_group_020	NW_005082868v1	7747	989591009
scaff_group_020	NW_005082869v1	7629	989598638
scaff_group_020	NW_005082870v1	11674	989610312
scaff_group_020	NW_005082871v1	5463	989615775
scaff_group_020	NW_005082872v1	5813	989621588
scaff_group_020	NW_005082873v1	13028	989634616
scaff_group_020	NW_005082874v1	22763	989657379
scaff_group_020	NW_005082875v1	10305	989667684
scaff_group_020	NW_005082876v1	22520	989690204
scaff_group_020	NW_005082877v1	11452	989701656
scaff_group_020	NW_005082878v1	12456	989714112
scaff_group_020	NW_005082879v1	17676	989731788
scaff_group_020	NW_005082880v1	18042	989749830
scaff_group_020	NW_005082881v1	9869	989759699
scaff_group_020	NW_005082882v1	15372	989775071
scaff_group_020	NW_005082883v1	14534	989789605
scaff_group_020	NW_005082884v1	20546	989810151
scaff_group_020	NW_005082885v1	44431	989854582
scaff_group_020	NW_005082886v1	5616	989860198
scaff_group_020	NW_005082887v1	8897	989869095
scaff_group_020	NW_005082888v1	14685	989883780
scaff_group_020	NW_005082889v1	30063	989913843
scaff_group_020	NW_005082890v1	19242	989933085
scaff_group_020	NW_005082891v1	13059	989946144
scaff_group_020	NW_005082892v1	15037	989961181
scaff_group_020	NW_005082893v1	46356	990007537
scaff_group_020	NW_005082894v1	29852	990037389
scaff_group_020	NW_005082895v1	15601	990052990
scaff_group_020	NW_005082896v1	7434	990060424
scaff_group_020	NW_005082897v1	9543	990069967
scaff_group_020	NW_005082898v1	23549	990093516
scaff_group_020	NW_005082899v1	11392	990104908
scaff_group_020	NW_005082900v1	12067	990116975
scaff_group_020	NW_005082901v1	10047	990127022
scaff_group_020	NW_005082902v1	7400	990134422
scaff_group_020	NW_005082903v1	5864	990140286
scaff_group_020	NW_005082904v1	32558	990172844
scaff_group_020	NW_005082905v1	5407	990178251
scaff_group_020	NW_005082906v1	5802	990184053
scaff_group_020	NW_005082907v1	16987	990201040
scaff_group_020	NW_005082908v1	27453	990228493
scaff_group_020	NW_005082909v1	13171	990241664
scaff_group_020	NW_005082910v1	12878	990254542
scaff_group_020	NW_005082911v1	2865	990257407
scaff_group_020	NW_005082912v1	13594	990271001
scaff_group_020	NW_005082913v1	35175	990306176
scaff_group_020	NW_005082914v1	24890	990331066
scaff_group_020	NW_005082915v1	40751	990371817
scaff_group_020	NW_005082916v1	5179	990376996
scaff_group_020	NW_005082917v1	8956	990385952
scaff_group_020	NW_005082918v1	21351	990407303
scaff_group_020	NW_005082919v1	7968	990415271
scaff_group_020	NW_005082920v1	13479	990428750
scaff_group_020	NW_005082921v1	13643	990442393
scaff_group_020	NW_005082922v1	31632	990474025
scaff_group_020	NW_005082923v1	7214	990481239
scaff_group_020	NW_005082924v1	15614	990496853
scaff_group_020	NW_005082925v1	19164	990516017
scaff_group_020	NW_005082926v1	11055	990527072
scaff_group_020	NW_005082927v1	12293	990539365
scaff_group_020	NW_005082928v1	9652	990549017
scaff_group_020	NW_005082929v1	13172	990562189
scaff_group_020	NW_005082930v1	10084	990572273
scaff_group_020	NW_005082931v1	21922	990594195
scaff_group_020	NW_005082932v1	7189	990601384
scaff_group_020	NW_005082933v1	7189	990608573
scaff_group_020	NW_005082934v1	11291	990619864
scaff_group_020	NW_005082935v1	7490	990627354
scaff_group_020	NW_005082936v1	13269	990640623
scaff_group_020	NW_005082937v1	8175	990648798
scaff_group_020	NW_005082938v1	22995	990671793
scaff_group_020	NW_005082939v1	13642	990685435
scaff_group_020	NW_005082940v1	18010	990703445
scaff_group_020	NW_005082941v1	7072	990710517
scaff_group_020	NW_005082942v1	11434	990721951
scaff_group_020	NW_005082943v1	16204	990738155
scaff_group_020	NW_005082944v1	11931	990750086
scaff_group_020	NW_005082945v1	16747	990766833
scaff_group_020	NW_005082946v1	7516	990774349
scaff_group_020	NW_005082947v1	8247	990782596
scaff_group_020	NW_005082948v1	12970	990795566
scaff_group_020	NW_005082949v1	12838	990808404
scaff_group_020	NW_005082950v1	15538	990823942
scaff_group_020	NW_005082951v1	7270	990831212
scaff_group_020	NW_005082952v1	23511	990854723
scaff_group_020	NW_005082953v1	22845	990877568
scaff_group_020	NW_005082954v1	31429	990908997
scaff_group_020	NW_005082955v1	40604	990949601
scaff_group_020	NW_005082956v1	6977	990956578
scaff_group_020	NW_005082957v1	15411	990971989
scaff_group_020	NW_005082958v1	14195	990986184
scaff_group_020	NW_005082959v1	15771	991001955
scaff_group_020	NW_005082960v1	13339	991015294
scaff_group_020	NW_005082961v1	11487	991026781
scaff_group_020	NW_005082962v1	10962	991037743
scaff_group_020	NW_005082963v1	21346	991059089
scaff_group_020	NW_005082964v1	10841	991069930
scaff_group_020	NW_005082965v1	12031	991081961
scaff_group_020	NW_005082966v1	27192	991109153
scaff_group_020	NW_005082967v1	21217	991130370
scaff_group_020	NW_005082968v1	31185	991161555
scaff_group_020	NW_005082969v1	17126	991178681
scaff_group_020	NW_005082970v1	11506	991190187
scaff_group_020	NW_005082971v1	11053	991201240
scaff_group_020	NW_005082972v1	8778	991210018
scaff_group_020	NW_005082973v1	12278	991222296
scaff_group_020	NW_005082974v1	21886	991244182
scaff_group_020	NW_005082975v1	9575	991253757
scaff_group_020	NW_005082976v1	13500	991267257
scaff_group_020	NW_005082977v1	16338	991283595
scaff_group_020	NW_005082978v1	12571	991296166
scaff_group_020	NW_005082979v1	6767	991302933
scaff_group_020	NW_005082980v1	19277	991322210
scaff_group_020	NW_005082981v1	12473	991334683
scaff_group_020	NW_005082982v1	35990	991370673
scaff_group_020	NW_005082983v1	36722	991407395
scaff_group_020	NW_005082984v1	27951	991435346
scaff_group_020	NW_005082985v1	8694	991444040
scaff_group_020	NW_005082986v1	15857	991459897
scaff_group_020	NW_005082987v1	13738	991473635
scaff_group_020	NW_005082988v1	14231	991487866
scaff_group_020	NW_005082989v1	10919	991498785
scaff_group_020	NW_005082990v1	25747	991524532
scaff_group_020	NW_005082991v1	22306	991546838
scaff_group_020	NW_005082992v1	18607	991565445
scaff_group_020	NW_005082993v1	18366	991583811
scaff_group_020	NW_005082994v1	11316	991595127
scaff_group_020	NW_005082995v1	28691	991623818
scaff_group_020	NW_005082996v1	8764	991632582
scaff_group_020	NW_005082997v1	9124	991641706
scaff_group_020	NW_005082998v1	10059	991651765
scaff_group_020	NW_005082999v1	14228	991665993
scaff_group_020	NW_005083000v1	9891	991675884
scaff_group_020	NW_005083001v1	16925	991692809
scaff_group_020	NW_005083002v1	8526	991701335
scaff_group_020	NW_005083003v1	10215	991711550
scaff_group_020	NW_005083004v1	16455	991728005
scaff_group_020	NW_005083005v1	7647	991735652
scaff_group_020	NW_005083006v1	6502	991742154
scaff_group_020	NW_005083007v1	14253	991756407
scaff_group_020	NW_005083008v1	8689	991765096
scaff_group_020	NW_005083009v1	7976	991773072
scaff_group_020	NW_005083010v1	13454	991786526
scaff_group_020	NW_005083011v1	12983	991799509
scaff_group_020	NW_005083012v1	19678	991819187
scaff_group_020	NW_005083013v1	15038	991834225
scaff_group_020	NW_005083014v1	8921	991843146
scaff_group_020	NW_005083015v1	25601	991868747
scaff_group_020	NW_005083016v1	6425	991875172
scaff_group_020	NW_005083017v1	11208	991886380
scaff_group_020	NW_005083018v1	23320	991909700
scaff_group_020	NW_005083019v1	9699	991919399
scaff_group_020	NW_005083020v1	19284	991938683
scaff_group_020	NW_005083021v1	11032	991949715
scaff_group_020	NW_005083022v1	22414	991972129
scaff_group_020	NW_005083023v1	15058	991987187
scaff_group_020	NW_005083024v1	16741	992003928
scaff_group_020	NW_005083025v1	16264	992020192
scaff_group_020	NW_005083026v1	8953	992029145
scaff_group_020	NW_005083027v1	6649	992035794
scaff_group_020	NW_005083028v1	11034	992046828
scaff_group_020	NW_005083029v1	13100	992059928
scaff_group_020	NW_005083030v1	6339	992066267
scaff_group_020	NW_005083031v1	17759	992084026
scaff_group_020	NW_005083032v1	10768	992094794
scaff_group_020	NW_005083033v1	6276	992101070
scaff_group_020	NW_005083034v1	19150	992120220
scaff_group_020	NW_005083035v1	12475	992132695
scaff_group_020	NW_005083036v1	10228	992142923
scaff_group_020	NW_005083037v1	17663	992160586
scaff_group_020	NW_005083038v1	16088	992176674
scaff_group_020	NW_005083039v1	6183	992182857
scaff_group_020	NW_005083040v1	18120	992200977
scaff_group_020	NW_005083041v1	27533	992228510
scaff_group_020	NW_005083042v1	8650	992237160
scaff_group_020	NW_005083043v1	25500	992262660
scaff_group_020	NW_005083044v1	11737	992274397
scaff_group_020	NW_005083045v1	14053	992288450
scaff_group_020	NW_005083046v1	15941	992304391
scaff_group_020	NW_005083047v1	37901	992342292
scaff_group_020	NW_005083048v1	11521	992353813
scaff_group_020	NW_005083049v1	9901	992363714
scaff_group_020	NW_005083050v1	11223	992374937
scaff_group_020	NW_005083051v1	7195	992382132
scaff_group_020	NW_005083052v1	8633	992390765
scaff_group_020	NW_005083053v1	10775	992401540
scaff_group_020	NW_005083054v1	6122	992407662
scaff_group_020	NW_005083055v1	6122	992413784
scaff_group_020	NW_005083056v1	12905	992426689
scaff_group_020	NW_005083057v1	26802	992453491
scaff_group_020	NW_005083058v1	5813	992459304
scaff_group_020	NW_005083059v1	35175	992494479
scaff_group_020	NW_005083060v1	11426	992505905
scaff_group_020	NW_005083061v1	41112	992547017
scaff_group_020	NW_005083062v1	7357	992554374
scaff_group_020	NW_005083063v1	8685	992563059
scaff_group_020	NW_005083064v1	6063	992569122
scaff_group_020	NW_005083065v1	8093	992577215
scaff_group_020	NW_005083066v1	5887	992583102
scaff_group_020	NW_005083067v1	9874	992592976
scaff_group_020	NW_005083068v1	16079	992609055
scaff_group_020	NW_005083069v1	17158	992626213
scaff_group_020	NW_005083070v1	9043	992635256
scaff_group_020	NW_005083071v1	7039	992642295
scaff_group_020	NW_005083072v1	6202	992648497
scaff_group_020	NW_005083073v1	8566	992657063
scaff_group_020	NW_005083074v1	7593	992664656
scaff_group_020	NW_005083075v1	9346	992674002
scaff_group_020	NW_005083076v1	31223	992705225
scaff_group_020	NW_005083077v1	10693	992715918
scaff_group_020	NW_005083078v1	6514	992722432
scaff_group_020	NW_005083079v1	14583	992737015
scaff_group_020	NW_005083080v1	5932	992742947
scaff_group_020	NW_005083081v1	5932	992748879
scaff_group_020	NW_005083082v1	15022	992763901
scaff_group_020	NW_005083083v1	6830	992770731
scaff_group_020	NW_005083084v1	18937	992789668
scaff_group_020	NW_005083085v1	9395	992799063
scaff_group_020	NW_005083086v1	6278	992805341
scaff_group_020	NW_005083087v1	8984	992814325
scaff_group_020	NW_005083088v1	15957	992830282
scaff_group_020	NW_005083089v1	33744	992864026
scaff_group_020	NW_005083090v1	17923	992881949
scaff_group_020	NW_005083091v1	5880	992887829
scaff_group_020	NW_005083092v1	5874	992893703
scaff_group_020	NW_005083093v1	7669	992901372
scaff_group_020	NW_005083094v1	11256	992912628
scaff_group_020	NW_005083095v1	9939	992922567
scaff_group_020	NW_005083096v1	20841	992943408
scaff_group_020	NW_005083097v1	5868	992949276
scaff_group_020	NW_005083098v1	10505	992959781
scaff_group_020	NW_005083099v1	8274	992968055
scaff_group_020	NW_005083100v1	12648	992980703
scaff_group_020	NW_005083101v1	8267	992988970
scaff_group_020	NW_005083102v1	10921	992999891
scaff_group_020	NW_005083103v1	5797	993005688
scaff_group_020	NW_005083104v1	39711	993045399
scaff_group_020	NW_005083105v1	24224	993069623
scaff_group_020	NW_005083106v1	7472	993077095
scaff_group_020	NW_005083107v1	5929	993083024
scaff_group_020	NW_005083108v1	5746	993088770
scaff_group_020	NW_005083109v1	9504	993098274
scaff_group_020	NW_005083110v1	8885	993107159
scaff_group_020	NW_005083111v1	8294	993115453
scaff_group_020	NW_005083112v1	5642	993121095
scaff_group_020	NW_005083113v1	17453	993138548
scaff_group_020	NW_005083114v1	8784	993147332
scaff_group_020	NW_005083115v1	18095	993165427
scaff_group_020	NW_005083116v1	17648	993183075
scaff_group_020	NW_005083117v1	5112	993188187
scaff_group_020	NW_005083118v1	7251	993195438
scaff_group_020	NW_005083119v1	18216	993213654
scaff_group_020	NW_005083120v1	25911	993239565
scaff_group_020	NW_005083121v1	7564	993247129
scaff_group_020	NW_005083122v1	5641	993252770
scaff_group_020	NW_005083123v1	5641	993258411
scaff_group_020	NW_005083124v1	15791	993274202
scaff_group_020	NW_005083125v1	9867	993284069
scaff_group_020	NW_005083126v1	23688	993307757
scaff_group_020	NW_005083127v1	8990	993316747
scaff_group_020	NW_005083128v1	6352	993323099
scaff_group_020	NW_005083129v1	22365	993345464
scaff_group_020	NW_005083130v1	14276	993359740
scaff_group_020	NW_005083131v1	6717	993366457
scaff_group_020	NW_005083132v1	5599	993372056
scaff_group_020	NW_005083133v1	6977	993379033
scaff_group_020	NW_005083134v1	7870	993386903
scaff_group_020	NW_005083135v1	26169	993413072
scaff_group_020	NW_005083136v1	16521	993429593
scaff_group_020	NW_005083137v1	5564	993435157
scaff_group_020	NW_005083138v1	23629	993458786
scaff_group_020	NW_005083139v1	5556	993464342
scaff_group_020	NW_005083140v1	15825	993480167
scaff_group_020	NW_005083141v1	10196	993490363
scaff_group_020	NW_005083142v1	5554	993495917
scaff_group_020	NW_005083143v1	9464	993505381
scaff_group_020	NW_005083144v1	12811	993518192
scaff_group_020	NW_005083145v1	7783	993525975
scaff_group_020	NW_005083146v1	10932	993536907
scaff_group_020	NW_005083147v1	15368	993552275
scaff_group_020	NW_005083148v1	8827	993561102
scaff_group_020	NW_005083149v1	10165	993571267
scaff_group_020	NW_005083150v1	33264	993604531
scaff_group_020	NW_005083151v1	12362	993616893
scaff_group_020	NW_005083152v1	6150	993623043
scaff_group_020	NW_005083153v1	19618	993642661
scaff_group_020	NW_005083154v1	16481	993659142
scaff_group_020	NW_005083155v1	29228	993688370
scaff_group_020	NW_005083156v1	5491	993693861
scaff_group_020	NW_005083157v1	17634	993711495
scaff_group_020	NW_005083158v1	10131	993721626
scaff_group_020	NW_005083159v1	6149	993727775
scaff_group_020	NW_005083160v1	7723	993735498
scaff_group_020	NW_005083161v1	20981	993756479
scaff_group_020	NW_005083162v1	5452	993761931
scaff_group_020	NW_005083163v1	26295	993788226
scaff_group_020	NW_005083164v1	12290	993800516
scaff_group_020	NW_005083165v1	13681	993814197
scaff_group_020	NW_005083166v1	23907	993838104
scaff_group_020	NW_005083167v1	13041	993851145
scaff_group_020	NW_005083168v1	5366	993856511
scaff_group_020	NW_005083169v1	9522	993866033
scaff_group_020	NW_005083170v1	6807	993872840
scaff_group_020	NW_005083171v1	5420	993878260
scaff_group_020	NW_005083172v1	5830	993884090
scaff_group_020	NW_005083173v1	5403	993889493
scaff_group_020	NW_005083174v1	5400	993894893
scaff_group_020	NW_005083175v1	6228	993901121
scaff_group_020	NW_005083176v1	12290	993913411
scaff_group_020	NW_005083177v1	11785	993925196
scaff_group_020	NW_005083178v1	8679	993933875
scaff_group_020	NW_005083179v1	10455	993944330
scaff_group_020	NW_005083180v1	5274	993949604
scaff_group_020	NW_005083181v1	7707	993957311
scaff_group_020	NW_005083182v1	5209	993962520
scaff_group_020	NW_005083183v1	5244	993967764
scaff_group_020	NW_005083184v1	10873	993978637
scaff_group_020	NW_005083185v1	12633	993991270
scaff_group_020	NW_005083186v1	39577	994030847
scaff_group_020	NW_005083187v1	24957	994055804
scaff_group_020	NW_005083188v1	5989	994061793
scaff_group_020	NW_005083189v1	6095	994067888
scaff_group_020	NW_005083190v1	12908	994080796
scaff_group_020	NW_005083191v1	4837	994085633
scaff_group_020	NW_005083192v1	5239	994090872
scaff_group_020	NW_005083193v1	5209	994096081
scaff_group_020	NW_005083194v1	6440	994102521
scaff_group_020	NW_005083195v1	6300	994108821
scaff_group_020	NW_005083196v1	18806	994127627
scaff_group_020	NW_005083197v1	10040	994137667
scaff_group_020	NW_005083198v1	12635	994150302
scaff_group_020	NW_005083199v1	4606	994154908
scaff_group_020	NW_005083200v1	10955	994165863
scaff_group_020	NW_005083201v1	10955	994176818
scaff_group_020	NW_005083202v1	7518	994184336
scaff_group_020	NW_005083203v1	5117	994189453
scaff_group_020	NW_005083204v1	5984	994195437
scaff_group_020	NW_005083205v1	7628	994203065
scaff_group_020	NW_005083206v1	24901	994227966
scaff_group_020	NW_005083207v1	20316	994248282
scaff_group_020	NW_005083208v1	22665	994270947
scaff_group_020	NW_005083209v1	12222	994283169
scaff_group_020	NW_005083210v1	10592	994293761
scaff_group_020	NW_005083211v1	5399	994299160
scaff_group_020	NW_005083212v1	7282	994306442
scaff_group_020	NW_005083213v1	20922	994327364
scaff_group_020	NW_005083214v1	14738	994342102
scaff_group_020	NW_005083215v1	5740	994347842
scaff_group_020	NW_005083216v1	5968	994353810
scaff_group_020	NW_005083217v1	4944	994358754
scaff_group_020	NW_005083218v1	5045	994363799
scaff_group_020	NW_005083219v1	7532	994371331
scaff_group_020	NW_005083220v1	5852	994377183
scaff_group_020	NW_005083221v1	5026	994382209
scaff_group_020	NW_005083222v1	8141	994390350
scaff_group_020	NW_005083223v1	13950	994404300
scaff_group_020	NW_005083224v1	9416	994413716
scaff_group_020	NW_005083225v1	20269	994433985
scaff_group_020	NW_005083226v1	15784	994449769
scaff_group_020	NW_005083227v1	6267	994456036
scaff_group_020	NW_005083228v1	12606	994468642
scaff_group_020	NW_005083229v1	8619	994477261
scaff_group_020	NW_005083230v1	4907	994482168
scaff_group_020	NW_005083231v1	9112	994491280
scaff_group_020	NW_005083232v1	8540	994499820
scaff_group_020	NW_005083233v1	9525	994509345
scaff_group_020	NW_005083234v1	24804	994534149
scaff_group_020	NW_005083235v1	11767	994545916
scaff_group_020	NW_005083236v1	8045	994553961
scaff_group_020	NW_005083237v1	6288	994560249
scaff_group_020	NW_005083238v1	5653	994565902
scaff_group_020	NW_005083239v1	12589	994578491
scaff_group_020	NW_005083240v1	4835	994583326
scaff_group_020	NW_005083241v1	5252	994588578
scaff_group_020	NW_005083242v1	8829	994597407
scaff_group_020	NW_005083243v1	7156	994604563
scaff_group_020	NW_005083244v1	3954	994608517
scaff_group_020	NW_005083245v1	5288	994613805
scaff_group_020	NW_005083246v1	4979	994618784
scaff_group_020	NW_005083247v1	4852	994623636
scaff_group_020	NW_005083248v1	12115	994635751
scaff_group_020	NW_005083249v1	10513	994646264
scaff_group_020	NW_005083250v1	8254	994654518
scaff_group_020	NW_005083251v1	10901	994665419
scaff_group_020	NW_005083252v1	4831	994670250
scaff_group_020	NW_005083253v1	14181	994684431
scaff_group_020	NW_005083254v1	14501	994698932
scaff_group_020	NW_005083255v1	20050	994718982
scaff_group_020	NW_005083256v1	7336	994726318
scaff_group_020	NW_005083257v1	6319	994732637
scaff_group_020	NW_005083258v1	4309	994736946
scaff_group_020	NW_005083259v1	10675	994747621
scaff_group_020	NW_005083260v1	20923	994768544
scaff_group_020	NW_005083261v1	4712	994773256
scaff_group_020	NW_005083262v1	7148	994780404
scaff_group_020	NW_005083263v1	5343	994785747
scaff_group_020	NW_005083264v1	7112	994792859
scaff_group_020	NW_005083265v1	29293	994822152
scaff_group_020	NW_005083266v1	14650	994836802
scaff_group_020	NW_005083267v1	12848	994849650
scaff_group_020	NW_005083268v1	6168	994855818
scaff_group_020	NW_005083269v1	13907	994869725
scaff_group_020	NW_005083270v1	25345	994895070
scaff_group_020	NW_005083271v1	4675	994899745
scaff_group_020	NW_005083272v1	5467	994905212
scaff_group_020	NW_005083273v1	8190	994913402
scaff_group_020	NW_005083274v1	4651	994918053
scaff_group_020	NW_005083275v1	9754	994927807
scaff_group_020	NW_005083276v1	5361	994933168
scaff_group_020	NW_005083277v1	31935	994965103
scaff_group_020	NW_005083278v1	14478	994979581
scaff_group_020	NW_005083279v1	23382	995002963
scaff_group_020	NW_005083280v1	18960	995021923
scaff_group_020	NW_005083281v1	9394	995031317
scaff_group_020	NW_005083282v1	14551	995045868
scaff_group_020	NW_005083283v1	12907	995058775
scaff_group_020	NW_005083284v1	17974	995076749
scaff_group_020	NW_005083285v1	8366	995085115
scaff_group_020	NW_005083286v1	8397	995093512
scaff_group_020	NW_005083287v1	5319	995098831
scaff_group_020	NW_005083288v1	7822	995106653
scaff_group_020	NW_005083289v1	7113	995113766
scaff_group_020	NW_005083290v1	8036	995121802
scaff_group_020	NW_005083291v1	18178	995139980
scaff_group_020	NW_005083292v1	4894	995144874
scaff_group_020	NW_005083293v1	5470	995150344
scaff_group_020	NW_005083294v1	13519	995163863
scaff_group_020	NW_005083295v1	12881	995176744
scaff_group_020	NW_005083296v1	9540	995186284
scaff_group_020	NW_005083297v1	21567	995207851
scaff_group_020	NW_005083298v1	11633	995219484
scaff_group_020	NW_005083299v1	28186	995247670
scaff_group_020	NW_005083300v1	4406	995252076
scaff_group_020	NW_005083301v1	4517	995256593
scaff_group_020	NW_005083302v1	4514	995261107
scaff_group_020	NW_005083303v1	4858	995265965
scaff_group_020	NW_005083304v1	13919	995279884
scaff_group_020	NW_005083305v1	6021	995285905
scaff_group_020	NW_005083306v1	4825	995290730
scaff_group_020	NW_005083307v1	4605	995295335
scaff_group_020	NW_005083308v1	4499	995299834
scaff_group_020	NW_005083309v1	11709	995311543
scaff_group_020	NW_005083310v1	10420	995321963
scaff_group_020	NW_005083311v1	5717	995327680
scaff_group_020	NW_005083312v1	11680	995339360
scaff_group_020	NW_005083313v1	5951	995345311
scaff_group_020	NW_005083314v1	4047	995349358
scaff_group_020	NW_005083315v1	16164	995365522
scaff_group_020	NW_005083316v1	5692	995371214
scaff_group_020	NW_005083317v1	4491	995375705
scaff_group_020	NW_005083318v1	30997	995406702
scaff_group_020	NW_005083319v1	7730	995414432
scaff_group_020	NW_005083320v1	4479	995418911
scaff_group_020	NW_005083321v1	28941	995447852
scaff_group_020	NW_005083322v1	5648	995453500
scaff_group_020	NW_005083323v1	5785	995459285
scaff_group_020	NW_005083324v1	5597	995464882
scaff_group_020	NW_005083325v1	9605	995474487
scaff_group_020	NW_005083326v1	10214	995484701
scaff_group_020	NW_005083327v1	4439	995489140
scaff_group_020	NW_005083328v1	4798	995493938
scaff_group_020	NW_005083329v1	17433	995511371
scaff_group_020	NW_005083330v1	8987	995520358
scaff_group_020	NW_005083331v1	10344	995530702
scaff_group_020	NW_005083332v1	12273	995542975
scaff_group_020	NW_005083333v1	5178	995548153
scaff_group_020	NW_005083334v1	12342	995560495
scaff_group_020	NW_005083335v1	5046	995565541
scaff_group_020	NW_005083336v1	4321	995569862
scaff_group_020	NW_005083337v1	9895	995579757
scaff_group_020	NW_005083338v1	6145	995585902
scaff_group_020	NW_005083339v1	4364	995590266
scaff_group_020	NW_005083340v1	4362	995594628
scaff_group_020	NW_005083341v1	22521	995617149
scaff_group_020	NW_005083342v1	7551	995624700
scaff_group_020	NW_005083343v1	4295	995628995
scaff_group_020	NW_005083344v1	4503	995633498
scaff_group_020	NW_005083345v1	30288	995663786
scaff_group_020	NW_005083346v1	5750	995669536
scaff_group_020	NW_005083347v1	9712	995679248
scaff_group_020	NW_005083348v1	8916	995688164
scaff_group_020	NW_005083349v1	4298	995692462
scaff_group_020	NW_005083350v1	14685	995707147
scaff_group_020	NW_005083351v1	4320	995711467
scaff_group_020	NW_005083352v1	14851	995726318
scaff_group_020	NW_005083353v1	4509	995730827
scaff_group_020	NW_005083354v1	6645	995737472
scaff_group_020	NW_005083355v1	7177	995744649
scaff_group_020	NW_005083356v1	5835	995750484
scaff_group_020	NW_005083357v1	6547	995757031
scaff_group_020	NW_005083358v1	7280	995764311
scaff_group_020	NW_005083359v1	4285	995768596
scaff_group_020	NW_005083360v1	9548	995778144
scaff_group_020	NW_005083361v1	6947	995785091
scaff_group_020	NW_005083362v1	11725	995796816
scaff_group_020	NW_005083363v1	6167	995802983
scaff_group_020	NW_005083364v1	4225	995807208
scaff_group_020	NW_005083365v1	6732	995813940
scaff_group_020	NW_005083366v1	4185	995818125
scaff_group_020	NW_005083367v1	4247	995822372
scaff_group_020	NW_005083368v1	10640	995833012
scaff_group_020	NW_005083369v1	5659	995838671
scaff_group_020	NW_005083370v1	10619	995849290
scaff_group_020	NW_005083371v1	4225	995853515
scaff_group_020	NW_005083372v1	4110	995857625
scaff_group_020	NW_005083373v1	5892	995863517
scaff_group_020	NW_005083374v1	4156	995867673
scaff_group_020	NW_005083375v1	4119	995871792
scaff_group_020	NW_005083376v1	8729	995880521
scaff_group_020	NW_005083377v1	5072	995885593
scaff_group_020	NW_005083378v1	6435	995892028
scaff_group_020	NW_005083379v1	5125	995897153
scaff_group_020	NW_005083380v1	6012	995903165
scaff_group_020	NW_005083381v1	5938	995909103
scaff_group_020	NW_005083382v1	8782	995917885
scaff_group_020	NW_005083383v1	6142	995924027
scaff_group_020	NW_005083384v1	7042	995931069
scaff_group_020	NW_005083385v1	4762	995935831
scaff_group_020	NW_005083386v1	4173	995940004
scaff_group_020	NW_005083387v1	6130	995946134
scaff_group_020	NW_005083388v1	4598	995950732
scaff_group_020	NW_005083389v1	4168	995954900
scaff_group_020	NW_005083390v1	4896	995959796
scaff_group_020	NW_005083391v1	7875	995967671
scaff_group_020	NW_005083392v1	3550	995971221
scaff_group_020	NW_005083393v1	5437	995976658
scaff_group_020	NW_005083394v1	5739	995982397
scaff_group_020	NW_005083395v1	4099	995986496
scaff_group_020	NW_005083396v1	4139	995990635
scaff_group_020	NW_005083397v1	16113	996006748
scaff_group_020	NW_005083398v1	4975	996011723
scaff_group_020	NW_005083399v1	6227	996017950
scaff_group_020	NW_005083400v1	9021	996026971
scaff_group_020	NW_005083401v1	22302	996049273
scaff_group_020	NW_005083402v1	4053	996053326
scaff_group_020	NW_005083403v1	7866	996061192
scaff_group_020	NW_005083404v1	10084	996071276
scaff_group_020	NW_005083405v1	5077	996076353
scaff_group_020	NW_005083406v1	5703	996082056
scaff_group_020	NW_005083407v1	8012	996090068
scaff_group_020	NW_005083408v1	5239	996095307
scaff_group_020	NW_005083409v1	4381	996099688
scaff_group_020	NW_005083410v1	14332	996114020
scaff_group_020	NW_005083411v1	13066	996127086
scaff_group_020	NW_005083412v1	5600	996132686
scaff_group_020	NW_005083413v1	11390	996144076
scaff_group_020	NW_005083414v1	4775	996148851
scaff_group_020	NW_005083415v1	28412	996177263
scaff_group_020	NW_005083416v1	4082	996181345
scaff_group_020	NW_005083417v1	4987	996186332
scaff_group_020	NW_005083418v1	5113	996191445
scaff_group_020	NW_005083419v1	5895	996197340
scaff_group_020	NW_005083420v1	4121	996201461
scaff_group_020	NW_005083421v1	19783	996221244
scaff_group_020	NW_005083422v1	3807	996225051
scaff_group_020	NW_005083423v1	4063	996229114
scaff_group_020	NW_005083424v1	4978	996234092
scaff_group_020	NW_005083425v1	5599	996239691
scaff_group_020	NW_005083426v1	9077	996248768
scaff_group_020	NW_005083427v1	4419	996253187
scaff_group_020	NW_005083428v1	7696	996260883
scaff_group_020	NW_005083429v1	4774	996265657
scaff_group_020	NW_005083430v1	5113	996270770
scaff_group_020	NW_005083431v1	4980	996275750
scaff_group_020	NW_005083432v1	3988	996279738
scaff_group_020	NW_005083433v1	5279	996285017
scaff_group_020	NW_005083434v1	9756	996294773
scaff_group_020	NW_005083435v1	3998	996298771
scaff_group_020	NW_005083436v1	5027	996303798
scaff_group_020	NW_005083437v1	6658	996310456
scaff_group_020	NW_005083438v1	4575	996315031
scaff_group_020	NW_005083439v1	4758	996319789
scaff_group_020	NW_005083440v1	5016	996324805
scaff_group_020	NW_005083441v1	5108	996329913
scaff_group_020	NW_005083442v1	8957	996338870
scaff_group_020	NW_005083443v1	5976	996344846
scaff_group_020	NW_005083444v1	3958	996348804
scaff_group_020	NW_005083445v1	13280	996362084
scaff_group_020	NW_005083446v1	4684	996366768
scaff_group_020	NW_005083447v1	9897	996376665
scaff_group_020	NW_005083448v1	3955	996380620
scaff_group_020	NW_005083449v1	3142	996383762
scaff_group_020	NW_005083450v1	6214	996389976
scaff_group_020	NW_005083451v1	9618	996399594
scaff_group_020	NW_005083452v1	6959	996406553
scaff_group_020	NW_005083453v1	23364	996429917
scaff_group_020	NW_005083454v1	5936	996435853
scaff_group_020	NW_005083455v1	8793	996444646
scaff_group_020	NW_005083456v1	9559	996454205
scaff_group_020	NW_005083457v1	3871	996458076
scaff_group_020	NW_005083458v1	5992	996464068
scaff_group_020	NW_005083459v1	10405	996474473
scaff_group_020	NW_005083460v1	5600	996480073
scaff_group_020	NW_005083461v1	3857	996483930
scaff_group_020	NW_005083462v1	3729	996487659
scaff_group_020	NW_005083463v1	5016	996492675
scaff_group_020	NW_005083464v1	3899	996496574
scaff_group_020	NW_005083465v1	4800	996501374
scaff_group_020	NW_005083466v1	4512	996505886
scaff_group_020	NW_005083467v1	3842	996509728
scaff_group_020	NW_005083468v1	20033	996529761
scaff_group_020	NW_005083469v1	3781	996533542
scaff_group_020	NW_005083470v1	9945	996543487
scaff_group_020	NW_005083471v1	13916	996557403
scaff_group_020	NW_005083472v1	5510	996562913
scaff_group_020	NW_005083473v1	32352	996595265
scaff_group_020	NW_005083474v1	13017	996608282
scaff_group_020	NW_005083475v1	10801	996619083
scaff_group_020	NW_005083476v1	4863	996623946
scaff_group_020	NW_005083477v1	3440	996627386
scaff_group_020	NW_005083478v1	25237	996652623
scaff_group_020	NW_005083479v1	7053	996659676
scaff_group_020	NW_005083480v1	4461	996664137
scaff_group_020	NW_005083481v1	3513	996667650
scaff_group_020	NW_005083482v1	3832	996671482
scaff_group_020	NW_005083483v1	11507	996682989
scaff_group_020	NW_005083484v1	3794	996686783
scaff_group_020	NW_005083485v1	11028	996697811
scaff_group_020	NW_005083486v1	4630	996702441
scaff_group_020	NW_005083487v1	4287	996706728
scaff_group_020	NW_005083488v1	3715	996710443
scaff_group_020	NW_005083489v1	4689	996715132
scaff_group_020	NW_005083490v1	4440	996719572
scaff_group_020	NW_005083491v1	8510	996728082
scaff_group_020	NW_005083492v1	15152	996743234
scaff_group_020	NW_005083493v1	7190	996750424
scaff_group_020	NW_005083494v1	20750	996771174
scaff_group_020	NW_005083495v1	18851	996790025
scaff_group_020	NW_005083496v1	8739	996798764
scaff_group_020	NW_005083497v1	3310	996802074
scaff_group_020	NW_005083498v1	4510	996806584
scaff_group_020	NW_005083499v1	3672	996810256
scaff_group_020	NW_005083500v1	3756	996814012
scaff_group_020	NW_005083501v1	2400	996816412
scaff_group_020	NW_005083502v1	3516	996819928
scaff_group_020	NW_005083503v1	10377	996830305
scaff_group_020	NW_005083504v1	6391	996836696
scaff_group_020	NW_005083505v1	22585	996859281
scaff_group_020	NW_005083506v1	6058	996865339
scaff_group_020	NW_005083507v1	5297	996870636
scaff_group_020	NW_005083508v1	7187	996877823
scaff_group_020	NW_005083509v1	8635	996886458
scaff_group_020	NW_005083510v1	13448	996899906
scaff_group_020	NW_005083511v1	5054	996904960
scaff_group_020	NW_005083512v1	6911	996911871
scaff_group_020	NW_005083513v1	9350	996921221
scaff_group_020	NW_005083514v1	5787	996927008
scaff_group_020	NW_005083515v1	3562	996930570
scaff_group_020	NW_005083516v1	8482	996939052
scaff_group_020	NW_005083517v1	3675	996942727
scaff_group_020	NW_005083518v1	12607	996955334
scaff_group_020	NW_005083519v1	12317	996967651
scaff_group_020	NW_005083520v1	15063	996982714
scaff_group_020	NW_005083521v1	3384	996986098
scaff_group_020	NW_005083522v1	4119	996990217
scaff_group_020	NW_005083523v1	12626	997002843
scaff_group_020	NW_005083524v1	3887	997006730
scaff_group_020	NW_005083525v1	3400	997010130
scaff_group_020	NW_005083526v1	3655	997013785
scaff_group_020	NW_005083527v1	7470	997021255
scaff_group_020	NW_005083528v1	11133	997032388
scaff_group_020	NW_005083529v1	3642	997036030
scaff_group_020	NW_005083530v1	6973	997043003
scaff_group_020	NW_005083531v1	3645	997046648
scaff_group_020	NW_005083532v1	23288	997069936
scaff_group_020	NW_005083533v1	3688	997073624
scaff_group_020	NW_005083534v1	4478	997078102
scaff_group_020	NW_005083535v1	3710	997081812
scaff_group_020	NW_005083536v1	3624	997085436
scaff_group_020	NW_005083537v1	5959	997091395
scaff_group_020	NW_005083538v1	2801	997094196
scaff_group_020	NW_005083539v1	6924	997101120
scaff_group_020	NW_005083540v1	3633	997104753
scaff_group_020	NW_005083541v1	3670	997108423
scaff_group_020	NW_005083542v1	4687	997113110
scaff_group_020	NW_005083543v1	11149	997124259
scaff_group_020	NW_005083544v1	7260	997131519
scaff_group_020	NW_005083545v1	26677	997158196
scaff_group_020	NW_005083546v1	19498	997177694
scaff_group_020	NW_005083547v1	4430	997182124
scaff_group_020	NW_005083548v1	3598	997185722
scaff_group_020	NW_005083549v1	3607	997189329
scaff_group_020	NW_005083550v1	5038	997194367
scaff_group_020	NW_005083551v1	2806	997197173
scaff_group_020	NW_005083552v1	3811	997200984
scaff_group_020	NW_005083553v1	4260	997205244
scaff_group_020	NW_005083554v1	3580	997208824
scaff_group_020	NW_005083555v1	4380	997213204
scaff_group_020	NW_005083556v1	3515	997216719
scaff_group_020	NW_005083557v1	5719	997222438
scaff_group_020	NW_005083558v1	4551	997226989
scaff_group_020	NW_005083559v1	5200	997232189
scaff_group_020	NW_005083560v1	5212	997237401
scaff_group_020	NW_005083561v1	6210	997243611
scaff_group_020	NW_005083562v1	4124	997247735
scaff_group_020	NW_005083563v1	3356	997251091
scaff_group_020	NW_005083564v1	16483	997267574
scaff_group_020	NW_005083565v1	8891	997276465
scaff_group_020	NW_005083566v1	9368	997285833
scaff_group_020	NW_005083567v1	3606	997289439
scaff_group_020	NW_005083568v1	9940	997299379
scaff_group_020	NW_005083569v1	4526	997303905
scaff_group_020	NW_005083570v1	3787	997307692
scaff_group_020	NW_005083571v1	9945	997317637
scaff_group_020	NW_005083572v1	9989	997327626
scaff_group_020	NW_005083573v1	4601	997332227
scaff_group_020	NW_005083574v1	5838	997338065
scaff_group_020	NW_005083575v1	4325	997342390
scaff_group_020	NW_005083576v1	4999	997347389
scaff_group_020	NW_005083577v1	4454	997351843
scaff_group_020	NW_005083578v1	3561	997355404
scaff_group_020	NW_005083579v1	2279	997357683
scaff_group_020	NW_005083580v1	4180	997361863
scaff_group_020	NW_005083581v1	3327	997365190
scaff_group_020	NW_005083582v1	3539	997368729
scaff_group_020	NW_005083583v1	7386	997376115
scaff_group_020	NW_005083584v1	5498	997381613
scaff_group_020	NW_005083585v1	3401	997385014
scaff_group_020	NW_005083586v1	3825	997388839
scaff_group_020	NW_005083587v1	16373	997405212
scaff_group_020	NW_005083588v1	3437	997408649
scaff_group_020	NW_005083589v1	8744	997417393
scaff_group_020	NW_005083590v1	9021	997426414
scaff_group_020	NW_005083591v1	3478	997429892
scaff_group_020	NW_005083592v1	4256	997434148
scaff_group_020	NW_005083593v1	3130	997437278
scaff_group_020	NW_005083594v1	3418	997440696
scaff_group_020	NW_005083595v1	4622	997445318
scaff_group_020	NW_005083596v1	3843	997449161
scaff_group_020	NW_005083597v1	3405	997452566
scaff_group_020	NW_005083598v1	4402	997456968
scaff_group_020	NW_005083599v1	6263	997463231
scaff_group_020	NW_005083600v1	10895	997474126
scaff_group_020	NW_005083601v1	3498	997477624
scaff_group_020	NW_005083602v1	12589	997490213
scaff_group_020	NW_005083603v1	4918	997495131
scaff_group_020	NW_005083604v1	3492	997498623
scaff_group_020	NW_005083605v1	3156	997501779
scaff_group_020	NW_005083606v1	6118	997507897
scaff_group_020	NW_005083607v1	3469	997511366
scaff_group_020	NW_005083608v1	5590	997516956
scaff_group_020	NW_005083609v1	5380	997522336
scaff_group_020	NW_005083610v1	5540	997527876
scaff_group_020	NW_005083611v1	6457	997534333
scaff_group_020	NW_005083612v1	5607	997539940
scaff_group_020	NW_005083613v1	3382	997543322
scaff_group_020	NW_005083614v1	7160	997550482
scaff_group_020	NW_005083615v1	3354	997553836
scaff_group_020	NW_005083616v1	8664	997562500
scaff_group_020	NW_005083617v1	7913	997570413
scaff_group_020	NW_005083618v1	3543	997573956
scaff_group_020	NW_005083619v1	7586	997581542
scaff_group_020	NW_005083620v1	5327	997586869
scaff_group_020	NW_005083621v1	4057	997590926
scaff_group_020	NW_005083622v1	15192	997606118
scaff_group_020	NW_005083623v1	5630	997611748
scaff_group_020	NW_005083624v1	3446	997615194
scaff_group_020	NW_005083625v1	7025	997622219
scaff_group_020	NW_005083626v1	9027	997631246
scaff_group_020	NW_005083627v1	4088	997635334
scaff_group_020	NW_005083628v1	5162	997640496
scaff_group_020	NW_005083629v1	3336	997643832
scaff_group_020	NW_005083630v1	3105	997646937
scaff_group_020	NW_005083631v1	3376	997650313
scaff_group_020	NW_005083632v1	5827	997656140
scaff_group_020	NW_005083633v1	3420	997659560
scaff_group_020	NW_005083634v1	4067	997663627
scaff_group_020	NW_005083635v1	3419	997667046
scaff_group_020	NW_005083636v1	4182	997671228
scaff_group_020	NW_005083637v1	6009	997677237
scaff_group_020	NW_005083638v1	4229	997681466
scaff_group_020	NW_005083639v1	3405	997684871
scaff_group_020	NW_005083640v1	3357	997688228
scaff_group_020	NW_005083641v1	3402	997691630
scaff_group_020	NW_005083642v1	3257	997694887
scaff_group_020	NW_005083643v1	3398	997698285
scaff_group_020	NW_005083644v1	3398	997701683
scaff_group_020	NW_005083645v1	8383	997710066
scaff_group_020	NW_005083646v1	4263	997714329
scaff_group_020	NW_005083647v1	10603	997724932
scaff_group_020	NW_005083648v1	3346	997728278
scaff_group_020	NW_005083649v1	4096	997732374
scaff_group_020	NW_005083650v1	5468	997737842
scaff_group_020	NW_005083651v1	3420	997741262
scaff_group_020	NW_005083652v1	4851	997746113
scaff_group_020	NW_005083653v1	5731	997751844
scaff_group_020	NW_005083654v1	4066	997755910
scaff_group_020	NW_005083655v1	3327	997759237
scaff_group_020	NW_005083656v1	5242	997764479
scaff_group_020	NW_005083657v1	29718	997794197
scaff_group_020	NW_005083658v1	3709	997797906
scaff_group_020	NW_005083659v1	4419	997802325
scaff_group_020	NW_005083660v1	9940	997812265
scaff_group_020	NW_005083661v1	3763	997816028
scaff_group_020	NW_005083662v1	3347	997819375
scaff_group_020	NW_005083663v1	4213	997823588
scaff_group_020	NW_005083664v1	5006	997828594
scaff_group_020	NW_005083665v1	2742	997831336
scaff_group_020	NW_005083666v1	5597	997836933
scaff_group_020	NW_005083667v1	3276	997840209
scaff_group_020	NW_005083668v1	3169	997843378
scaff_group_020	NW_005083669v1	6151	997849529
scaff_group_020	NW_005083670v1	5442	997854971
scaff_group_020	NW_005083671v1	3948	997858919
scaff_group_020	NW_005083672v1	3331	997862250
scaff_group_020	NW_005083673v1	3789	997866039
scaff_group_020	NW_005083674v1	5172	997871211
scaff_group_020	NW_005083675v1	3284	997874495
scaff_group_020	NW_005083676v1	7131	997881626
scaff_group_020	NW_005083677v1	8782	997890408
scaff_group_020	NW_005083678v1	3220	997893628
scaff_group_020	NW_005083679v1	5464	997899092
scaff_group_020	NW_005083680v1	9343	997908435
scaff_group_020	NW_005083681v1	5514	997913949
scaff_group_020	NW_005083682v1	3084	997917033
scaff_group_020	NW_005083683v1	7080	997924113
scaff_group_020	NW_005083684v1	3329	997927442
scaff_group_020	NW_005083685v1	6116	997933558
scaff_group_020	NW_005083686v1	4144	997937702
scaff_group_020	NW_005083687v1	3171	997940873
scaff_group_020	NW_005083688v1	3151	997944024
scaff_group_020	NW_005083689v1	3882	997947906
scaff_group_020	NW_005083690v1	3280	997951186
scaff_group_020	NW_005083691v1	2743	997953929
scaff_group_020	NW_005083692v1	9034	997962963
scaff_group_020	NW_005083693v1	3166	997966129
scaff_group_020	NW_005083694v1	3063	997969192
scaff_group_020	NW_005083695v1	3449	997972641
scaff_group_020	NW_005083696v1	3261	997975902
scaff_group_020	NW_005083697v1	3334	997979236
scaff_group_020	NW_005083698v1	3442	997982678
scaff_group_020	NW_005083699v1	2976	997985654
scaff_group_020	NW_005083700v1	3208	997988862
scaff_group_020	NW_005083701v1	3995	997992857
scaff_group_020	NW_005083702v1	3136	997995993
scaff_group_020	NW_005083703v1	3166	997999159
scaff_group_020	NW_005083704v1	3125	998002284
scaff_group_020	NW_005083705v1	5451	998007735
scaff_group_020	NW_005083706v1	3140	998010875
scaff_group_020	NW_005083707v1	5660	998016535
scaff_group_020	NW_005083708v1	7623	998024158
scaff_group_020	NW_005083709v1	10182	998034340
scaff_group_020	NW_005083710v1	4352	998038692
scaff_group_020	NW_005083711v1	5526	998044218
scaff_group_020	NW_005083712v1	3812	998048030
scaff_group_020	NW_005083713v1	3235	998051265
scaff_group_020	NW_005083714v1	8636	998059901
scaff_group_020	NW_005083715v1	3229	998063130
scaff_group_020	NW_005083716v1	4178	998067308
scaff_group_020	NW_005083717v1	9373	998076681
scaff_group_020	NW_005083718v1	9519	998086200
scaff_group_020	NW_005083719v1	3178	998089378
scaff_group_020	NW_005083720v1	16263	998105641
scaff_group_020	NW_005083721v1	3240	998108881
scaff_group_020	NW_005083722v1	3158	998112039
scaff_group_020	NW_005083723v1	13963	998126002
scaff_group_020	NW_005083724v1	3491	998129493
scaff_group_020	NW_005083725v1	3707	998133200
scaff_group_020	NW_005083726v1	3201	998136401
scaff_group_020	NW_005083727v1	4077	998140478
scaff_group_020	NW_005083728v1	3181	998143659
scaff_group_020	NW_005083729v1	4456	998148115
scaff_group_020	NW_005083730v1	3196	998151311
scaff_group_020	NW_005083731v1	7197	998158508
scaff_group_020	NW_005083732v1	4826	998163334
scaff_group_020	NW_005083733v1	13970	998177304
scaff_group_020	NW_005083734v1	3731	998181035
scaff_group_020	NW_005083735v1	3670	998184705
scaff_group_020	NW_005083736v1	5361	998190066
scaff_group_020	NW_005083737v1	12622	998202688
scaff_group_020	NW_005083738v1	3117	998205805
scaff_group_020	NW_005083739v1	5180	998210985
scaff_group_020	NW_005083740v1	3086	998214071
scaff_group_020	NW_005083741v1	4777	998218848
scaff_group_020	NW_005083742v1	3159	998222007
scaff_group_020	NW_005083743v1	2781	998224788
scaff_group_020	NW_005083744v1	2636	998227424
scaff_group_020	NW_005083745v1	2894	998230318
scaff_group_020	NW_005083746v1	3076	998233394
scaff_group_020	NW_005083747v1	16120	998249514
scaff_group_020	NW_005083748v1	3100	998252614
scaff_group_020	NW_005083749v1	4477	998257091
scaff_group_020	NW_005083750v1	3645	998260736
scaff_group_020	NW_005083751v1	2887	998263623
scaff_group_020	NW_005083752v1	4004	998267627
scaff_group_020	NW_005083753v1	3353	998270980
scaff_group_020	NW_005083754v1	3103	998274083
scaff_group_020	NW_005083755v1	8638	998282721
scaff_group_020	NW_005083756v1	13633	998296354
scaff_group_020	NW_005083757v1	3028	998299382
scaff_group_020	NW_005083758v1	5096	998304478
scaff_group_020	NW_005083759v1	2642	998307120
scaff_group_020	NW_005083760v1	3096	998310216
scaff_group_020	NW_005083761v1	5167	998315383
scaff_group_020	NW_005083762v1	29280	998344663
scaff_group_020	NW_005083763v1	3638	998348301
scaff_group_020	NW_005083764v1	3019	998351320
scaff_group_020	NW_005083765v1	2835	998354155
scaff_group_020	NW_005083766v1	2928	998357083
scaff_group_020	NW_005083767v1	3072	998360155
scaff_group_020	NW_005083768v1	10964	998371119
scaff_group_020	NW_005083769v1	2507	998373626
scaff_group_020	NW_005083770v1	2629	998376255
scaff_group_020	NW_005083771v1	2886	998379141
scaff_group_020	NW_005083772v1	3115	998382256
scaff_group_020	NW_005083773v1	2634	998384890
scaff_group_020	NW_005083774v1	3715	998388605
scaff_group_020	NW_005083775v1	2837	998391442
scaff_group_020	NW_005083776v1	4917	998396359
scaff_group_020	NW_005083777v1	5048	998401407
scaff_group_020	NW_005083778v1	8406	998409813
scaff_group_020	NW_005083779v1	9606	998419419
scaff_group_020	NW_005083780v1	3663	998423082
scaff_group_020	NW_005083781v1	5526	998428608
scaff_group_020	NW_005083782v1	3011	998431619
scaff_group_020	NW_005083783v1	2509	998434128
scaff_group_020	NW_005083784v1	3054	998437182
scaff_group_020	NW_005083785v1	3085	998440267
scaff_group_020	NW_005083786v1	8921	998449188
scaff_group_020	NW_005083787v1	3029	998452217
scaff_group_020	NW_005083788v1	3017	998455234
scaff_group_020	NW_005083789v1	3065	998458299
scaff_group_020	NW_005083790v1	3170	998461469
scaff_group_020	NW_005083791v1	3062	998464531
scaff_group_020	NW_005083792v1	5577	998470108
scaff_group_020	NW_005083793v1	3003	998473111
scaff_group_020	NW_005083794v1	2767	998475878
scaff_group_020	NW_005083795v1	3054	998478932
scaff_group_020	NW_005083796v1	6798	998485730
scaff_group_020	NW_005083797v1	3609	998489339
scaff_group_020	NW_005083798v1	2936	998492275
scaff_group_020	NW_005083799v1	5601	998497876
scaff_group_020	NW_005083800v1	7905	998505781
scaff_group_020	NW_005083801v1	2983	998508764
scaff_group_020	NW_005083802v1	28624	998537388
scaff_group_020	NW_005083803v1	2912	998540300
scaff_group_020	NW_005083804v1	8385	998548685
scaff_group_020	NW_005083805v1	3440	998552125
scaff_group_020	NW_005083806v1	3555	998555680
scaff_group_020	NW_005083807v1	6771	998562451
scaff_group_020	NW_005083808v1	2961	998565412
scaff_group_020	NW_005083809v1	8088	998573500
scaff_group_020	NW_005083810v1	7707	998581207
scaff_group_020	NW_005083811v1	3386	998584593
scaff_group_020	NW_005083812v1	5302	998589895
scaff_group_020	NW_005083813v1	3213	998593108
scaff_group_020	NW_005083814v1	3008	998596116
scaff_group_020	NW_005083815v1	3203	998599319
scaff_group_020	NW_005083816v1	8282	998607601
scaff_group_020	NW_005083817v1	2974	998610575
scaff_group_020	NW_005083818v1	2808	998613383
scaff_group_020	NW_005083819v1	12340	998625723
scaff_group_020	NW_005083820v1	2714	998628437
scaff_group_020	NW_005083821v1	2951	998631388
scaff_group_020	NW_005083822v1	1829	998633217
scaff_group_020	NW_005083823v1	7363	998640580
scaff_group_020	NW_005083824v1	3133	998643713
scaff_group_020	NW_005083825v1	4334	998648047
scaff_group_020	NW_005083826v1	15247	998663294
scaff_group_020	NW_005083827v1	2832	998666126
scaff_group_020	NW_005083828v1	4322	998670448
scaff_group_020	NW_005083829v1	3473	998673921
scaff_group_020	NW_005083830v1	9272	998683193
scaff_group_020	NW_005083831v1	2333	998685526
scaff_group_020	NW_005083832v1	11572	998697098
scaff_group_020	NW_005083833v1	5433	998702531
scaff_group_020	NW_005083834v1	3904	998706435
scaff_group_020	NW_005083835v1	2913	998709348
scaff_group_020	NW_005083836v1	2942	998712290
scaff_group_020	NW_005083837v1	3302	998715592
scaff_group_020	NW_005083838v1	2961	998718553
scaff_group_020	NW_005083839v1	6726	998725279
scaff_group_020	NW_005083840v1	18341	998743620
scaff_group_020	NW_005083841v1	3482	998747102
scaff_group_020	NW_005083842v1	2437	998749539
scaff_group_020	NW_005083843v1	2903	998752442
scaff_group_020	NW_005083844v1	10211	998762653
scaff_group_020	NW_005083845v1	8395	998771048
scaff_group_020	NW_005083846v1	5350	998776398
scaff_group_020	NW_005083847v1	5404	998781802
scaff_group_020	NW_005083848v1	3198	998785000
scaff_group_020	NW_005083849v1	3057	998788057
scaff_group_020	NW_005083850v1	2591	998790648
scaff_group_020	NW_005083851v1	2865	998793513
scaff_group_020	NW_005083852v1	3154	998796667
scaff_group_020	NW_005083853v1	2932	998799599
scaff_group_020	NW_005083854v1	8941	998808540
scaff_group_020	NW_005083855v1	2957	998811497
scaff_group_020	NW_005083856v1	3419	998814916
scaff_group_020	NW_005083857v1	5518	998820434
scaff_group_020	NW_005083858v1	2657	998823091
scaff_group_020	NW_005083859v1	2349	998825440
scaff_group_020	NW_005083860v1	2888	998828328
scaff_group_020	NW_005083861v1	2848	998831176
scaff_group_020	NW_005083862v1	8872	998840048
scaff_group_020	NW_005083863v1	5011	998845059
scaff_group_020	NW_005083864v1	2752	998847811
scaff_group_020	NW_005083865v1	3135	998850946
scaff_group_020	NW_005083866v1	5132	998856078
scaff_group_020	NW_005083867v1	6159	998862237
scaff_group_020	NW_005083868v1	2673	998864910
scaff_group_020	NW_005083869v1	2906	998867816
scaff_group_020	NW_005083870v1	2757	998870573
scaff_group_020	NW_005083871v1	2904	998873477
scaff_group_020	NW_005083872v1	2897	998876374
scaff_group_020	NW_005083873v1	2873	998879247
scaff_group_020	NW_005083874v1	9593	998888840
scaff_group_020	NW_005083875v1	3997	998892837
scaff_group_020	NW_005083876v1	2836	998895673
scaff_group_020	NW_005083877v1	4581	998900254
scaff_group_020	NW_005083878v1	3642	998903896
scaff_group_020	NW_005083879v1	12995	998916891
scaff_group_020	NW_005083880v1	2844	998919735
scaff_group_020	NW_005083881v1	12628	998932363
scaff_group_020	NW_005083882v1	10952	998943315
scaff_group_020	NW_005083883v1	1618	998944933
scaff_group_020	NW_005083884v1	2433	998947366
scaff_group_020	NW_005083885v1	2804	998950170
scaff_group_020	NW_005083886v1	3765	998953935
scaff_group_020	NW_005083887v1	4848	998958783
scaff_group_020	NW_005083888v1	4257	998963040
scaff_group_020	NW_005083889v1	4062	998967102
scaff_group_020	NW_005083890v1	5014	998972116
scaff_group_020	NW_005083891v1	2483	998974599
scaff_group_020	NW_005083892v1	2746	998977345
scaff_group_020	NW_005083893v1	6929	998984274
scaff_group_020	NW_005083894v1	3848	998988122
scaff_group_020	NW_005083895v1	1770	998989892
scaff_group_020	NW_005083896v1	2802	998992694
scaff_group_020	NW_005083897v1	2340	998995034
scaff_group_020	NW_005083898v1	3446	998998480
scaff_group_020	NW_005083899v1	2762	999001242
scaff_group_020	NW_005083900v1	10284	999011526
scaff_group_020	NW_005083901v1	2786	999014312
scaff_group_020	NW_005083902v1	2721	999017033
scaff_group_020	NW_005083903v1	5788	999022821
scaff_group_020	NW_005083904v1	2730	999025551
scaff_group_020	NW_005083905v1	4602	999030153
scaff_group_020	NW_005083906v1	18896	999049049
scaff_group_020	NW_005083907v1	2287	999051336
scaff_group_020	NW_005083908v1	2642	999053978
scaff_group_020	NW_005083909v1	7020	999060998
scaff_group_020	NW_005083910v1	2724	999063722
scaff_group_020	NW_005083911v1	7857	999071579
scaff_group_020	NW_005083912v1	9925	999081504
scaff_group_020	NW_005083913v1	5159	999086663
scaff_group_020	NW_005083914v1	15857	999102520
scaff_group_020	NW_005083915v1	2783	999105303
scaff_group_020	NW_005083916v1	2804	999108107
scaff_group_020	NW_005083917v1	4447	999112554
scaff_group_020	NW_005083918v1	8394	999120948
scaff_group_020	NW_005083919v1	5153	999126101
scaff_group_020	NW_005083920v1	2683	999128784
scaff_group_020	NW_005083921v1	3742	999132526
scaff_group_020	NW_005083922v1	2794	999135320
scaff_group_020	NW_005083923v1	8450	999143770
scaff_group_020	NW_005083924v1	13321	999157091
scaff_group_020	NW_005083925v1	13255	999170346
scaff_group_020	NW_005083926v1	7367	999177713
scaff_group_020	NW_005083927v1	13032	999190745
scaff_group_020	NW_005083928v1	2644	999193389
scaff_group_020	NW_005083929v1	5198	999198587
scaff_group_020	NW_005083930v1	3917	999202504
scaff_group_020	NW_005083931v1	6351	999208855
scaff_group_020	NW_005083932v1	5131	999213986
scaff_group_020	NW_005083933v1	2774	999216760
scaff_group_020	NW_005083934v1	9814	999226574
scaff_group_020	NW_005083935v1	2623	999229197
scaff_group_020	NW_005083936v1	3010	999232207
scaff_group_020	NW_005083937v1	5083	999237290
scaff_group_020	NW_005083938v1	10984	999248274
scaff_group_020	NW_005083939v1	2712	999250986
scaff_group_020	NW_005083940v1	2291	999253277
scaff_group_020	NW_005083941v1	4799	999258076
scaff_group_020	NW_005083942v1	17458	999275534
scaff_group_020	NW_005083943v1	5394	999280928
scaff_group_020	NW_005083944v1	4940	999285868
scaff_group_020	NW_005083945v1	17973	999303841
scaff_group_020	NW_005083946v1	19752	999323593
scaff_group_020	NW_005083947v1	2471	999326064
scaff_group_020	NW_005083948v1	2354	999328418
scaff_group_020	NW_005083949v1	2670	999331088
scaff_group_020	NW_005083950v1	2360	999333448
scaff_group_020	NW_005083951v1	2074	999335522
scaff_group_020	NW_005083952v1	5111	999340633
scaff_group_020	NW_005083953v1	7549	999348182
scaff_group_020	NW_005083954v1	10977	999359159
scaff_group_020	NW_005083955v1	2666	999361825
scaff_group_020	NW_005083956v1	11103	999372928
scaff_group_020	NW_005083957v1	8806	999381734
scaff_group_020	NW_005083958v1	2475	999384209
scaff_group_020	NW_005083959v1	2645	999386854
scaff_group_020	NW_005083960v1	2611	999389465
scaff_group_020	NW_005083961v1	7336	999396801
scaff_group_020	NW_005083962v1	2657	999399458
scaff_group_020	NW_005083963v1	2653	999402111
scaff_group_020	NW_005083964v1	2492	999404603
scaff_group_020	NW_005083965v1	9114	999413717
scaff_group_020	NW_005083966v1	5053	999418770
scaff_group_020	NW_005083967v1	7405	999426175
scaff_group_020	NW_005083968v1	1864	999428039
scaff_group_020	NW_005083969v1	6360	999434399
scaff_group_020	NW_005083970v1	8396	999442795
scaff_group_020	NW_005083971v1	2573	999445368
scaff_group_020	NW_005083972v1	21566	999466934
scaff_group_020	NW_005083973v1	2626	999469560
scaff_group_020	NW_005083974v1	5089	999474649
scaff_group_020	NW_005083975v1	17758	999492407
scaff_group_020	NW_005083976v1	8750	999501157
scaff_group_020	NW_005083977v1	5498	999506655
scaff_group_020	NW_005083978v1	2816	999509471
scaff_group_020	NW_005083979v1	7524	999516995
scaff_group_020	NW_005083980v1	2674	999519669
scaff_group_020	NW_005083981v1	2673	999522342
scaff_group_020	NW_005083982v1	2610	999524952
scaff_group_020	NW_005083983v1	755	999525707
scaff_group_020	NW_005083984v1	4956	999530663
scaff_group_020	NW_005083985v1	5867	999536530
scaff_group_020	NW_005083986v1	4389	999540919
scaff_group_020	NW_005083987v1	2600	999543519
scaff_group_020	NW_005083988v1	7885	999551404
scaff_group_020	NW_005083989v1	2649	999554053
scaff_group_020	NW_005083990v1	2656	999556709
scaff_group_020	NW_005083991v1	2651	999559360
scaff_group_020	NW_005083992v1	1982	999561342
scaff_group_020	NW_005083993v1	2589	999563931
scaff_group_020	NW_005083994v1	4890	999568821
scaff_group_020	NW_005083995v1	8050	999576871
scaff_group_020	NW_005083996v1	5106	999581977
scaff_group_020	NW_005083997v1	3768	999585745
scaff_group_020	NW_005083998v1	1386	999587131
scaff_group_020	NW_005083999v1	2524	999589655
scaff_group_020	NW_005084000v1	4806	999594461
scaff_group_020	NW_005084001v1	3215	999597676
scaff_group_020	NW_005084002v1	7969	999605645
scaff_group_020	NW_005084003v1	4595	999610240
scaff_group_020	NW_005084004v1	4820	999615060
scaff_group_020	NW_005084005v1	2573	999617633
scaff_group_020	NW_005084006v1	4210	999621843
scaff_group_020	NW_005084007v1	3828	999625671
scaff_group_020	NW_005084008v1	4339	999630010
scaff_group_020	NW_005084009v1	2617	999632627
scaff_group_020	NW_005084010v1	4586	999637213
scaff_group_020	NW_005084011v1	24072	999661285
scaff_group_020	NW_005084012v1	2613	999663898
scaff_group_020	NW_005084013v1	2562	999666460
scaff_group_020	NW_005084014v1	4681	999671141
scaff_group_020	NW_005084015v1	1252	999672393
scaff_group_020	NW_005084016v1	2621	999675014
scaff_group_020	NW_005084017v1	2622	999677636
scaff_group_020	NW_005084018v1	4907	999682543
scaff_group_020	NW_005084019v1	7931	999690474
scaff_group_020	NW_005084020v1	5118	999695592
scaff_group_020	NW_005084021v1	2558	999698150
scaff_group_020	NW_005084022v1	2608	999700758
scaff_group_020	NW_005084023v1	2554	999703312
scaff_group_020	NW_005084024v1	4473	999707785
scaff_group_020	NW_005084025v1	2609	999710394
scaff_group_020	NW_005084026v1	2533	999712927
scaff_group_020	NW_005084027v1	5073	999718000
scaff_group_020	NW_005084028v1	2540	999720540
scaff_group_020	NW_005084029v1	2595	999723135
scaff_group_020	NW_005084030v1	2536	999725671
scaff_group_020	NW_005084031v1	2771	999728442
scaff_group_020	NW_005084032v1	7153	999735595
scaff_group_020	NW_005084033v1	2589	999738184
scaff_group_020	NW_005084034v1	2589	999740773
scaff_group_020	NW_005084035v1	4304	999745077
scaff_group_020	NW_005084036v1	2586	999747663
scaff_group_020	NW_005084037v1	5467	999753130
scaff_group_020	NW_005084038v1	2092	999755222
scaff_group_020	NW_005084039v1	6261	999761483
scaff_group_020	NW_005084040v1	7967	999769450
scaff_group_020	NW_005084041v1	2613	999772063
scaff_group_020	NW_005084042v1	2382	999774445
scaff_group_020	NW_005084043v1	4093	999778538
scaff_group_020	NW_005084044v1	10317	999788855
scaff_group_020	NW_005084045v1	4727	999793582
scaff_group_020	NW_005084046v1	3565	999797147
scaff_group_020	NW_005084047v1	8601	999805748
scaff_group_020	NW_005084048v1	4835	999810583
scaff_group_020	NW_005084049v1	7371	999817954
scaff_group_020	NW_005084050v1	2119	999820073
scaff_group_020	NW_005084051v1	2083	999822156
scaff_group_020	NW_005084052v1	2450	999824606
scaff_group_020	NW_005084053v1	5307	999829913
scaff_group_020	NW_005084054v1	2554	999832467
scaff_group_020	NW_005084055v1	5138	999837605
scaff_group_020	NW_005084056v1	3738	999841343
scaff_group_020	NW_005084057v1	6006	999847349
scaff_group_020	NW_005084058v1	2513	999849862
scaff_group_020	NW_005084059v1	9794	999859656
scaff_group_020	NW_005084060v1	2483	999862139
scaff_group_020	NW_005084061v1	2087	999864226
scaff_group_020	NW_005084062v1	2422	999866648
scaff_group_020	NW_005084063v1	2492	999869140
scaff_group_020	NW_005084064v1	4157	999873297
scaff_group_020	NW_005084065v1	13227	999886524
scaff_group_020	NW_005084066v1	2543	999889067
scaff_group_020	NW_005084067v1	2518	999891585
scaff_group_020	NW_005084068v1	2420	999894005
scaff_group_020	NW_005084069v1	5136	999899141
scaff_group_020	NW_005084070v1	5924	999905065
scaff_group_020	NW_005084071v1	7026	999912091
scaff_group_020	NW_005084072v1	4613	999916704
scaff_group_020	NW_005084073v1	7176	999923880
scaff_group_020	NW_005084074v1	4830	999928710
scaff_group_020	NW_005084075v1	5215	999933925
scaff_group_020	NW_005084076v1	2467	999936392
scaff_group_020	NW_005084077v1	8751	999945143
scaff_group_020	NW_005084078v1	2505	999947648
scaff_group_020	NW_005084079v1	5108	999952756
scaff_group_020	NW_005084080v1	6588	999959344
scaff_group_020	NW_005084081v1	2446	999961790
scaff_group_020	NW_005084082v1	6160	999967950
scaff_group_020	NW_005084083v1	18050	999986000
scaff_group_020	NW_005084084v1	2413	999988413
scaff_group_020	NW_005084085v1	4704	999993117
scaff_group_020	NW_005084086v1	2369	999995486
scaff_group_020	NW_005084087v1	2446	999997932
scaff_group_021	NW_005084088v1	4779	1000002711
scaff_group_021	NW_005084089v1	2394	1000005105
scaff_group_021	NW_005084090v1	2427	1000007532
scaff_group_021	NW_005084091v1	2080	1000009612
scaff_group_021	NW_005084092v1	2382	1000011994
scaff_group_021	NW_005084093v1	4087	1000016081
scaff_group_021	NW_005084094v1	2418	1000018499
scaff_group_021	NW_005084095v1	2401	1000020900
scaff_group_021	NW_005084096v1	11788	1000032688
scaff_group_021	NW_005084097v1	1712	1000034400
scaff_group_021	NW_005084098v1	2396	1000036796
scaff_group_021	NW_005084099v1	2362	1000039158
scaff_group_021	NW_005084100v1	2470	1000041628
scaff_group_021	NW_005084101v1	3624	1000045252
scaff_group_021	NW_005084102v1	5931	1000051183
scaff_group_021	NW_005084103v1	7795	1000058978
scaff_group_021	NW_005084104v1	7352	1000066330
scaff_group_021	NW_005084105v1	4659	1000070989
scaff_group_021	NW_005084106v1	2459	1000073448
scaff_group_021	NW_005084107v1	15496	1000088944
scaff_group_021	NW_005084108v1	2459	1000091403
scaff_group_021	NW_005084109v1	15671	1000107074
scaff_group_021	NW_005084110v1	4762	1000111836
scaff_group_021	NW_005084111v1	10105	1000121941
scaff_group_021	NW_005084112v1	4838	1000126779
scaff_group_021	NW_005084113v1	3711	1000130490
scaff_group_021	NW_005084114v1	9498	1000139988
scaff_group_021	NW_005084115v1	6207	1000146195
scaff_group_021	NW_005084116v1	6597	1000152792
scaff_group_021	NW_005084117v1	5524	1000158316
scaff_group_021	NW_005084118v1	7068	1000165384
scaff_group_021	NW_005084119v1	4632	1000170016
scaff_group_021	NW_005084120v1	6163	1000176179
scaff_group_021	NW_005084121v1	2436	1000178615
scaff_group_021	NW_005084122v1	8299	1000186914
scaff_group_021	NW_005084123v1	2391	1000189305
scaff_group_021	NW_005084124v1	7042	1000196347
scaff_group_021	NW_005084125v1	6931	1000203278
scaff_group_021	NW_005084126v1	2369	1000205647
scaff_group_021	NW_005084127v1	7360	1000213007
scaff_group_021	NW_005084128v1	4480	1000217487
scaff_group_021	NW_005084129v1	5002	1000222489
scaff_group_021	NW_005084130v1	2428	1000224917
scaff_group_021	NW_005084131v1	4911	1000229828
scaff_group_021	NW_005084132v1	11783	1000241611
scaff_group_021	NW_005084133v1	3688	1000245299
scaff_group_021	NW_005084134v1	2303	1000247602
scaff_group_021	NW_005084135v1	6965	1000254567
scaff_group_021	NW_005084136v1	3281	1000257848
scaff_group_021	NW_005084137v1	2316	1000260164
scaff_group_021	NW_005084138v1	2357	1000262521
scaff_group_021	NW_005084139v1	12840	1000275361
scaff_group_021	NW_005084140v1	2362	1000277723
scaff_group_021	NW_005084141v1	9965	1000287688
scaff_group_021	NW_005084142v1	6375	1000294063
scaff_group_021	NW_005084143v1	2339	1000296402
scaff_group_021	NW_005084144v1	9306	1000305708
scaff_group_021	NW_005084145v1	5298	1000311006
scaff_group_021	NW_005084146v1	9996	1000321002
scaff_group_021	NW_005084147v1	6674	1000327676
scaff_group_021	NW_005084148v1	2332	1000330008
scaff_group_021	NW_005084149v1	2381	1000332389
scaff_group_021	NW_005084150v1	6354	1000338743
scaff_group_021	NW_005084151v1	2345	1000341088
scaff_group_021	NW_005084152v1	9573	1000350661
scaff_group_021	NW_005084153v1	2370	1000353031
scaff_group_021	NW_005084154v1	2167	1000355198
scaff_group_021	NW_005084155v1	2346	1000357544
scaff_group_021	NW_005084156v1	14767	1000372311
scaff_group_021	NW_005084157v1	5554	1000377865
scaff_group_021	NW_005084158v1	4488	1000382353
scaff_group_021	NW_005084159v1	4622	1000386975
scaff_group_021	NW_005084160v1	4591	1000391566
scaff_group_021	NW_005084161v1	2360	1000393926
scaff_group_021	NW_005084162v1	7471	1000401397
scaff_group_021	NW_005084163v1	2357	1000403754
scaff_group_021	NW_005084164v1	21627	1000425381
scaff_group_021	NW_005084165v1	2352	1000427733
scaff_group_021	NW_005084166v1	2260	1000429993
scaff_group_021	NW_005084167v1	2244	1000432237
scaff_group_021	NW_005084168v1	2294	1000434531
scaff_group_021	NW_005084169v1	4717	1000439248
scaff_group_021	NW_005084170v1	2290	1000441538
scaff_group_021	NW_005084171v1	7859	1000449397
scaff_group_021	NW_005084172v1	4301	1000453698
scaff_group_021	NW_005084173v1	2309	1000456007
scaff_group_021	NW_005084174v1	4252	1000460259
scaff_group_021	NW_005084175v1	2343	1000462602
scaff_group_021	NW_005084176v1	4938	1000467540
scaff_group_021	NW_005084177v1	7506	1000475046
scaff_group_021	NW_005084178v1	2290	1000477336
scaff_group_021	NW_005084179v1	6329	1000483665
scaff_group_021	NW_005084180v1	2336	1000486001
scaff_group_021	NW_005084181v1	8216	1000494217
scaff_group_021	NW_005084182v1	2273	1000496490
scaff_group_021	NW_005084183v1	3964	1000500454
scaff_group_021	NW_005084184v1	2325	1000502779
scaff_group_021	NW_005084185v1	2313	1000505092
scaff_group_021	NW_005084186v1	4544	1000509636
scaff_group_021	NW_005084187v1	5309	1000514945
scaff_group_021	NW_005084188v1	2319	1000517264
scaff_group_021	NW_005084189v1	4480	1000521744
scaff_group_021	NW_005084190v1	2228	1000523972
scaff_group_021	NW_005084191v1	4197	1000528169
scaff_group_021	NW_005084192v1	2208	1000530377
scaff_group_021	NW_005084193v1	8684	1000539061
scaff_group_021	NW_005084194v1	14971	1000554032
scaff_group_021	NW_005084195v1	4665	1000558697
scaff_group_021	NW_005084196v1	2259	1000560956
scaff_group_021	NW_005084197v1	8959	1000569915
scaff_group_021	NW_005084198v1	10002	1000579917
scaff_group_021	NW_005084199v1	4468	1000584385
scaff_group_021	NW_005084200v1	5089	1000589474
scaff_group_021	NW_005084201v1	4482	1000593956
scaff_group_021	NW_005084202v1	21056	1000615012
scaff_group_021	NW_005084203v1	5793	1000620805
scaff_group_021	NW_005084204v1	4375	1000625180
scaff_group_021	NW_005084205v1	2297	1000627477
scaff_group_021	NW_005084206v1	17498	1000644975
scaff_group_021	NW_005084207v1	4533	1000649508
scaff_group_021	NW_005084208v1	4752	1000654260
scaff_group_021	NW_005084209v1	2294	1000656554
scaff_group_021	NW_005084210v1	4464	1000661018
scaff_group_021	NW_005084211v1	3987	1000665005
scaff_group_021	NW_005084212v1	7171	1000672176
scaff_group_021	NW_005084213v1	2235	1000674411
scaff_group_021	NW_005084214v1	7861	1000682272
scaff_group_021	NW_005084215v1	8550	1000690822
scaff_group_021	NW_005084216v1	8114	1000698936
scaff_group_021	NW_005084217v1	5131	1000704067
scaff_group_021	NW_005084218v1	4616	1000708683
scaff_group_021	NW_005084219v1	2282	1000710965
scaff_group_021	NW_005084220v1	5457	1000716422
scaff_group_021	NW_005084221v1	4129	1000720551
scaff_group_021	NW_005084222v1	2213	1000722764
scaff_group_021	NW_005084223v1	2223	1000724987
scaff_group_021	NW_005084224v1	4175	1000729162
scaff_group_021	NW_005084225v1	2172	1000731334
scaff_group_021	NW_005084226v1	2255	1000733589
scaff_group_021	NW_005084227v1	13028	1000746617
scaff_group_021	NW_005084228v1	5308	1000751925
scaff_group_021	NW_005084229v1	2214	1000754139
scaff_group_021	NW_005084230v1	5194	1000759333
scaff_group_021	NW_005084231v1	2224	1000761557
scaff_group_021	NW_005084232v1	10192	1000771749
scaff_group_021	NW_005084233v1	7467	1000779216
scaff_group_021	NW_005084234v1	2208	1000781424
scaff_group_021	NW_005084235v1	2255	1000783679
scaff_group_021	NW_005084236v1	6244	1000789923
scaff_group_021	NW_005084237v1	4051	1000793974
scaff_group_021	NW_005084238v1	2255	1000796229
scaff_group_021	NW_005084239v1	2254	1000798483
scaff_group_021	NW_005084240v1	2260	1000800743
scaff_group_021	NW_005084241v1	4499	1000805242
scaff_group_021	NW_005084242v1	3891	1000809133
scaff_group_021	NW_005084243v1	2205	1000811338
scaff_group_021	NW_005084244v1	6124	1000817462
scaff_group_021	NW_005084245v1	16290	1000833752
scaff_group_021	NW_005084246v1	4513	1000838265
scaff_group_021	NW_005084247v1	2186	1000840451
scaff_group_021	NW_005084248v1	8797	1000849248
scaff_group_021	NW_005084249v1	2129	1000851377
scaff_group_021	NW_005084250v1	11319	1000862696
scaff_group_021	NW_005084251v1	4578	1000867274
scaff_group_021	NW_005084252v1	3530	1000870804
scaff_group_021	NW_005084253v1	2128	1000872932
scaff_group_021	NW_005084254v1	2177	1000875109
scaff_group_021	NW_005084255v1	4661	1000879770
scaff_group_021	NW_005084256v1	7702	1000887472
scaff_group_021	NW_005084257v1	2231	1000889703
scaff_group_021	NW_005084258v1	4534	1000894237
scaff_group_021	NW_005084259v1	2140	1000896377
scaff_group_021	NW_005084260v1	4489	1000900866
scaff_group_021	NW_005084261v1	2225	1000903091
scaff_group_021	NW_005084262v1	4428	1000907519
scaff_group_021	NW_005084263v1	4839	1000912358
scaff_group_021	NW_005084264v1	2161	1000914519
scaff_group_021	NW_005084265v1	2163	1000916682
scaff_group_021	NW_005084266v1	2106	1000918788
scaff_group_021	NW_005084267v1	5325	1000924113
scaff_group_021	NW_005084268v1	2218	1000926331
scaff_group_021	NW_005084269v1	3734	1000930065
scaff_group_021	NW_005084270v1	17966	1000948031
scaff_group_021	NW_005084271v1	16038	1000964069
scaff_group_021	NW_005084272v1	6182	1000970251
scaff_group_021	NW_005084273v1	2213	1000972464
scaff_group_021	NW_005084274v1	2170	1000974634
scaff_group_021	NW_005084275v1	3661	1000978295
scaff_group_021	NW_005084276v1	2190	1000980485
scaff_group_021	NW_005084277v1	2191	1000982676
scaff_group_021	NW_005084278v1	2129	1000984805
scaff_group_021	NW_005084279v1	5101	1000989906
scaff_group_021	NW_005084280v1	3597	1000993503
scaff_group_021	NW_005084281v1	5612	1000999115
scaff_group_021	NW_005084282v1	2144	1001001259
scaff_group_021	NW_005084283v1	4172	1001005431
scaff_group_021	NW_005084284v1	19101	1001024532
scaff_group_021	NW_005084285v1	5428	1001029960
scaff_group_021	NW_005084286v1	2074	1001032034
scaff_group_021	NW_005084287v1	2132	1001034166
scaff_group_021	NW_005084288v1	2077	1001036243
scaff_group_021	NW_005084289v1	4181	1001040424
scaff_group_021	NW_005084290v1	2191	1001042615
scaff_group_021	NW_005084291v1	2135	1001044750
scaff_group_021	NW_005084292v1	4984	1001049734
scaff_group_021	NW_005084293v1	4393	1001054127
scaff_group_021	NW_005084294v1	2157	1001056284
scaff_group_021	NW_005084295v1	5929	1001062213
scaff_group_021	NW_005084296v1	7967	1001070180
scaff_group_021	NW_005084297v1	5190	1001075370
scaff_group_021	NW_005084298v1	2126	1001077496
scaff_group_021	NW_005084299v1	2175	1001079671
scaff_group_021	NW_005084300v1	4783	1001084454
scaff_group_021	NW_005084301v1	4200	1001088654
scaff_group_021	NW_005084302v1	6210	1001094864
scaff_group_021	NW_005084303v1	6630	1001101494
scaff_group_021	NW_005084304v1	3773	1001105267
scaff_group_021	NW_005084305v1	4775	1001110042
scaff_group_021	NW_005084306v1	2670	1001112712
scaff_group_021	NW_005084307v1	2113	1001114825
scaff_group_021	NW_005084308v1	6316	1001121141
scaff_group_021	NW_005084309v1	2139	1001123280
scaff_group_021	NW_005084310v1	2068	1001125348
scaff_group_021	NW_005084311v1	9543	1001134891
scaff_group_021	NW_005084312v1	2149	1001137040
scaff_group_021	NW_005084313v1	4328	1001141368
scaff_group_021	NW_005084314v1	4937	1001146305
scaff_group_021	NW_005084315v1	2045	1001148350
scaff_group_021	NW_005084316v1	2051	1001150401
scaff_group_021	NW_005084317v1	4269	1001154670
scaff_group_021	NW_005084318v1	3809	1001158479
scaff_group_021	NW_005084319v1	2160	1001160639
scaff_group_021	NW_005084320v1	2099	1001162738
scaff_group_021	NW_005084321v1	5062	1001167800
scaff_group_021	NW_005084322v1	3976	1001171776
scaff_group_021	NW_005084323v1	4054	1001175830
scaff_group_021	NW_005084324v1	16215	1001192045
scaff_group_021	NW_005084325v1	2096	1001194141
scaff_group_021	NW_005084326v1	3346	1001197487
scaff_group_021	NW_005084327v1	3230	1001200717
scaff_group_021	NW_005084328v1	3199	1001203916
scaff_group_021	NW_005084329v1	2086	1001206002
scaff_group_021	NW_005084330v1	2116	1001208118
scaff_group_021	NW_005084331v1	3015	1001211133
scaff_group_021	NW_005084332v1	5884	1001217017
scaff_group_021	NW_005084333v1	2079	1001219096
scaff_group_021	NW_005084334v1	2097	1001221193
scaff_group_021	NW_005084335v1	2097	1001223290
scaff_group_021	NW_005084336v1	2037	1001225327
scaff_group_021	NW_005084337v1	3723	1001229050
scaff_group_021	NW_005084338v1	6567	1001235617
scaff_group_021	NW_005084339v1	3572	1001239189
scaff_group_021	NW_005084340v1	3231	1001242420
scaff_group_021	NW_005084341v1	12747	1001255167
scaff_group_021	NW_005084342v1	8403	1001263570
scaff_group_021	NW_005084343v1	2134	1001265704
scaff_group_021	NW_005084344v1	2024	1001267728
scaff_group_021	NW_005084345v1	2079	1001269807
scaff_group_021	NW_005084346v1	2129	1001271936
scaff_group_021	NW_005084347v1	2043	1001273979
scaff_group_021	NW_005084348v1	2129	1001276108
scaff_group_021	NW_005084349v1	3995	1001280103
scaff_group_021	NW_005084350v1	7635	1001287738
scaff_group_021	NW_005084351v1	4603	1001292341
scaff_group_021	NW_005084352v1	4849	1001297190
scaff_group_021	NW_005084353v1	4631	1001301821
scaff_group_021	NW_005084354v1	4440	1001306261
scaff_group_021	NW_005084355v1	6290	1001312551
scaff_group_021	NW_005084356v1	2069	1001314620
scaff_group_021	NW_005084357v1	6186	1001320806
scaff_group_021	NW_005084358v1	2113	1001322919
scaff_group_021	NW_005084359v1	6266	1001329185
scaff_group_021	NW_005084360v1	2113	1001331298
scaff_group_021	NW_005084361v1	2054	1001333352
scaff_group_021	NW_005084362v1	2051	1001335403
scaff_group_021	NW_005084363v1	2053	1001337456
scaff_group_021	NW_005084364v1	3655	1001341111
scaff_group_021	NW_005084365v1	21610	1001362721
scaff_group_021	NW_005084366v1	2105	1001364826
scaff_group_021	NW_005084367v1	2063	1001366889
scaff_group_021	NW_005084368v1	6472	1001373361
scaff_group_021	NW_005084369v1	4917	1001378278
scaff_group_021	NW_005084370v1	1992	1001380270
scaff_group_021	NW_005084371v1	2039	1001382309
scaff_group_021	NW_005084372v1	2043	1001384352
scaff_group_021	NW_005084373v1	2091	1001386443
scaff_group_021	NW_005084374v1	5760	1001392203
scaff_group_021	NW_005084375v1	2027	1001394230
scaff_group_021	NW_005084376v1	4232	1001398462
scaff_group_021	NW_005084377v1	1990	1001400452
scaff_group_021	NW_005084378v1	2083	1001402535
scaff_group_021	NW_005084379v1	1982	1001404517
scaff_group_021	NW_005084380v1	2038	1001406555
scaff_group_021	NW_005084381v1	3176	1001409731
scaff_group_021	NW_005084382v1	2015	1001411746
scaff_group_021	NW_005084383v1	4440	1001416186
scaff_group_021	NW_005084384v1	3994	1001420180
scaff_group_021	NW_005084385v1	1959	1001422139
scaff_group_021	NW_005084386v1	4279	1001426418
scaff_group_021	NW_005084387v1	2022	1001428440
scaff_group_021	NW_005084388v1	1954	1001430394
scaff_group_021	NW_005084389v1	4043	1001434437
scaff_group_021	NW_005084390v1	4250	1001438687
scaff_group_021	NW_005084391v1	4034	1001442721
scaff_group_021	NW_005084392v1	3327	1001446048
scaff_group_021	NW_005084393v1	5361	1001451409
scaff_group_021	NW_005084394v1	3504	1001454913
scaff_group_021	NW_005084395v1	12588	1001467501
scaff_group_021	NW_005084396v1	1961	1001469462
scaff_group_021	NW_005084397v1	4893	1001474355
scaff_group_021	NW_005084398v1	3849	1001478204
scaff_group_021	NW_005084399v1	4009	1001482213
scaff_group_021	NW_005084400v1	4268	1001486481
scaff_group_021	NW_005084401v1	2030	1001488511
scaff_group_021	NW_005084402v1	12260	1001500771
scaff_group_021	NW_005084403v1	3213	1001503984
scaff_group_021	NW_005084404v1	4436	1001508420
scaff_group_021	NW_005084405v1	1937	1001510357
scaff_group_021	NW_005084406v1	5819	1001516176
scaff_group_021	NW_005084407v1	3110	1001519286
scaff_group_021	NW_005084408v1	11970	1001531256
scaff_group_021	NW_005084409v1	1929	1001533185
scaff_group_021	NW_005084410v1	2018	1001535203
scaff_group_021	NW_005084411v1	2842	1001538045
scaff_group_021	NW_005084412v1	2016	1001540061
scaff_group_021	NW_005084413v1	6477	1001546538
scaff_group_021	NW_005084414v1	2034	1001548572
scaff_group_021	NW_005084415v1	4847	1001553419
scaff_group_021	NW_005084416v1	3822	1001557241
scaff_group_021	NW_005084417v1	8553	1001565794
scaff_group_021	NW_005084418v1	1938	1001567732
scaff_group_021	NW_005084419v1	2036	1001569768
scaff_group_021	NW_005084420v1	1941	1001571709
scaff_group_021	NW_005084421v1	1943	1001573652
scaff_group_021	NW_005084422v1	5085	1001578737
scaff_group_021	NW_005084423v1	4153	1001582890
scaff_group_021	NW_005084424v1	4571	1001587461
scaff_group_021	NW_005084425v1	1928	1001589389
scaff_group_021	NW_005084426v1	3954	1001593343
scaff_group_021	NW_005084427v1	1983	1001595326
scaff_group_021	NW_005084428v1	6752	1001602078
scaff_group_021	NW_005084429v1	3480	1001605558
scaff_group_021	NW_005084430v1	4167	1001609725
scaff_group_021	NW_005084431v1	2028	1001611753
scaff_group_021	NW_005084432v1	2028	1001613781
scaff_group_021	NW_005084433v1	2027	1001615808
scaff_group_021	NW_005084434v1	1996	1001617804
scaff_group_021	NW_005084435v1	1992	1001619796
scaff_group_021	NW_005084436v1	3031	1001622827
scaff_group_021	NW_005084437v1	2021	1001624848
scaff_group_021	NW_005084438v1	2004	1001626852
scaff_group_021	NW_005084439v1	4800	1001631652
scaff_group_021	NW_005084440v1	4784	1001636436
scaff_group_021	NW_005084441v1	4395	1001640831
scaff_group_021	NW_005084442v1	4207	1001645038
scaff_group_021	NW_005084443v1	8387	1001653425
scaff_group_021	NW_005084444v1	6660	1001660085
scaff_group_021	NW_005084445v1	4336	1001664421
scaff_group_021	NW_005084446v1	4344	1001668765
scaff_group_021	NW_005084447v1	3633	1001672398
scaff_group_021	NW_005084448v1	2957	1001675355
scaff_group_021	NW_005084449v1	2007	1001677362
scaff_group_021	NW_005084450v1	3235	1001680597
scaff_group_021	NW_005084451v1	3349	1001683946
scaff_group_021	NW_005084452v1	6136	1001690082
scaff_group_021	NW_005084453v1	1910	1001691992
scaff_group_021	NW_005084454v1	1999	1001693991
scaff_group_021	NW_005084455v1	2778	1001696769
scaff_group_021	NW_005084456v1	1961	1001698730
scaff_group_021	NW_005084457v1	6235	1001704965
scaff_group_021	NW_005084458v1	4101	1001709066
scaff_group_021	NW_005084459v1	3960	1001713026
scaff_group_021	NW_005084460v1	3747	1001716773
scaff_group_021	NW_005084461v1	1954	1001718727
scaff_group_021	NW_005084462v1	4086	1001722813
scaff_group_021	NW_005084463v1	1937	1001724750
scaff_group_021	NW_005084464v1	1920	1001726670
scaff_group_021	NW_005084465v1	1931	1001728601
scaff_group_021	NW_005084466v1	1951	1001730552
scaff_group_021	NW_005084467v1	1888	1001732440
scaff_group_021	NW_005084468v1	1982	1001734422
scaff_group_021	NW_005084469v1	1923	1001736345
scaff_group_021	NW_005084470v1	1874	1001738219
scaff_group_021	NW_005084471v1	1976	1001740195
scaff_group_021	NW_005084472v1	1976	1001742171
scaff_group_021	NW_005084473v1	8107	1001750278
scaff_group_021	NW_005084474v1	1935	1001752213
scaff_group_021	NW_005084475v1	8051	1001760264
scaff_group_021	NW_005084476v1	6706	1001766970
scaff_group_021	NW_005084477v1	1935	1001768905
scaff_group_021	NW_005084478v1	5382	1001774287
scaff_group_021	NW_005084479v1	3214	1001777501
scaff_group_021	NW_005084480v1	4295	1001781796
scaff_group_021	NW_005084481v1	4540	1001786336
scaff_group_021	NW_005084482v1	1924	1001788260
scaff_group_021	NW_005084483v1	3341	1001791601
scaff_group_021	NW_005084484v1	1966	1001793567
scaff_group_021	NW_005084485v1	3829	1001797396
scaff_group_021	NW_005084486v1	1845	1001799241
scaff_group_021	NW_005084487v1	6034	1001805275
scaff_group_021	NW_005084488v1	6151	1001811426
scaff_group_021	NW_005084489v1	1963	1001813389
scaff_group_021	NW_005084490v1	8193	1001821582
scaff_group_021	NW_005084491v1	3309	1001824891
scaff_group_021	NW_005084492v1	4013	1001828904
scaff_group_021	NW_005084493v1	4873	1001833777
scaff_group_021	NW_005084494v1	1894	1001835671
scaff_group_021	NW_005084495v1	4342	1001840013
scaff_group_021	NW_005084496v1	1894	1001841907
scaff_group_021	NW_005084497v1	19291	1001861198
scaff_group_021	NW_005084498v1	1954	1001863152
scaff_group_021	NW_005084499v1	13696	1001876848
scaff_group_021	NW_005084500v1	4068	1001880916
scaff_group_021	NW_005084501v1	2897	1001883813
scaff_group_021	NW_005084502v1	1895	1001885708
scaff_group_021	NW_005084503v1	2475	1001888183
scaff_group_021	NW_005084504v1	1947	1001890130
scaff_group_021	NW_005084505v1	4183	1001894313
scaff_group_021	NW_005084506v1	3266	1001897579
scaff_group_021	NW_005084507v1	1893	1001899472
scaff_group_021	NW_005084508v1	3338	1001902810
scaff_group_021	NW_005084509v1	3748	1001906558
scaff_group_021	NW_005084510v1	2987	1001909545
scaff_group_021	NW_005084511v1	2890	1001912435
scaff_group_021	NW_005084512v1	3916	1001916351
scaff_group_021	NW_005084513v1	3617	1001919968
scaff_group_021	NW_005084514v1	2611	1001922579
scaff_group_021	NW_005084515v1	6186	1001928765
scaff_group_021	NW_005084516v1	1880	1001930645
scaff_group_021	NW_005084517v1	3166	1001933811
scaff_group_021	NW_005084518v1	1858	1001935669
scaff_group_021	NW_005084519v1	1937	1001937606
scaff_group_021	NW_005084520v1	3420	1001941026
scaff_group_021	NW_005084521v1	1888	1001942914
scaff_group_021	NW_005084522v1	4211	1001947125
scaff_group_021	NW_005084523v1	4578	1001951703
scaff_group_021	NW_005084524v1	1879	1001953582
scaff_group_021	NW_005084525v1	1875	1001955457
scaff_group_021	NW_005084526v1	1889	1001957346
scaff_group_021	NW_005084527v1	1900	1001959246
scaff_group_021	NW_005084528v1	6133	1001965379
scaff_group_021	NW_005084529v1	1805	1001967184
scaff_group_021	NW_005084530v1	6827	1001974011
scaff_group_021	NW_005084531v1	3039	1001977050
scaff_group_021	NW_005084532v1	1827	1001978877
scaff_group_021	NW_005084533v1	1921	1001980798
scaff_group_021	NW_005084534v1	4168	1001984966
scaff_group_021	NW_005084535v1	1860	1001986826
scaff_group_021	NW_005084536v1	1920	1001988746
scaff_group_021	NW_005084537v1	6758	1001995504
scaff_group_021	NW_005084538v1	1870	1001997374
scaff_group_021	NW_005084539v1	6266	1002003640
scaff_group_021	NW_005084540v1	3832	1002007472
scaff_group_021	NW_005084541v1	6381	1002013853
scaff_group_021	NW_005084542v1	1897	1002015750
scaff_group_021	NW_005084543v1	1913	1002017663
scaff_group_021	NW_005084544v1	2917	1002020580
scaff_group_021	NW_005084545v1	1817	1002022397
scaff_group_021	NW_005084546v1	1912	1002024309
scaff_group_021	NW_005084547v1	1836	1002026145
scaff_group_021	NW_005084548v1	3068	1002029213
scaff_group_021	NW_005084549v1	1861	1002031074
scaff_group_021	NW_005084550v1	4821	1002035895
scaff_group_021	NW_005084551v1	7186	1002043081
scaff_group_021	NW_005084552v1	1908	1002044989
scaff_group_021	NW_005084553v1	5979	1002050968
scaff_group_021	NW_005084554v1	3342	1002054310
scaff_group_021	NW_005084555v1	1805	1002056115
scaff_group_021	NW_005084556v1	1854	1002057969
scaff_group_021	NW_005084557v1	1835	1002059804
scaff_group_021	NW_005084558v1	7055	1002066859
scaff_group_021	NW_005084559v1	5730	1002072589
scaff_group_021	NW_005084560v1	2995	1002075584
scaff_group_021	NW_005084561v1	1788	1002077372
scaff_group_021	NW_005084562v1	1887	1002079259
scaff_group_021	NW_005084563v1	3009	1002082268
scaff_group_021	NW_005084564v1	1774	1002084042
scaff_group_021	NW_005084565v1	3085	1002087127
scaff_group_021	NW_005084566v1	1772	1002088899
scaff_group_021	NW_005084567v1	1782	1002090681
scaff_group_021	NW_005084568v1	8190	1002098871
scaff_group_021	NW_005084569v1	1884	1002100755
scaff_group_021	NW_005084570v1	5169	1002105924
scaff_group_021	NW_005084571v1	3208	1002109132
scaff_group_021	NW_005084572v1	5422	1002114554
scaff_group_021	NW_005084573v1	1823	1002116377
scaff_group_021	NW_005084574v1	1830	1002118207
scaff_group_021	NW_005084575v1	6058	1002124265
scaff_group_021	NW_005084576v1	1797	1002126062
scaff_group_021	NW_005084577v1	6218	1002132280
scaff_group_021	NW_005084578v1	1810	1002134090
scaff_group_021	NW_005084579v1	5880	1002139970
scaff_group_021	NW_005084580v1	1817	1002141787
scaff_group_021	NW_005084581v1	1768	1002143555
scaff_group_021	NW_005084582v1	1851	1002145406
scaff_group_021	NW_005084583v1	3224	1002148630
scaff_group_021	NW_005084584v1	5587	1002154217
scaff_group_021	NW_005084585v1	1787	1002156004
scaff_group_021	NW_005084586v1	1766	1002157770
scaff_group_021	NW_005084587v1	1777	1002159547
scaff_group_021	NW_005084588v1	1866	1002161413
scaff_group_021	NW_005084589v1	1783	1002163196
scaff_group_021	NW_005084590v1	1809	1002165005
scaff_group_021	NW_005084591v1	1866	1002166871
scaff_group_021	NW_005084592v1	1865	1002168736
scaff_group_021	NW_005084593v1	1809	1002170545
scaff_group_021	NW_005084594v1	5711	1002176256
scaff_group_021	NW_005084595v1	3068	1002179324
scaff_group_021	NW_005084596v1	7415	1002186739
scaff_group_021	NW_005084597v1	4004	1002190743
scaff_group_021	NW_005084598v1	1740	1002192483
scaff_group_021	NW_005084599v1	3369	1002195852
scaff_group_021	NW_005084600v1	6563	1002202415
scaff_group_021	NW_005084601v1	15082	1002217497
scaff_group_021	NW_005084602v1	1857	1002219354
scaff_group_021	NW_005084603v1	1857	1002221211
scaff_group_021	NW_005084604v1	1797	1002223008
scaff_group_021	NW_005084605v1	3534	1002226542
scaff_group_021	NW_005084606v1	1748	1002228290
scaff_group_021	NW_005084607v1	1887	1002230177
scaff_group_021	NW_005084608v1	1792	1002231969
scaff_group_021	NW_005084609v1	1817	1002233786
scaff_group_021	NW_005084610v1	1817	1002235603
scaff_group_021	NW_005084611v1	18268	1002253871
scaff_group_021	NW_005084612v1	4734	1002258605
scaff_group_021	NW_005084613v1	1804	1002260409
scaff_group_021	NW_005084614v1	1788	1002262197
scaff_group_021	NW_005084615v1	1847	1002264044
scaff_group_021	NW_005084616v1	3566	1002267610
scaff_group_021	NW_005084617v1	1764	1002269374
scaff_group_021	NW_005084618v1	4604	1002273978
scaff_group_021	NW_005084619v1	9284	1002283262
scaff_group_021	NW_005084620v1	8624	1002291886
scaff_group_021	NW_005084621v1	1842	1002293728
scaff_group_021	NW_005084622v1	6655	1002300383
scaff_group_021	NW_005084623v1	2596	1002302979
scaff_group_021	NW_005084624v1	3481	1002306460
scaff_group_021	NW_005084625v1	1840	1002308300
scaff_group_021	NW_005084626v1	1783	1002310083
scaff_group_021	NW_005084627v1	8000	1002318083
scaff_group_021	NW_005084628v1	1779	1002319862
scaff_group_021	NW_005084629v1	1778	1002321640
scaff_group_021	NW_005084630v1	1717	1002323357
scaff_group_021	NW_005084631v1	4234	1002327591
scaff_group_021	NW_005084632v1	3969	1002331560
scaff_group_021	NW_005084633v1	4141	1002335701
scaff_group_021	NW_005084634v1	1770	1002337471
scaff_group_021	NW_005084635v1	5876	1002343347
scaff_group_021	NW_005084636v1	1713	1002345060
scaff_group_021	NW_005084637v1	1741	1002346801
scaff_group_021	NW_005084638v1	1831	1002348632
scaff_group_021	NW_005084639v1	10298	1002358930
scaff_group_021	NW_005084640v1	10601	1002369531
scaff_group_021	NW_005084641v1	3441	1002372972
scaff_group_021	NW_005084642v1	1796	1002374768
scaff_group_021	NW_005084643v1	1765	1002376533
scaff_group_021	NW_005084644v1	4477	1002381010
scaff_group_021	NW_005084645v1	5082	1002386092
scaff_group_021	NW_005084646v1	3318	1002389410
scaff_group_021	NW_005084647v1	6590	1002396000
scaff_group_021	NW_005084648v1	9348	1002405348
scaff_group_021	NW_005084649v1	1714	1002407062
scaff_group_021	NW_005084650v1	1763	1002408825
scaff_group_021	NW_005084651v1	1708	1002410533
scaff_group_021	NW_005084652v1	3009	1002413542
scaff_group_021	NW_005084653v1	1821	1002415363
scaff_group_021	NW_005084654v1	5941	1002421304
scaff_group_021	NW_005084655v1	4684	1002425988
scaff_group_021	NW_005084656v1	1799	1002427787
scaff_group_021	NW_005084657v1	1815	1002429602
scaff_group_021	NW_005084658v1	2377	1002431979
scaff_group_021	NW_005084659v1	1818	1002433797
scaff_group_021	NW_005084660v1	4222	1002438019
scaff_group_021	NW_005084661v1	1756	1002439775
scaff_group_021	NW_005084662v1	4319	1002444094
scaff_group_021	NW_005084663v1	7852	1002451946
scaff_group_021	NW_005084664v1	1776	1002453722
scaff_group_021	NW_005084665v1	1792	1002455514
scaff_group_021	NW_005084666v1	5176	1002460690
scaff_group_021	NW_005084667v1	5609	1002466299
scaff_group_021	NW_005084668v1	1717	1002468016
scaff_group_021	NW_005084669v1	4171	1002472187
scaff_group_021	NW_005084670v1	1775	1002473962
scaff_group_021	NW_005084671v1	4190	1002478152
scaff_group_021	NW_005084672v1	12929	1002491081
scaff_group_021	NW_005084673v1	2442	1002493523
scaff_group_021	NW_005084674v1	1692	1002495215
scaff_group_021	NW_005084675v1	3493	1002498708
scaff_group_021	NW_005084676v1	1783	1002500491
scaff_group_021	NW_005084677v1	2238	1002502729
scaff_group_021	NW_005084678v1	2612	1002505341
scaff_group_021	NW_005084679v1	8914	1002514255
scaff_group_021	NW_005084680v1	1694	1002515949
scaff_group_021	NW_005084681v1	1770	1002517719
scaff_group_021	NW_005084682v1	1804	1002519523
scaff_group_021	NW_005084683v1	1754	1002521277
scaff_group_021	NW_005084684v1	3817	1002525094
scaff_group_021	NW_005084685v1	1794	1002526888
scaff_group_021	NW_005084686v1	1696	1002528584
scaff_group_021	NW_005084687v1	6649	1002535233
scaff_group_021	NW_005084688v1	1742	1002536975
scaff_group_021	NW_005084689v1	1710	1002538685
scaff_group_021	NW_005084690v1	5860	1002544545
scaff_group_021	NW_005084691v1	1732	1002546277
scaff_group_021	NW_005084692v1	1689	1002547966
scaff_group_021	NW_005084693v1	1736	1002549702
scaff_group_021	NW_005084694v1	8969	1002558671
scaff_group_021	NW_005084695v1	1765	1002560436
scaff_group_021	NW_005084696v1	4160	1002564596
scaff_group_021	NW_005084697v1	4234	1002568830
scaff_group_021	NW_005084698v1	5921	1002574751
scaff_group_021	NW_005084699v1	2639	1002577390
scaff_group_021	NW_005084700v1	2799	1002580189
scaff_group_021	NW_005084701v1	2667	1002582856
scaff_group_021	NW_005084702v1	4001	1002586857
scaff_group_021	NW_005084703v1	1690	1002588547
scaff_group_021	NW_005084704v1	5505	1002594052
scaff_group_021	NW_005084705v1	5715	1002599767
scaff_group_021	NW_005084706v1	6515	1002606282
scaff_group_021	NW_005084707v1	3240	1002609522
scaff_group_021	NW_005084708v1	1740	1002611262
scaff_group_021	NW_005084709v1	4310	1002615572
scaff_group_021	NW_005084710v1	1724	1002617296
scaff_group_021	NW_005084711v1	1665	1002618961
scaff_group_021	NW_005084712v1	4118	1002623079
scaff_group_021	NW_005084713v1	1723	1002624802
scaff_group_021	NW_005084714v1	3755	1002628557
scaff_group_021	NW_005084715v1	2367	1002630924
scaff_group_021	NW_005084716v1	2576	1002633500
scaff_group_021	NW_005084717v1	1687	1002635187
scaff_group_021	NW_005084718v1	1664	1002636851
scaff_group_021	NW_005084719v1	3530	1002640381
scaff_group_021	NW_005084720v1	1773	1002642154
scaff_group_021	NW_005084721v1	1724	1002643878
scaff_group_021	NW_005084722v1	1706	1002645584
scaff_group_021	NW_005084723v1	5991	1002651575
scaff_group_021	NW_005084724v1	1662	1002653237
scaff_group_021	NW_005084725v1	5513	1002658750
scaff_group_021	NW_005084726v1	4931	1002663681
scaff_group_021	NW_005084727v1	1766	1002665447
scaff_group_021	NW_005084728v1	1723	1002667170
scaff_group_021	NW_005084729v1	1646	1002668816
scaff_group_021	NW_005084730v1	2694	1002671510
scaff_group_021	NW_005084731v1	2916	1002674426
scaff_group_021	NW_005084732v1	2881	1002677307
scaff_group_021	NW_005084733v1	1705	1002679012
scaff_group_021	NW_005084734v1	1664	1002680676
scaff_group_021	NW_005084735v1	1703	1002682379
scaff_group_021	NW_005084736v1	1691	1002684070
scaff_group_021	NW_005084737v1	1713	1002685783
scaff_group_021	NW_005084738v1	1672	1002687455
scaff_group_021	NW_005084739v1	2381	1002689836
scaff_group_021	NW_005084740v1	1715	1002691551
scaff_group_021	NW_005084741v1	1729	1002693280
scaff_group_021	NW_005084742v1	1756	1002695036
scaff_group_021	NW_005084743v1	3381	1002698417
scaff_group_021	NW_005084744v1	1641	1002700058
scaff_group_021	NW_005084745v1	11657	1002711715
scaff_group_021	NW_005084746v1	1659	1002713374
scaff_group_021	NW_005084747v1	3127	1002716501
scaff_group_021	NW_005084748v1	1694	1002718195
scaff_group_021	NW_005084749v1	1752	1002719947
scaff_group_021	NW_005084750v1	5561	1002725508
scaff_group_021	NW_005084751v1	1690	1002727198
scaff_group_021	NW_005084752v1	1690	1002728888
scaff_group_021	NW_005084753v1	1726	1002730614
scaff_group_021	NW_005084754v1	4328	1002734942
scaff_group_021	NW_005084755v1	1627	1002736569
scaff_group_021	NW_005084756v1	1746	1002738315
scaff_group_021	NW_005084757v1	4257	1002742572
scaff_group_021	NW_005084758v1	1743	1002744315
scaff_group_021	NW_005084759v1	1720	1002746035
scaff_group_021	NW_005084760v1	1742	1002747777
scaff_group_021	NW_005084761v1	10297	1002758074
scaff_group_021	NW_005084762v1	4757	1002762831
scaff_group_021	NW_005084763v1	3884	1002766715
scaff_group_021	NW_005084764v1	1654	1002768369
scaff_group_021	NW_005084765v1	2973	1002771342
scaff_group_021	NW_005084766v1	1737	1002773079
scaff_group_021	NW_005084767v1	1629	1002774708
scaff_group_021	NW_005084768v1	3231	1002777939
scaff_group_021	NW_005084769v1	3376	1002781315
scaff_group_021	NW_005084770v1	5724	1002787039
scaff_group_021	NW_005084771v1	7334	1002794373
scaff_group_021	NW_005084772v1	1676	1002796049
scaff_group_021	NW_005084773v1	2825	1002798874
scaff_group_021	NW_005084774v1	3201	1002802075
scaff_group_021	NW_005084775v1	1672	1002803747
scaff_group_021	NW_005084776v1	1625	1002805372
scaff_group_021	NW_005084777v1	1616	1002806988
scaff_group_021	NW_005084778v1	1611	1002808599
scaff_group_021	NW_005084779v1	1676	1002810275
scaff_group_021	NW_005084780v1	5859	1002816134
scaff_group_021	NW_005084781v1	1622	1002817756
scaff_group_021	NW_005084782v1	1669	1002819425
scaff_group_021	NW_005084783v1	1729	1002821154
scaff_group_021	NW_005084784v1	3939	1002825093
scaff_group_021	NW_005084785v1	7252	1002832345
scaff_group_021	NW_005084786v1	1728	1002834073
scaff_group_021	NW_005084787v1	1718	1002835791
scaff_group_021	NW_005084788v1	1629	1002837420
scaff_group_021	NW_005084789v1	1716	1002839136
scaff_group_021	NW_005084790v1	1700	1002840836
scaff_group_021	NW_005084791v1	4648	1002845484
scaff_group_021	NW_005084792v1	1726	1002847210
scaff_group_021	NW_005084793v1	3344	1002850554
scaff_group_021	NW_005084794v1	1724	1002852278
scaff_group_021	NW_005084795v1	1623	1002853901
scaff_group_021	NW_005084796v1	1620	1002855521
scaff_group_021	NW_005084797v1	1645	1002857166
scaff_group_021	NW_005084798v1	1665	1002858831
scaff_group_021	NW_005084799v1	6847	1002865678
scaff_group_021	NW_005084800v1	1681	1002867359
scaff_group_021	NW_005084801v1	2791	1002870150
scaff_group_021	NW_005084802v1	1665	1002871815
scaff_group_021	NW_005084803v1	1599	1002873414
scaff_group_021	NW_005084804v1	1718	1002875132
scaff_group_021	NW_005084805v1	4377	1002879509
scaff_group_021	NW_005084806v1	1705	1002881214
scaff_group_021	NW_005084807v1	3646	1002884860
scaff_group_021	NW_005084808v1	1612	1002886472
scaff_group_021	NW_005084809v1	1656	1002888128
scaff_group_021	NW_005084810v1	1715	1002889843
scaff_group_021	NW_005084811v1	5335	1002895178
scaff_group_021	NW_005084812v1	1713	1002896891
scaff_group_021	NW_005084813v1	6638	1002903529
scaff_group_021	NW_005084814v1	3484	1002907013
scaff_group_021	NW_005084815v1	2832	1002909845
scaff_group_021	NW_005084816v1	2538	1002912383
scaff_group_021	NW_005084817v1	2795	1002915178
scaff_group_021	NW_005084818v1	1656	1002916834
scaff_group_021	NW_005084819v1	4031	1002920865
scaff_group_021	NW_005084820v1	3952	1002924817
scaff_group_021	NW_005084821v1	1593	1002926410
scaff_group_021	NW_005084822v1	1643	1002928053
scaff_group_021	NW_005084823v1	3893	1002931946
scaff_group_021	NW_005084824v1	1704	1002933650
scaff_group_021	NW_005084825v1	1605	1002935255
scaff_group_021	NW_005084826v1	4077	1002939332
scaff_group_021	NW_005084827v1	1584	1002940916
scaff_group_021	NW_005084828v1	1701	1002942617
scaff_group_021	NW_005084829v1	1632	1002944249
scaff_group_021	NW_005084830v1	1649	1002945898
scaff_group_021	NW_005084831v1	2908	1002948806
scaff_group_021	NW_005084832v1	1604	1002950410
scaff_group_021	NW_005084833v1	1582	1002951992
scaff_group_021	NW_005084834v1	1643	1002953635
scaff_group_021	NW_005084835v1	1632	1002955267
scaff_group_021	NW_005084836v1	2678	1002957945
scaff_group_021	NW_005084837v1	1587	1002959532
scaff_group_021	NW_005084838v1	1604	1002961136
scaff_group_021	NW_005084839v1	2741	1002963877
scaff_group_021	NW_005084840v1	2012	1002965889
scaff_group_021	NW_005084841v1	1639	1002967528
scaff_group_021	NW_005084842v1	1635	1002969163
scaff_group_021	NW_005084843v1	1684	1002970847
scaff_group_021	NW_005084844v1	1695	1002972542
scaff_group_021	NW_005084845v1	1634	1002974176
scaff_group_021	NW_005084846v1	2737	1002976913
scaff_group_021	NW_005084847v1	4285	1002981198
scaff_group_021	NW_005084848v1	1604	1002982802
scaff_group_021	NW_005084849v1	1692	1002984494
scaff_group_021	NW_005084850v1	1633	1002986127
scaff_group_021	NW_005084851v1	1646	1002987773
scaff_group_021	NW_005084852v1	1644	1002989417
scaff_group_021	NW_005084853v1	1597	1002991014
scaff_group_021	NW_005084854v1	1647	1002992661
scaff_group_021	NW_005084855v1	3091	1002995752
scaff_group_021	NW_005084856v1	1626	1002997378
scaff_group_021	NW_005084857v1	2715	1003000093
scaff_group_021	NW_005084858v1	1668	1003001761
scaff_group_021	NW_005084859v1	1628	1003003389
scaff_group_021	NW_005084860v1	2047	1003005436
scaff_group_021	NW_005084861v1	1638	1003007074
scaff_group_021	NW_005084862v1	1632	1003008706
scaff_group_021	NW_005084863v1	1580	1003010286
scaff_group_021	NW_005084864v1	1562	1003011848
scaff_group_021	NW_005084865v1	1626	1003013474
scaff_group_021	NW_005084866v1	1680	1003015154
scaff_group_021	NW_005084867v1	1558	1003016712
scaff_group_021	NW_005084868v1	1595	1003018307
scaff_group_021	NW_005084869v1	1564	1003019871
scaff_group_021	NW_005084870v1	1677	1003021548
scaff_group_021	NW_005084871v1	6076	1003027624
scaff_group_021	NW_005084872v1	4762	1003032386
scaff_group_021	NW_005084873v1	1676	1003034062
scaff_group_021	NW_005084874v1	1618	1003035680
scaff_group_021	NW_005084875v1	1557	1003037237
scaff_group_021	NW_005084876v1	1557	1003038794
scaff_group_021	NW_005084877v1	4737	1003043531
scaff_group_021	NW_005084878v1	1672	1003045203
scaff_group_021	NW_005084879v1	3176	1003048379
scaff_group_021	NW_005084880v1	3995	1003052374
scaff_group_021	NW_005084881v1	1582	1003053956
scaff_group_021	NW_005084882v1	1613	1003055569
scaff_group_021	NW_005084883v1	3920	1003059489
scaff_group_021	NW_005084884v1	3897	1003063386
scaff_group_021	NW_005084885v1	2684	1003066070
scaff_group_021	NW_005084886v1	1616	1003067686
scaff_group_021	NW_005084887v1	1553	1003069239
scaff_group_021	NW_005084888v1	1611	1003070850
scaff_group_021	NW_005084889v1	1549	1003072399
scaff_group_021	NW_005084890v1	1572	1003073971
scaff_group_021	NW_005084891v1	3888	1003077859
scaff_group_021	NW_005084892v1	1553	1003079412
scaff_group_021	NW_005084893v1	1655	1003081067
scaff_group_021	NW_005084894v1	1615	1003082682
scaff_group_021	NW_005084895v1	3580	1003086262
scaff_group_021	NW_005084896v1	1541	1003087803
scaff_group_021	NW_005084897v1	6419	1003094222
scaff_group_021	NW_005084898v1	1579	1003095801
scaff_group_021	NW_005084899v1	1647	1003097448
scaff_group_021	NW_005084900v1	1558	1003099006
scaff_group_021	NW_005084901v1	1545	1003100551
scaff_group_021	NW_005084902v1	1629	1003102180
scaff_group_021	NW_005084903v1	2657	1003104837
scaff_group_021	NW_005084904v1	10016	1003114853
scaff_group_021	NW_005084905v1	1595	1003116448
scaff_group_021	NW_005084906v1	2726	1003119174
scaff_group_021	NW_005084907v1	1597	1003120771
scaff_group_021	NW_005084908v1	1594	1003122365
scaff_group_021	NW_005084909v1	1603	1003123968
scaff_group_021	NW_005084910v1	1594	1003125562
scaff_group_021	NW_005084911v1	1603	1003127165
scaff_group_021	NW_005084912v1	1599	1003128764
scaff_group_021	NW_005084913v1	1633	1003130397
scaff_group_021	NW_005084914v1	4191	1003134588
scaff_group_021	NW_005084915v1	1594	1003136182
scaff_group_021	NW_005084916v1	1541	1003137723
scaff_group_021	NW_005084917v1	2557	1003140280
scaff_group_021	NW_005084918v1	2766	1003143046
scaff_group_021	NW_005084919v1	2756	1003145802
scaff_group_021	NW_005084920v1	1593	1003147395
scaff_group_021	NW_005084921v1	1595	1003148990
scaff_group_021	NW_005084922v1	1588	1003150578
scaff_group_021	NW_005084923v1	6099	1003156677
scaff_group_021	NW_005084924v1	1648	1003158325
scaff_group_021	NW_005084925v1	1596	1003159921
scaff_group_021	NW_005084926v1	1619	1003161540
scaff_group_021	NW_005084927v1	1536	1003163076
scaff_group_021	NW_005084928v1	1647	1003164723
scaff_group_021	NW_005084929v1	1647	1003166370
scaff_group_021	NW_005084930v1	2968	1003169338
scaff_group_021	NW_005084931v1	1587	1003170925
scaff_group_021	NW_005084932v1	1646	1003172571
scaff_group_021	NW_005084933v1	1644	1003174215
scaff_group_021	NW_005084934v1	1532	1003175747
scaff_group_021	NW_005084935v1	1644	1003177391
scaff_group_021	NW_005084936v1	1642	1003179033
scaff_group_021	NW_005084937v1	1596	1003180629
scaff_group_021	NW_005084938v1	1584	1003182213
scaff_group_021	NW_005084939v1	1641	1003183854
scaff_group_021	NW_005084940v1	3684	1003187538
scaff_group_021	NW_005084941v1	4899	1003192437
scaff_group_021	NW_005084942v1	4348	1003196785
scaff_group_021	NW_005084943v1	6366	1003203151
scaff_group_021	NW_005084944v1	1581	1003204732
scaff_group_021	NW_005084945v1	1636	1003206368
scaff_group_021	NW_005084946v1	2516	1003208884
scaff_group_021	NW_005084947v1	1578	1003210462
scaff_group_021	NW_005084948v1	1523	1003211985
scaff_group_021	NW_005084949v1	1634	1003213619
scaff_group_021	NW_005084950v1	2799	1003216418
scaff_group_021	NW_005084951v1	2955	1003219373
scaff_group_021	NW_005084952v1	19992	1003239365
scaff_group_021	NW_005084953v1	2839	1003242204
scaff_group_021	NW_005084954v1	1514	1003243718
scaff_group_021	NW_005084955v1	5283	1003249001
scaff_group_021	NW_005084956v1	1631	1003250632
scaff_group_021	NW_005084957v1	1510	1003252142
scaff_group_021	NW_005084958v1	1553	1003253695
scaff_group_021	NW_005084959v1	1602	1003255297
scaff_group_021	NW_005084960v1	1549	1003256846
scaff_group_021	NW_005084961v1	5438	1003262284
scaff_group_021	NW_005084962v1	1909	1003264193
scaff_group_021	NW_005084963v1	1575	1003265768
scaff_group_021	NW_005084964v1	1549	1003267317
scaff_group_021	NW_005084965v1	2613	1003269930
scaff_group_021	NW_005084966v1	1507	1003271437
scaff_group_021	NW_005084967v1	1568	1003273005
scaff_group_021	NW_005084968v1	3750	1003276755
scaff_group_021	NW_005084969v1	1587	1003278342
scaff_group_021	NW_005084970v1	3793	1003282135
scaff_group_021	NW_005084971v1	3553	1003285688
scaff_group_021	NW_005084972v1	1621	1003287309
scaff_group_021	NW_005084973v1	1549	1003288858
scaff_group_021	NW_005084974v1	1528	1003290386
scaff_group_021	NW_005084975v1	6577	1003296963
scaff_group_021	NW_005084976v1	4147	1003301110
scaff_group_021	NW_005084977v1	3412	1003304522
scaff_group_021	NW_005084978v1	1557	1003306079
scaff_group_021	NW_005084979v1	1591	1003307670
scaff_group_021	NW_005084980v1	1559	1003309229
scaff_group_021	NW_005084981v1	3119	1003312348
scaff_group_021	NW_005084982v1	1577	1003313925
scaff_group_021	NW_005084983v1	13176	1003327101
scaff_group_021	NW_005084984v1	5086	1003332187
scaff_group_021	NW_005084985v1	1509	1003333696
scaff_group_021	NW_005084986v1	1559	1003335255
scaff_group_021	NW_005084987v1	1525	1003336780
scaff_group_021	NW_005084988v1	1495	1003338275
scaff_group_021	NW_005084989v1	3980	1003342255
scaff_group_021	NW_005084990v1	1613	1003343868
scaff_group_021	NW_005084991v1	1566	1003345434
scaff_group_021	NW_005084992v1	1491	1003346925
scaff_group_021	NW_005084993v1	1492	1003348417
scaff_group_021	NW_005084994v1	4170	1003352587
scaff_group_021	NW_005084995v1	6546	1003359133
scaff_group_021	NW_005084996v1	1549	1003360682
scaff_group_021	NW_005084997v1	1561	1003362243
scaff_group_021	NW_005084998v1	1525	1003363768
scaff_group_021	NW_005084999v1	4094	1003367862
scaff_group_021	NW_005085000v1	1554	1003369416
scaff_group_021	NW_005085001v1	1578	1003370994
scaff_group_021	NW_005085002v1	4093	1003375087
scaff_group_021	NW_005085003v1	1491	1003376578
scaff_group_021	NW_005085004v1	1556	1003378134
scaff_group_021	NW_005085005v1	1570	1003379704
scaff_group_021	NW_005085006v1	1603	1003381307
scaff_group_021	NW_005085007v1	1549	1003382856
scaff_group_021	NW_005085008v1	5040	1003387896
scaff_group_021	NW_005085009v1	1518	1003389414
scaff_group_021	NW_005085010v1	4050	1003393464
scaff_group_021	NW_005085011v1	1516	1003394980
scaff_group_021	NW_005085012v1	1544	1003396524
scaff_group_021	NW_005085013v1	1600	1003398124
scaff_group_021	NW_005085014v1	1600	1003399724
scaff_group_021	NW_005085015v1	1552	1003401276
scaff_group_021	NW_005085016v1	1493	1003402769
scaff_group_021	NW_005085017v1	3988	1003406757
scaff_group_021	NW_005085018v1	3594	1003410351
scaff_group_021	NW_005085019v1	1479	1003411830
scaff_group_021	NW_005085020v1	2296	1003414126
scaff_group_021	NW_005085021v1	1557	1003415683
scaff_group_021	NW_005085022v1	1568	1003417251
scaff_group_021	NW_005085023v1	1596	1003418847
scaff_group_021	NW_005085024v1	1536	1003420383
scaff_group_021	NW_005085025v1	1595	1003421978
scaff_group_021	NW_005085026v1	1474	1003423452
scaff_group_021	NW_005085027v1	10043	1003433495
scaff_group_021	NW_005085028v1	1539	1003435034
scaff_group_021	NW_005085029v1	5288	1003440322
scaff_group_021	NW_005085030v1	12856	1003453178
scaff_group_021	NW_005085031v1	1532	1003454710
scaff_group_021	NW_005085032v1	1507	1003456217
scaff_group_021	NW_005085033v1	1541	1003457758
scaff_group_021	NW_005085034v1	2816	1003460574
scaff_group_021	NW_005085035v1	1545	1003462119
scaff_group_021	NW_005085036v1	3438	1003465557
scaff_group_021	NW_005085037v1	3773	1003469330
scaff_group_021	NW_005085038v1	1524	1003470854
scaff_group_021	NW_005085039v1	1471	1003472325
scaff_group_021	NW_005085040v1	1463	1003473788
scaff_group_021	NW_005085041v1	2488	1003476276
scaff_group_021	NW_005085042v1	1547	1003477823
scaff_group_021	NW_005085043v1	1523	1003479346
scaff_group_021	NW_005085044v1	1494	1003480840
scaff_group_021	NW_005085045v1	1531	1003482371
scaff_group_021	NW_005085046v1	1580	1003483951
scaff_group_021	NW_005085047v1	2769	1003486720
scaff_group_021	NW_005085048v1	1461	1003488181
scaff_group_021	NW_005085049v1	3721	1003491902
scaff_group_021	NW_005085050v1	1517	1003493419
scaff_group_021	NW_005085051v1	3095	1003496514
scaff_group_021	NW_005085052v1	1463	1003497977
scaff_group_021	NW_005085053v1	1579	1003499556
scaff_group_021	NW_005085054v1	1576	1003501132
scaff_group_021	NW_005085055v1	3042	1003504174
scaff_group_021	NW_005085056v1	1561	1003505735
scaff_group_021	NW_005085057v1	7557	1003513292
scaff_group_021	NW_005085058v1	5955	1003519247
scaff_group_021	NW_005085059v1	1508	1003520755
scaff_group_021	NW_005085060v1	1518	1003522273
scaff_group_021	NW_005085061v1	1464	1003523737
scaff_group_021	NW_005085062v1	1555	1003525292
scaff_group_021	NW_005085063v1	4524	1003529816
scaff_group_021	NW_005085064v1	1473	1003531289
scaff_group_021	NW_005085065v1	2066	1003533355
scaff_group_021	NW_005085066v1	1532	1003534887
scaff_group_021	NW_005085067v1	1516	1003536403
scaff_group_021	NW_005085068v1	4101	1003540504
scaff_group_021	NW_005085069v1	1535	1003542039
scaff_group_021	NW_005085070v1	2614	1003544653
scaff_group_021	NW_005085071v1	8209	1003552862
scaff_group_021	NW_005085072v1	1466	1003554328
scaff_group_021	NW_005085073v1	1463	1003555791
scaff_group_021	NW_005085074v1	1507	1003557298
scaff_group_021	NW_005085075v1	1565	1003558863
scaff_group_021	NW_005085076v1	1486	1003560349
scaff_group_021	NW_005085077v1	1509	1003561858
scaff_group_021	NW_005085078v1	1511	1003563369
scaff_group_021	NW_005085079v1	4362	1003567731
scaff_group_021	NW_005085080v1	1546	1003569277
scaff_group_021	NW_005085081v1	1450	1003570727
scaff_group_021	NW_005085082v1	1473	1003572200
scaff_group_021	NW_005085083v1	1558	1003573758
scaff_group_021	NW_005085084v1	1494	1003575252
scaff_group_021	NW_005085085v1	2733	1003577985
scaff_group_021	NW_005085086v1	1452	1003579437
scaff_group_021	NW_005085087v1	1466	1003580903
scaff_group_021	NW_005085088v1	1466	1003582369
scaff_group_021	NW_005085089v1	1494	1003583863
scaff_group_021	NW_005085090v1	2780	1003586643
scaff_group_021	NW_005085091v1	2116	1003588759
scaff_group_021	NW_005085092v1	1448	1003590207
scaff_group_021	NW_005085093v1	3962	1003594169
scaff_group_021	NW_005085094v1	3029	1003597198
scaff_group_021	NW_005085095v1	1506	1003598704
scaff_group_021	NW_005085096v1	1456	1003600160
scaff_group_021	NW_005085097v1	1544	1003601704
scaff_group_021	NW_005085098v1	1443	1003603147
scaff_group_021	NW_005085099v1	1465	1003604612
scaff_group_021	NW_005085100v1	1556	1003606168
scaff_group_021	NW_005085101v1	1556	1003607724
scaff_group_021	NW_005085102v1	3564	1003611288
scaff_group_021	NW_005085103v1	3605	1003614893
scaff_group_021	NW_005085104v1	1481	1003616374
scaff_group_021	NW_005085105v1	1464	1003617838
scaff_group_021	NW_005085106v1	1467	1003619305
scaff_group_021	NW_005085107v1	1553	1003620858
scaff_group_021	NW_005085108v1	1455	1003622313
scaff_group_021	NW_005085109v1	5389	1003627702
scaff_group_021	NW_005085110v1	2770	1003630472
scaff_group_021	NW_005085111v1	1435	1003631907
scaff_group_021	NW_005085112v1	1487	1003633394
scaff_group_021	NW_005085113v1	1496	1003634890
scaff_group_021	NW_005085114v1	1503	1003636393
scaff_group_021	NW_005085115v1	1512	1003637905
scaff_group_021	NW_005085116v1	1491	1003639396
scaff_group_021	NW_005085117v1	2790	1003642186
scaff_group_021	NW_005085118v1	6546	1003648732
scaff_group_021	NW_005085119v1	1517	1003650249
scaff_group_021	NW_005085120v1	1547	1003651796
scaff_group_021	NW_005085121v1	2289	1003654085
scaff_group_021	NW_005085122v1	3907	1003657992
scaff_group_021	NW_005085123v1	4319	1003662311
scaff_group_021	NW_005085124v1	3580	1003665891
scaff_group_021	NW_005085125v1	1501	1003667392
scaff_group_021	NW_005085126v1	3731	1003671123
scaff_group_021	NW_005085127v1	1492	1003672615
scaff_group_021	NW_005085128v1	1438	1003674053
scaff_group_021	NW_005085129v1	1435	1003675488
scaff_group_021	NW_005085130v1	3234	1003678722
scaff_group_021	NW_005085131v1	2594	1003681316
scaff_group_021	NW_005085132v1	2717	1003684033
scaff_group_021	NW_005085133v1	1428	1003685461
scaff_group_021	NW_005085134v1	1438	1003686899
scaff_group_021	NW_005085135v1	1484	1003688383
scaff_group_021	NW_005085136v1	1435	1003689818
scaff_group_021	NW_005085137v1	2685	1003692503
scaff_group_021	NW_005085138v1	1478	1003693981
scaff_group_021	NW_005085139v1	5374	1003699355
scaff_group_021	NW_005085140v1	1539	1003700894
scaff_group_021	NW_005085141v1	1448	1003702342
scaff_group_021	NW_005085142v1	2747	1003705089
scaff_group_021	NW_005085143v1	1427	1003706516
scaff_group_021	NW_005085144v1	1447	1003707963
scaff_group_021	NW_005085145v1	4787	1003712750
scaff_group_021	NW_005085146v1	2576	1003715326
scaff_group_021	NW_005085147v1	1431	1003716757
scaff_group_021	NW_005085148v1	1484	1003718241
scaff_group_021	NW_005085149v1	1536	1003719777
scaff_group_021	NW_005085150v1	1501	1003721278
scaff_group_021	NW_005085151v1	1471	1003722749
scaff_group_021	NW_005085152v1	1535	1003724284
scaff_group_021	NW_005085153v1	1432	1003725716
scaff_group_021	NW_005085154v1	1534	1003727250
scaff_group_021	NW_005085155v1	1534	1003728784
scaff_group_021	NW_005085156v1	1534	1003730318
scaff_group_021	NW_005085157v1	6156	1003736474
scaff_group_021	NW_005085158v1	1474	1003737948
scaff_group_021	NW_005085159v1	3790	1003741738
scaff_group_021	NW_005085160v1	1532	1003743270
scaff_group_021	NW_005085161v1	1532	1003744802
scaff_group_021	NW_005085162v1	2597	1003747399
scaff_group_021	NW_005085163v1	1430	1003748829
scaff_group_021	NW_005085164v1	1431	1003750260
scaff_group_021	NW_005085165v1	1416	1003751676
scaff_group_021	NW_005085166v1	1446	1003753122
scaff_group_021	NW_005085167v1	1484	1003754606
scaff_group_021	NW_005085168v1	1529	1003756135
scaff_group_021	NW_005085169v1	1529	1003757664
scaff_group_021	NW_005085170v1	1485	1003759149
scaff_group_021	NW_005085171v1	1486	1003760635
scaff_group_021	NW_005085172v1	1468	1003762103
scaff_group_021	NW_005085173v1	1529	1003763632
scaff_group_021	NW_005085174v1	6329	1003769961
scaff_group_021	NW_005085175v1	3754	1003773715
scaff_group_021	NW_005085176v1	1527	1003775242
scaff_group_021	NW_005085177v1	4289	1003779531
scaff_group_021	NW_005085178v1	4915	1003784446
scaff_group_021	NW_005085179v1	1445	1003785891
scaff_group_021	NW_005085180v1	1477	1003787368
scaff_group_021	NW_005085181v1	1427	1003788795
scaff_group_021	NW_005085182v1	4660	1003793455
scaff_group_021	NW_005085183v1	1525	1003794980
scaff_group_021	NW_005085184v1	1524	1003796504
scaff_group_021	NW_005085185v1	1472	1003797976
scaff_group_021	NW_005085186v1	1427	1003799403
scaff_group_021	NW_005085187v1	1432	1003800835
scaff_group_021	NW_005085188v1	2204	1003803039
scaff_group_021	NW_005085189v1	1521	1003804560
scaff_group_021	NW_005085190v1	3496	1003808056
scaff_group_021	NW_005085191v1	1514	1003809570
scaff_group_021	NW_005085192v1	1461	1003811031
scaff_group_021	NW_005085193v1	1519	1003812550
scaff_group_021	NW_005085194v1	1517	1003814067
scaff_group_021	NW_005085195v1	1465	1003815532
scaff_group_021	NW_005085196v1	1410	1003816942
scaff_group_021	NW_005085197v1	1518	1003818460
scaff_group_021	NW_005085198v1	1414	1003819874
scaff_group_021	NW_005085199v1	1434	1003821308
scaff_group_021	NW_005085200v1	1515	1003822823
scaff_group_021	NW_005085201v1	1515	1003824338
scaff_group_021	NW_005085202v1	1478	1003825816
scaff_group_021	NW_005085203v1	1515	1003827331
scaff_group_021	NW_005085204v1	1489	1003828820
scaff_group_021	NW_005085205v1	1515	1003830335
scaff_group_021	NW_005085206v1	1444	1003831779
scaff_group_021	NW_005085207v1	1396	1003833175
scaff_group_021	NW_005085208v1	3783	1003836958
scaff_group_021	NW_005085209v1	1486	1003838444
scaff_group_021	NW_005085210v1	1474	1003839918
scaff_group_021	NW_005085211v1	1452	1003841370
scaff_group_021	NW_005085212v1	2672	1003844042
scaff_group_021	NW_005085213v1	1414	1003845456
scaff_group_021	NW_005085214v1	1510	1003846966
scaff_group_021	NW_005085215v1	1414	1003848380
scaff_group_021	NW_005085216v1	1510	1003849890
scaff_group_021	NW_005085217v1	1438	1003851328
scaff_group_021	NW_005085218v1	1445	1003852773
scaff_group_021	NW_005085219v1	1401	1003854174
scaff_group_021	NW_005085220v1	2436	1003856610
scaff_group_021	NW_005085221v1	1388	1003857998
scaff_group_021	NW_005085222v1	1508	1003859506
scaff_group_021	NW_005085223v1	1448	1003860954
scaff_group_021	NW_005085224v1	1493	1003862447
scaff_group_021	NW_005085225v1	1397	1003863844
scaff_group_021	NW_005085226v1	1445	1003865289
scaff_group_021	NW_005085227v1	1391	1003866680
scaff_group_021	NW_005085228v1	1406	1003868086
scaff_group_021	NW_005085229v1	1505	1003869591
scaff_group_021	NW_005085230v1	1469	1003871060
scaff_group_021	NW_005085231v1	1471	1003872531
scaff_group_021	NW_005085232v1	1504	1003874035
scaff_group_021	NW_005085233v1	1484	1003875519
scaff_group_021	NW_005085234v1	1494	1003877013
scaff_group_021	NW_005085235v1	1400	1003878413
scaff_group_021	NW_005085236v1	1393	1003879806
scaff_group_021	NW_005085237v1	1479	1003881285
scaff_group_021	NW_005085238v1	1433	1003882718
scaff_group_021	NW_005085239v1	3920	1003886638
scaff_group_021	NW_005085240v1	1403	1003888041
scaff_group_021	NW_005085241v1	1441	1003889482
scaff_group_021	NW_005085242v1	3584	1003893066
scaff_group_021	NW_005085243v1	1398	1003894464
scaff_group_021	NW_005085244v1	2708	1003897172
scaff_group_021	NW_005085245v1	1440	1003898612
scaff_group_021	NW_005085246v1	1904	1003900516
scaff_group_021	NW_005085247v1	1381	1003901897
scaff_group_021	NW_005085248v1	1456	1003903353
scaff_group_021	NW_005085249v1	1497	1003904850
scaff_group_021	NW_005085250v1	1400	1003906250
scaff_group_021	NW_005085251v1	1424	1003907674
scaff_group_021	NW_005085252v1	1421	1003909095
scaff_group_021	NW_005085253v1	4294	1003913389
scaff_group_021	NW_005085254v1	1484	1003914873
scaff_group_021	NW_005085255v1	1494	1003916367
scaff_group_021	NW_005085256v1	1373	1003917740
scaff_group_021	NW_005085257v1	1468	1003919208
scaff_group_021	NW_005085258v1	1444	1003920652
scaff_group_021	NW_005085259v1	6293	1003926945
scaff_group_021	NW_005085260v1	1432	1003928377
scaff_group_021	NW_005085261v1	1371	1003929748
scaff_group_021	NW_005085262v1	1492	1003931240
scaff_group_021	NW_005085263v1	1470	1003932710
scaff_group_021	NW_005085264v1	1435	1003934145
scaff_group_021	NW_005085265v1	1431	1003935576
scaff_group_021	NW_005085266v1	1463	1003937039
scaff_group_021	NW_005085267v1	2050	1003939089
scaff_group_021	NW_005085268v1	1434	1003940523
scaff_group_021	NW_005085269v1	1488	1003942011
scaff_group_021	NW_005085270v1	2603	1003944614
scaff_group_021	NW_005085271v1	3724	1003948338
scaff_group_021	NW_005085272v1	1413	1003949751
scaff_group_021	NW_005085273v1	1488	1003951239
scaff_group_021	NW_005085274v1	1478	1003952717
scaff_group_021	NW_005085275v1	1389	1003954106
scaff_group_021	NW_005085276v1	2480	1003956586
scaff_group_021	NW_005085277v1	2731	1003959317
scaff_group_021	NW_005085278v1	1487	1003960804
scaff_group_021	NW_005085279v1	1426	1003962230
scaff_group_021	NW_005085280v1	1390	1003963620
scaff_group_021	NW_005085281v1	1444	1003965064
scaff_group_021	NW_005085282v1	3269	1003968333
scaff_group_021	NW_005085283v1	1430	1003969763
scaff_group_021	NW_005085284v1	1434	1003971197
scaff_group_021	NW_005085285v1	1367	1003972564
scaff_group_021	NW_005085286v1	1384	1003973948
scaff_group_021	NW_005085287v1	1390	1003975338
scaff_group_021	NW_005085288v1	2875	1003978213
scaff_group_021	NW_005085289v1	3536	1003981749
scaff_group_021	NW_005085290v1	1445	1003983194
scaff_group_021	NW_005085291v1	1402	1003984596
scaff_group_021	NW_005085292v1	1387	1003985983
scaff_group_021	NW_005085293v1	1450	1003987433
scaff_group_021	NW_005085294v1	2190	1003989623
scaff_group_021	NW_005085295v1	1430	1003991053
scaff_group_021	NW_005085296v1	1371	1003992424
scaff_group_021	NW_005085297v1	4436	1003996860
scaff_group_021	NW_005085298v1	1466	1003998326
scaff_group_021	NW_005085299v1	1478	1003999804
scaff_group_021	NW_005085300v1	1428	1004001232
scaff_group_021	NW_005085301v1	1417	1004002649
scaff_group_021	NW_005085302v1	1478	1004004127
scaff_group_021	NW_005085303v1	1379	1004005506
scaff_group_021	NW_005085304v1	1414	1004006920
scaff_group_021	NW_005085305v1	1477	1004008397
scaff_group_021	NW_005085306v1	1477	1004009874
scaff_group_021	NW_005085307v1	1358	1004011232
scaff_group_021	NW_005085308v1	1356	1004012588
scaff_group_021	NW_005085309v1	1403	1004013991
scaff_group_021	NW_005085310v1	1476	1004015467
scaff_group_021	NW_005085311v1	2265	1004017732
scaff_group_021	NW_005085312v1	1464	1004019196
scaff_group_021	NW_005085313v1	1476	1004020672
scaff_group_021	NW_005085314v1	1448	1004022120
scaff_group_021	NW_005085315v1	1459	1004023579
scaff_group_021	NW_005085316v1	1421	1004025000
scaff_group_021	NW_005085317v1	2377	1004027377
scaff_group_021	NW_005085318v1	1469	1004028846
scaff_group_021	NW_005085319v1	1406	1004030252
scaff_group_021	NW_005085320v1	1473	1004031725
scaff_group_021	NW_005085321v1	1397	1004033122
scaff_group_021	NW_005085322v1	1431	1004034553
scaff_group_021	NW_005085323v1	1470	1004036023
scaff_group_021	NW_005085324v1	1431	1004037454
scaff_group_021	NW_005085325v1	1395	1004038849
scaff_group_021	NW_005085326v1	1362	1004040211
scaff_group_021	NW_005085327v1	1422	1004041633
scaff_group_021	NW_005085328v1	1429	1004043062
scaff_group_021	NW_005085329v1	1470	1004044532
scaff_group_021	NW_005085330v1	1415	1004045947
scaff_group_021	NW_005085331v1	1349	1004047296
scaff_group_021	NW_005085332v1	1468	1004048764
scaff_group_021	NW_005085333v1	1420	1004050184
scaff_group_021	NW_005085334v1	1406	1004051590
scaff_group_021	NW_005085335v1	1356	1004052946
scaff_group_021	NW_005085336v1	1405	1004054351
scaff_group_021	NW_005085337v1	1344	1004055695
scaff_group_021	NW_005085338v1	1374	1004057069
scaff_group_021	NW_005085339v1	1408	1004058477
scaff_group_021	NW_005085340v1	4799	1004063276
scaff_group_021	NW_005085341v1	1399	1004064675
scaff_group_021	NW_005085342v1	1394	1004066069
scaff_group_021	NW_005085343v1	1435	1004067504
scaff_group_021	NW_005085344v1	3296	1004070800
scaff_group_021	NW_005085345v1	1438	1004072238
scaff_group_021	NW_005085346v1	1381	1004073619
scaff_group_021	NW_005085347v1	1456	1004075075
scaff_group_021	NW_005085348v1	1462	1004076537
scaff_group_021	NW_005085349v1	1403	1004077940
scaff_group_021	NW_005085350v1	3796	1004081736
scaff_group_021	NW_005085351v1	1342	1004083078
scaff_group_021	NW_005085352v1	1395	1004084473
scaff_group_021	NW_005085353v1	6006	1004090479
scaff_group_021	NW_005085354v1	1347	1004091826
scaff_group_021	NW_005085355v1	4760	1004096586
scaff_group_021	NW_005085356v1	1460	1004098046
scaff_group_021	NW_005085357v1	1399	1004099445
scaff_group_021	NW_005085358v1	9329	1004108774
scaff_group_021	NW_005085359v1	1427	1004110201
scaff_group_021	NW_005085360v1	2778	1004112979
scaff_group_021	NW_005085361v1	1407	1004114386
scaff_group_021	NW_005085362v1	1457	1004115843
scaff_group_021	NW_005085363v1	1428	1004117271
scaff_group_021	NW_005085364v1	1349	1004118620
scaff_group_021	NW_005085365v1	1395	1004120015
scaff_group_021	NW_005085366v1	1339	1004121354
scaff_group_021	NW_005085367v1	2630	1004123984
scaff_group_021	NW_005085368v1	1455	1004125439
scaff_group_021	NW_005085369v1	1351	1004126790
scaff_group_021	NW_005085370v1	1356	1004128146
scaff_group_021	NW_005085371v1	1337	1004129483
scaff_group_021	NW_005085372v1	1340	1004130823
scaff_group_021	NW_005085373v1	4111	1004134934
scaff_group_021	NW_005085374v1	1410	1004136344
scaff_group_021	NW_005085375v1	1399	1004137743
scaff_group_021	NW_005085376v1	1413	1004139156
scaff_group_021	NW_005085377v1	1451	1004140607
scaff_group_021	NW_005085378v1	1412	1004142019
scaff_group_021	NW_005085379v1	1337	1004143356
scaff_group_021	NW_005085380v1	1395	1004144751
scaff_group_021	NW_005085381v1	1450	1004146201
scaff_group_021	NW_005085382v1	1396	1004147597
scaff_group_021	NW_005085383v1	1347	1004148944
scaff_group_021	NW_005085384v1	3219	1004152163
scaff_group_021	NW_005085385v1	3578	1004155741
scaff_group_021	NW_005085386v1	1389	1004157130
scaff_group_021	NW_005085387v1	1365	1004158495
scaff_group_021	NW_005085388v1	1353	1004159848
scaff_group_021	NW_005085389v1	3400	1004163248
scaff_group_021	NW_005085390v1	2660	1004165908
scaff_group_021	NW_005085391v1	1401	1004167309
scaff_group_021	NW_005085392v1	1337	1004168646
scaff_group_021	NW_005085393v1	1330	1004169976
scaff_group_021	NW_005085394v1	1447	1004171423
scaff_group_021	NW_005085395v1	3631	1004175054
scaff_group_021	NW_005085396v1	1354	1004176408
scaff_group_021	NW_005085397v1	1439	1004177847
scaff_group_021	NW_005085398v1	1385	1004179232
scaff_group_021	NW_005085399v1	1421	1004180653
scaff_group_021	NW_005085400v1	1398	1004182051
scaff_group_021	NW_005085401v1	3761	1004185812
scaff_group_021	NW_005085402v1	1422	1004187234
scaff_group_021	NW_005085403v1	1442	1004188676
scaff_group_021	NW_005085404v1	6291	1004194967
scaff_group_021	NW_005085405v1	1442	1004196409
scaff_group_021	NW_005085406v1	1395	1004197804
scaff_group_021	NW_005085407v1	1327	1004199131
scaff_group_021	NW_005085408v1	1440	1004200571
scaff_group_021	NW_005085409v1	1414	1004201985
scaff_group_021	NW_005085410v1	2516	1004204501
scaff_group_021	NW_005085411v1	3810	1004208311
scaff_group_021	NW_005085412v1	1440	1004209751
scaff_group_021	NW_005085413v1	1357	1004211108
scaff_group_021	NW_005085414v1	1330	1004212438
scaff_group_021	NW_005085415v1	1387	1004213825
scaff_group_021	NW_005085416v1	1421	1004215246
scaff_group_021	NW_005085417v1	1427	1004216673
scaff_group_021	NW_005085418v1	1341	1004218014
scaff_group_021	NW_005085419v1	4321	1004222335
scaff_group_021	NW_005085420v1	1327	1004223662
scaff_group_021	NW_005085421v1	1362	1004225024
scaff_group_021	NW_005085422v1	1379	1004226403
scaff_group_021	NW_005085423v1	1364	1004227767
scaff_group_021	NW_005085424v1	1334	1004229101
scaff_group_021	NW_005085425v1	1418	1004230519
scaff_group_021	NW_005085426v1	1354	1004231873
scaff_group_021	NW_005085427v1	1391	1004233264
scaff_group_021	NW_005085428v1	2634	1004235898
scaff_group_021	NW_005085429v1	1313	1004237211
scaff_group_021	NW_005085430v1	1415	1004238626
scaff_group_021	NW_005085431v1	1393	1004240019
scaff_group_021	NW_005085432v1	1367	1004241386
scaff_group_021	NW_005085433v1	1332	1004242718
scaff_group_021	NW_005085434v1	1395	1004244113
scaff_group_021	NW_005085435v1	1376	1004245489
scaff_group_021	NW_005085436v1	4420	1004249909
scaff_group_021	NW_005085437v1	1369	1004251278
scaff_group_021	NW_005085438v1	1432	1004252710
scaff_group_021	NW_005085439v1	16907	1004269617
scaff_group_021	NW_005085440v1	1312	1004270929
scaff_group_021	NW_005085441v1	2622	1004273551
scaff_group_021	NW_005085442v1	1397	1004274948
scaff_group_021	NW_005085443v1	2469	1004277417
scaff_group_021	NW_005085444v1	5263	1004282680
scaff_group_021	NW_005085445v1	1364	1004284044
scaff_group_021	NW_005085446v1	1383	1004285427
scaff_group_021	NW_005085447v1	2706	1004288133
scaff_group_021	NW_005085448v1	1428	1004289561
scaff_group_021	NW_005085449v1	1367	1004290928
scaff_group_021	NW_005085450v1	1367	1004292295
scaff_group_021	NW_005085451v1	4796	1004297091
scaff_group_021	NW_005085452v1	3945	1004301036
scaff_group_021	NW_005085453v1	1376	1004302412
scaff_group_021	NW_005085454v1	1332	1004303744
scaff_group_021	NW_005085455v1	1320	1004305064
scaff_group_021	NW_005085456v1	1321	1004306385
scaff_group_021	NW_005085457v1	2160	1004308545
scaff_group_021	NW_005085458v1	1376	1004309921
scaff_group_021	NW_005085459v1	1367	1004311288
scaff_group_021	NW_005085460v1	4234	1004315522
scaff_group_021	NW_005085461v1	3673	1004319195
scaff_group_021	NW_005085462v1	2686	1004321881
scaff_group_021	NW_005085463v1	1338	1004323219
scaff_group_021	NW_005085464v1	1424	1004324643
scaff_group_021	NW_005085465v1	1425	1004326068
scaff_group_021	NW_005085466v1	1400	1004327468
scaff_group_021	NW_005085467v1	1423	1004328891
scaff_group_021	NW_005085468v1	1384	1004330275
scaff_group_021	NW_005085469v1	1379	1004331654
scaff_group_021	NW_005085470v1	1321	1004332975
scaff_group_021	NW_005085471v1	1318	1004334293
scaff_group_021	NW_005085472v1	1359	1004335652
scaff_group_021	NW_005085473v1	1428	1004337080
scaff_group_021	NW_005085474v1	1315	1004338395
scaff_group_021	NW_005085475v1	1385	1004339780
scaff_group_021	NW_005085476v1	1300	1004341080
scaff_group_021	NW_005085477v1	3701	1004344781
scaff_group_021	NW_005085478v1	1363	1004346144
scaff_group_021	NW_005085479v1	1334	1004347478
scaff_group_021	NW_005085480v1	1368	1004348846
scaff_group_021	NW_005085481v1	1386	1004350232
scaff_group_021	NW_005085482v1	1365	1004351597
scaff_group_021	NW_005085483v1	1387	1004352984
scaff_group_021	NW_005085484v1	1299	1004354283
scaff_group_021	NW_005085485v1	1300	1004355583
scaff_group_021	NW_005085486v1	1322	1004356905
scaff_group_021	NW_005085487v1	1359	1004358264
scaff_group_021	NW_005085488v1	2284	1004360548
scaff_group_021	NW_005085489v1	1295	1004361843
scaff_group_021	NW_005085490v1	2677	1004364520
scaff_group_021	NW_005085491v1	5685	1004370205
scaff_group_021	NW_005085492v1	1356	1004371561
scaff_group_021	NW_005085493v1	1373	1004372934
scaff_group_021	NW_005085494v1	1375	1004374309
scaff_group_021	NW_005085495v1	1413	1004375722
scaff_group_021	NW_005085496v1	2146	1004377868
scaff_group_021	NW_005085497v1	1366	1004379234
scaff_group_021	NW_005085498v1	1322	1004380556
scaff_group_021	NW_005085499v1	2325	1004382881
scaff_group_021	NW_005085500v1	1410	1004384291
scaff_group_021	NW_005085501v1	1293	1004385584
scaff_group_021	NW_005085502v1	1355	1004386939
scaff_group_021	NW_005085503v1	1376	1004388315
scaff_group_021	NW_005085504v1	1357	1004389672
scaff_group_021	NW_005085505v1	1408	1004391080
scaff_group_021	NW_005085506v1	1402	1004392482
scaff_group_021	NW_005085507v1	1358	1004393840
scaff_group_021	NW_005085508v1	2722	1004396562
scaff_group_021	NW_005085509v1	1317	1004397879
scaff_group_021	NW_005085510v1	1353	1004399232
scaff_group_021	NW_005085511v1	1366	1004400598
scaff_group_021	NW_005085512v1	1317	1004401915
scaff_group_021	NW_005085513v1	4490	1004406405
scaff_group_021	NW_005085514v1	1351	1004407756
scaff_group_021	NW_005085515v1	1310	1004409066
scaff_group_021	NW_005085516v1	1353	1004410419
scaff_group_021	NW_005085517v1	1365	1004411784
scaff_group_021	NW_005085518v1	1341	1004413125
scaff_group_021	NW_005085519v1	1371	1004414496
scaff_group_021	NW_005085520v1	3844	1004418340
scaff_group_021	NW_005085521v1	1286	1004419626
scaff_group_021	NW_005085522v1	2147	1004421773
scaff_group_021	NW_005085523v1	1334	1004423107
scaff_group_021	NW_005085524v1	1402	1004424509
scaff_group_021	NW_005085525v1	2640	1004427149
scaff_group_021	NW_005085526v1	1398	1004428547
scaff_group_021	NW_005085527v1	1285	1004429832
scaff_group_021	NW_005085528v1	1386	1004431218
scaff_group_021	NW_005085529v1	2489	1004433707
scaff_group_021	NW_005085530v1	2141	1004435848
scaff_group_021	NW_005085531v1	1380	1004437228
scaff_group_021	NW_005085532v1	1282	1004438510
scaff_group_021	NW_005085533v1	1399	1004439909
scaff_group_021	NW_005085534v1	1393	1004441302
scaff_group_021	NW_005085535v1	1339	1004442641
scaff_group_021	NW_005085536v1	1289	1004443930
scaff_group_021	NW_005085537v1	1347	1004445277
scaff_group_021	NW_005085538v1	1345	1004446622
scaff_group_021	NW_005085539v1	1276	1004447898
scaff_group_021	NW_005085540v1	1338	1004449236
scaff_group_021	NW_005085541v1	1395	1004450631
scaff_group_021	NW_005085542v1	1280	1004451911
scaff_group_021	NW_005085543v1	1396	1004453307
scaff_group_021	NW_005085544v1	1285	1004454592
scaff_group_021	NW_005085545v1	1283	1004455875
scaff_group_021	NW_005085546v1	1335	1004457210
scaff_group_021	NW_005085547v1	1359	1004458569
scaff_group_021	NW_005085548v1	1302	1004459871
scaff_group_021	NW_005085549v1	1312	1004461183
scaff_group_021	NW_005085550v1	1333	1004462516
scaff_group_021	NW_005085551v1	1353	1004463869
scaff_group_021	NW_005085552v1	1335	1004465204
scaff_group_021	NW_005085553v1	1346	1004466550
scaff_group_021	NW_005085554v1	1357	1004467907
scaff_group_021	NW_005085555v1	4470	1004472377
scaff_group_021	NW_005085556v1	1390	1004473767
scaff_group_021	NW_005085557v1	3630	1004477397
scaff_group_021	NW_005085558v1	1390	1004478787
scaff_group_021	NW_005085559v1	1390	1004480177
scaff_group_021	NW_005085560v1	2421	1004482598
scaff_group_021	NW_005085561v1	1370	1004483968
scaff_group_021	NW_005085562v1	1296	1004485264
scaff_group_021	NW_005085563v1	3972	1004489236
scaff_group_021	NW_005085564v1	1389	1004490625
scaff_group_021	NW_005085565v1	1388	1004492013
scaff_group_021	NW_005085566v1	9247	1004501260
scaff_group_021	NW_005085567v1	1329	1004502589
scaff_group_021	NW_005085568v1	1357	1004503946
scaff_group_021	NW_005085569v1	3694	1004507640
scaff_group_021	NW_005085570v1	1273	1004508913
scaff_group_021	NW_005085571v1	1265	1004510178
scaff_group_021	NW_005085572v1	7441	1004517619
scaff_group_021	NW_005085573v1	1386	1004519005
scaff_group_021	NW_005085574v1	3248	1004522253
scaff_group_021	NW_005085575v1	1385	1004523638
scaff_group_021	NW_005085576v1	1325	1004524963
scaff_group_021	NW_005085577v1	1273	1004526236
scaff_group_021	NW_005085578v1	1385	1004527621
scaff_group_021	NW_005085579v1	1385	1004529006
scaff_group_021	NW_005085580v1	2417	1004531423
scaff_group_021	NW_005085581v1	1277	1004532700
scaff_group_021	NW_005085582v1	1329	1004534029
scaff_group_021	NW_005085583v1	1323	1004535352
scaff_group_021	NW_005085584v1	1380	1004536732
scaff_group_021	NW_005085585v1	1383	1004538115
scaff_group_021	NW_005085586v1	1323	1004539438
scaff_group_021	NW_005085587v1	1282	1004540720
scaff_group_021	NW_005085588v1	1338	1004542058
scaff_group_021	NW_005085589v1	1353	1004543411
scaff_group_021	NW_005085590v1	1320	1004544731
scaff_group_021	NW_005085591v1	1382	1004546113
scaff_group_021	NW_005085592v1	1330	1004547443
scaff_group_021	NW_005085593v1	1325	1004548768
scaff_group_021	NW_005085594v1	1322	1004550090
scaff_group_021	NW_005085595v1	1376	1004551466
scaff_group_021	NW_005085596v1	1357	1004552823
scaff_group_021	NW_005085597v1	1267	1004554090
scaff_group_021	NW_005085598v1	1360	1004555450
scaff_group_021	NW_005085599v1	1355	1004556805
scaff_group_021	NW_005085600v1	1312	1004558117
scaff_group_021	NW_005085601v1	2487	1004560604
scaff_group_021	NW_005085602v1	1336	1004561940
scaff_group_021	NW_005085603v1	1377	1004563317
scaff_group_021	NW_005085604v1	1318	1004564635
scaff_group_021	NW_005085605v1	1254	1004565889
scaff_group_021	NW_005085606v1	1375	1004567264
scaff_group_021	NW_005085607v1	1298	1004568562
scaff_group_021	NW_005085608v1	2191	1004570753
scaff_group_021	NW_005085609v1	1303	1004572056
scaff_group_021	NW_005085610v1	1352	1004573408
scaff_group_021	NW_005085611v1	1318	1004574726
scaff_group_021	NW_005085612v1	1268	1004575994
scaff_group_021	NW_005085613v1	1267	1004577261
scaff_group_021	NW_005085614v1	1373	1004578634
scaff_group_021	NW_005085615v1	1373	1004580007
scaff_group_021	NW_005085616v1	1256	1004581263
scaff_group_021	NW_005085617v1	1320	1004582583
scaff_group_021	NW_005085618v1	3546	1004586129
scaff_group_021	NW_005085619v1	1319	1004587448
scaff_group_021	NW_005085620v1	1254	1004588702
scaff_group_021	NW_005085621v1	9487	1004598189
scaff_group_021	NW_005085622v1	1368	1004599557
scaff_group_021	NW_005085623v1	1368	1004600925
scaff_group_021	NW_005085624v1	1306	1004602231
scaff_group_021	NW_005085625v1	1302	1004603533
scaff_group_021	NW_005085626v1	1275	1004604808
scaff_group_021	NW_005085627v1	1247	1004606055
scaff_group_021	NW_005085628v1	1260	1004607315
scaff_group_021	NW_005085629v1	1298	1004608613
scaff_group_021	NW_005085630v1	1342	1004609955
scaff_group_021	NW_005085631v1	2579	1004612534
scaff_group_021	NW_005085632v1	1306	1004613840
scaff_group_021	NW_005085633v1	1307	1004615147
scaff_group_021	NW_005085634v1	5895	1004621042
scaff_group_021	NW_005085635v1	1330	1004622372
scaff_group_021	NW_005085636v1	1363	1004623735
scaff_group_021	NW_005085637v1	1275	1004625010
scaff_group_021	NW_005085638v1	1363	1004626373
scaff_group_021	NW_005085639v1	11530	1004637903
scaff_group_021	NW_005085640v1	1305	1004639208
scaff_group_021	NW_005085641v1	1338	1004640546
scaff_group_021	NW_005085642v1	1315	1004641861
scaff_group_021	NW_005085643v1	1362	1004643223
scaff_group_021	NW_005085644v1	1318	1004644541
scaff_group_021	NW_005085645v1	1301	1004645842
scaff_group_021	NW_005085646v1	1362	1004647204
scaff_group_021	NW_005085647v1	2377	1004649581
scaff_group_021	NW_005085648v1	1324	1004650905
scaff_group_021	NW_005085649v1	1262	1004652167
scaff_group_021	NW_005085650v1	5855	1004658022
scaff_group_021	NW_005085651v1	1264	1004659286
scaff_group_021	NW_005085652v1	1292	1004660578
scaff_group_021	NW_005085653v1	1257	1004661835
scaff_group_021	NW_005085654v1	5181	1004667016
scaff_group_021	NW_005085655v1	1332	1004668348
scaff_group_021	NW_005085656v1	1358	1004669706
scaff_group_021	NW_005085657v1	1358	1004671064
scaff_group_021	NW_005085658v1	1308	1004672372
scaff_group_021	NW_005085659v1	1357	1004673729
scaff_group_021	NW_005085660v1	1252	1004674981
scaff_group_021	NW_005085661v1	1244	1004676225
scaff_group_021	NW_005085662v1	1314	1004677539
scaff_group_021	NW_005085663v1	1258	1004678797
scaff_group_021	NW_005085664v1	1253	1004680050
scaff_group_021	NW_005085665v1	1356	1004681406
scaff_group_021	NW_005085666v1	1236	1004682642
scaff_group_021	NW_005085667v1	1313	1004683955
scaff_group_021	NW_005085668v1	6218	1004690173
scaff_group_021	NW_005085669v1	1331	1004691504
scaff_group_021	NW_005085670v1	1334	1004692838
scaff_group_021	NW_005085671v1	1264	1004694102
scaff_group_021	NW_005085672v1	1246	1004695348
scaff_group_021	NW_005085673v1	1255	1004696603
scaff_group_021	NW_005085674v1	1331	1004697934
scaff_group_021	NW_005085675v1	1325	1004699259
scaff_group_021	NW_005085676v1	1233	1004700492
scaff_group_021	NW_005085677v1	1288	1004701780
scaff_group_021	NW_005085678v1	1234	1004703014
scaff_group_021	NW_005085679v1	1292	1004704306
scaff_group_021	NW_005085680v1	1341	1004705647
scaff_group_021	NW_005085681v1	1308	1004706955
scaff_group_021	NW_005085682v1	3986	1004710941
scaff_group_021	NW_005085683v1	1254	1004712195
scaff_group_021	NW_005085684v1	1352	1004713547
scaff_group_021	NW_005085685v1	6388	1004719935
scaff_group_021	NW_005085686v1	1285	1004721220
scaff_group_021	NW_005085687v1	1304	1004722524
scaff_group_021	NW_005085688v1	1351	1004723875
scaff_group_021	NW_005085689v1	2431	1004726306
scaff_group_021	NW_005085690v1	1269	1004727575
scaff_group_021	NW_005085691v1	2365	1004729940
scaff_group_021	NW_005085692v1	1300	1004731240
scaff_group_021	NW_005085693v1	1339	1004732579
scaff_group_021	NW_005085694v1	3531	1004736110
scaff_group_021	NW_005085695v1	1284	1004737394
scaff_group_021	NW_005085696v1	3819	1004741213
scaff_group_021	NW_005085697v1	1349	1004742562
scaff_group_021	NW_005085698v1	1266	1004743828
scaff_group_021	NW_005085699v1	1260	1004745088
scaff_group_021	NW_005085700v1	1316	1004746404
scaff_group_021	NW_005085701v1	1323	1004747727
scaff_group_021	NW_005085702v1	3920	1004751647
scaff_group_021	NW_005085703v1	3484	1004755131
scaff_group_021	NW_005085704v1	1336	1004756467
scaff_group_021	NW_005085705v1	1347	1004757814
scaff_group_021	NW_005085706v1	2441	1004760255
scaff_group_021	NW_005085707v1	1235	1004761490
scaff_group_021	NW_005085708v1	1290	1004762780
scaff_group_021	NW_005085709v1	1289	1004764069
scaff_group_021	NW_005085710v1	1338	1004765407
scaff_group_021	NW_005085711v1	1229	1004766636
scaff_group_021	NW_005085712v1	1321	1004767957
scaff_group_021	NW_005085713v1	1228	1004769185
scaff_group_021	NW_005085714v1	8478	1004777663
scaff_group_021	NW_005085715v1	1344	1004779007
scaff_group_021	NW_005085716v1	1305	1004780312
scaff_group_021	NW_005085717v1	1263	1004781575
scaff_group_021	NW_005085718v1	1304	1004782879
scaff_group_021	NW_005085719v1	1228	1004784107
scaff_group_021	NW_005085720v1	1343	1004785450
scaff_group_021	NW_005085721v1	1296	1004786746
scaff_group_021	NW_005085722v1	1263	1004788009
scaff_group_021	NW_005085723v1	1342	1004789351
scaff_group_021	NW_005085724v1	1313	1004790664
scaff_group_021	NW_005085725v1	1317	1004791981
scaff_group_021	NW_005085726v1	1282	1004793263
scaff_group_021	NW_005085727v1	1284	1004794547
scaff_group_021	NW_005085728v1	1328	1004795875
scaff_group_021	NW_005085729v1	1340	1004797215
scaff_group_021	NW_005085730v1	1246	1004798461
scaff_group_021	NW_005085731v1	1340	1004799801
scaff_group_021	NW_005085732v1	1339	1004801140
scaff_group_021	NW_005085733v1	1243	1004802383
scaff_group_021	NW_005085734v1	1221	1004803604
scaff_group_021	NW_005085735v1	1338	1004804942
scaff_group_021	NW_005085736v1	1338	1004806280
scaff_group_021	NW_005085737v1	1316	1004807596
scaff_group_021	NW_005085738v1	1312	1004808908
scaff_group_021	NW_005085739v1	1238	1004810146
scaff_group_021	NW_005085740v1	1283	1004811429
scaff_group_021	NW_005085741v1	1337	1004812766
scaff_group_021	NW_005085742v1	2152	1004814918
scaff_group_021	NW_005085743v1	1263	1004816181
scaff_group_021	NW_005085744v1	1223	1004817404
scaff_group_021	NW_005085745v1	1236	1004818640
scaff_group_021	NW_005085746v1	1253	1004819893
scaff_group_021	NW_005085747v1	1336	1004821229
scaff_group_021	NW_005085748v1	4259	1004825488
scaff_group_021	NW_005085749v1	1253	1004826741
scaff_group_021	NW_005085750v1	1216	1004827957
scaff_group_021	NW_005085751v1	1335	1004829292
scaff_group_021	NW_005085752v1	1290	1004830582
scaff_group_021	NW_005085753v1	1219	1004831801
scaff_group_021	NW_005085754v1	1273	1004833074
scaff_group_021	NW_005085755v1	1226	1004834300
scaff_group_021	NW_005085756v1	1217	1004835517
scaff_group_021	NW_005085757v1	2200	1004837717
scaff_group_021	NW_005085758v1	1243	1004838960
scaff_group_021	NW_005085759v1	1272	1004840232
scaff_group_021	NW_005085760v1	1277	1004841509
scaff_group_021	NW_005085761v1	1299	1004842808
scaff_group_021	NW_005085762v1	1273	1004844081
scaff_group_021	NW_005085763v1	1281	1004845362
scaff_group_021	NW_005085764v1	1273	1004846635
scaff_group_021	NW_005085765v1	1272	1004847907
scaff_group_021	NW_005085766v1	2520	1004850427
scaff_group_021	NW_005085767v1	1270	1004851697
scaff_group_021	NW_005085768v1	1266	1004852963
scaff_group_021	NW_005085769v1	1217	1004854180
scaff_group_021	NW_005085770v1	1274	1004855454
scaff_group_021	NW_005085771v1	1278	1004856732
scaff_group_021	NW_005085772v1	1221	1004857953
scaff_group_021	NW_005085773v1	1210	1004859163
scaff_group_021	NW_005085774v1	1271	1004860434
scaff_group_021	NW_005085775v1	1257	1004861691
scaff_group_021	NW_005085776v1	1326	1004863017
scaff_group_021	NW_005085777v1	1229	1004864246
scaff_group_021	NW_005085778v1	1267	1004865513
scaff_group_021	NW_005085779v1	1218	1004866731
scaff_group_021	NW_005085780v1	1266	1004867997
scaff_group_021	NW_005085781v1	10202	1004878199
scaff_group_021	NW_005085782v1	1212	1004879411
scaff_group_021	NW_005085783v1	1257	1004880668
scaff_group_021	NW_005085784v1	1277	1004881945
scaff_group_021	NW_005085785v1	1249	1004883194
scaff_group_021	NW_005085786v1	1221	1004884415
scaff_group_021	NW_005085787v1	2556	1004886971
scaff_group_021	NW_005085788v1	2306	1004889277
scaff_group_021	NW_005085789v1	1265	1004890542
scaff_group_021	NW_005085790v1	1276	1004891818
scaff_group_021	NW_005085791v1	1203	1004893021
scaff_group_021	NW_005085792v1	1267	1004894288
scaff_group_021	NW_005085793v1	1243	1004895531
scaff_group_021	NW_005085794v1	1273	1004896804
scaff_group_021	NW_005085795v1	1213	1004898017
scaff_group_021	NW_005085796v1	1279	1004899296
scaff_group_021	NW_005085797v1	4812	1004904108
scaff_group_021	NW_005085798v1	2472	1004906580
scaff_group_021	NW_005085799v1	1290	1004907870
scaff_group_021	NW_005085800v1	1227	1004909097
scaff_group_021	NW_005085801v1	1216	1004910313
scaff_group_021	NW_005085802v1	1264	1004911577
scaff_group_021	NW_005085803v1	1322	1004912899
scaff_group_021	NW_005085804v1	1221	1004914120
scaff_group_021	NW_005085805v1	2964	1004917084
scaff_group_021	NW_005085806v1	1322	1004918406
scaff_group_021	NW_005085807v1	2330	1004920736
scaff_group_021	NW_005085808v1	1253	1004921989
scaff_group_021	NW_005085809v1	1260	1004923249
scaff_group_021	NW_005085810v1	1227	1004924476
scaff_group_021	NW_005085811v1	1209	1004925685
scaff_group_021	NW_005085812v1	1218	1004926903
scaff_group_021	NW_005085813v1	8214	1004935117
scaff_group_021	NW_005085814v1	2433	1004937550
scaff_group_021	NW_005085815v1	1276	1004938826
scaff_group_021	NW_005085816v1	1201	1004940027
scaff_group_021	NW_005085817v1	1319	1004941346
scaff_group_021	NW_005085818v1	1257	1004942603
scaff_group_021	NW_005085819v1	1198	1004943801
scaff_group_021	NW_005085820v1	2178	1004945979
scaff_group_021	NW_005085821v1	4121	1004950100
scaff_group_021	NW_005085822v1	1263	1004951363
scaff_group_021	NW_005085823v1	1218	1004952581
scaff_group_021	NW_005085824v1	1249	1004953830
scaff_group_021	NW_005085825v1	1318	1004955148
scaff_group_021	NW_005085826v1	1266	1004956414
scaff_group_021	NW_005085827v1	1266	1004957680
scaff_group_021	NW_005085828v1	1260	1004958940
scaff_group_021	NW_005085829v1	1214	1004960154
scaff_group_021	NW_005085830v1	1262	1004961416
scaff_group_021	NW_005085831v1	1243	1004962659
scaff_group_021	NW_005085832v1	1221	1004963880
scaff_group_021	NW_005085833v1	1250	1004965130
scaff_group_021	NW_005085834v1	1304	1004966434
scaff_group_021	NW_005085835v1	1316	1004967750
scaff_group_021	NW_005085836v1	1316	1004969066
scaff_group_021	NW_005085837v1	1255	1004970321
scaff_group_021	NW_005085838v1	1224	1004971545
scaff_group_021	NW_005085839v1	1315	1004972860
scaff_group_021	NW_005085840v1	1260	1004974120
scaff_group_021	NW_005085841v1	1258	1004975378
scaff_group_021	NW_005085842v1	1254	1004976632
scaff_group_021	NW_005085843v1	1209	1004977841
scaff_group_021	NW_005085844v1	1214	1004979055
scaff_group_021	NW_005085845v1	1313	1004980368
scaff_group_021	NW_005085846v1	1253	1004981621
scaff_group_021	NW_005085847v1	1297	1004982918
scaff_group_021	NW_005085848v1	1223	1004984141
scaff_group_021	NW_005085849v1	1217	1004985358
scaff_group_021	NW_005085850v1	1974	1004987332
scaff_group_021	NW_005085851v1	1254	1004988586
scaff_group_021	NW_005085852v1	1203	1004989789
scaff_group_021	NW_005085853v1	1241	1004991030
scaff_group_021	NW_005085854v1	2341	1004993371
scaff_group_021	NW_005085855v1	1250	1004994621
scaff_group_021	NW_005085856v1	1197	1004995818
scaff_group_021	NW_005085857v1	1193	1004997011
scaff_group_021	NW_005085858v1	7206	1005004217
scaff_group_021	NW_005085859v1	1268	1005005485
scaff_group_021	NW_005085860v1	1310	1005006795
scaff_group_021	NW_005085861v1	1263	1005008058
scaff_group_021	NW_005085862v1	1224	1005009282
scaff_group_021	NW_005085863v1	1303	1005010585
scaff_group_021	NW_005085864v1	1267	1005011852
scaff_group_021	NW_005085865v1	1192	1005013044
scaff_group_021	NW_005085866v1	3452	1005016496
scaff_group_021	NW_005085867v1	1195	1005017691
scaff_group_021	NW_005085868v1	1272	1005018963
scaff_group_021	NW_005085869v1	1994	1005020957
scaff_group_021	NW_005085870v1	1194	1005022151
scaff_group_021	NW_005085871v1	1219	1005023370
scaff_group_021	NW_005085872v1	1250	1005024620
scaff_group_021	NW_005085873v1	1193	1005025813
scaff_group_021	NW_005085874v1	1190	1005027003
scaff_group_021	NW_005085875v1	1222	1005028225
scaff_group_021	NW_005085876v1	1245	1005029470
scaff_group_021	NW_005085877v1	1220	1005030690
scaff_group_021	NW_005085878v1	1252	1005031942
scaff_group_021	NW_005085879v1	2333	1005034275
scaff_group_021	NW_005085880v1	1250	1005035525
scaff_group_021	NW_005085881v1	1285	1005036810
scaff_group_021	NW_005085882v1	1196	1005038006
scaff_group_021	NW_005085883v1	1261	1005039267
scaff_group_021	NW_005085884v1	1305	1005040572
scaff_group_021	NW_005085885v1	1305	1005041877
scaff_group_021	NW_005085886v1	1242	1005043119
scaff_group_021	NW_005085887v1	1231	1005044350
scaff_group_021	NW_005085888v1	1278	1005045628
scaff_group_021	NW_005085889v1	1247	1005046875
scaff_group_021	NW_005085890v1	1258	1005048133
scaff_group_021	NW_005085891v1	2085	1005050218
scaff_group_021	NW_005085892v1	1203	1005051421
scaff_group_021	NW_005085893v1	3619	1005055040
scaff_group_021	NW_005085894v1	1303	1005056343
scaff_group_021	NW_005085895v1	1303	1005057646
scaff_group_021	NW_005085896v1	1302	1005058948
scaff_group_021	NW_005085897v1	1232	1005060180
scaff_group_021	NW_005085898v1	3924	1005064104
scaff_group_021	NW_005085899v1	1243	1005065347
scaff_group_021	NW_005085900v1	1249	1005066596
scaff_group_021	NW_005085901v1	1282	1005067878
scaff_group_021	NW_005085902v1	1266	1005069144
scaff_group_021	NW_005085903v1	1234	1005070378
scaff_group_021	NW_005085904v1	1192	1005071570
scaff_group_021	NW_005085905v1	1301	1005072871
scaff_group_021	NW_005085906v1	1264	1005074135
scaff_group_021	NW_005085907v1	1218	1005075353
scaff_group_021	NW_005085908v1	1218	1005076571
scaff_group_021	NW_005085909v1	1180	1005077751
scaff_group_021	NW_005085910v1	1210	1005078961
scaff_group_021	NW_005085911v1	1242	1005080203
scaff_group_021	NW_005085912v1	1185	1005081388
scaff_group_021	NW_005085913v1	1195	1005082583
scaff_group_021	NW_005085914v1	1234	1005083817
scaff_group_021	NW_005085915v1	1202	1005085019
scaff_group_021	NW_005085916v1	1189	1005086208
scaff_group_021	NW_005085917v1	1177	1005087385
scaff_group_021	NW_005085918v1	1237	1005088622
scaff_group_021	NW_005085919v1	1189	1005089811
scaff_group_021	NW_005085920v1	1187	1005090998
scaff_group_021	NW_005085921v1	1192	1005092190
scaff_group_021	NW_005085922v1	1180	1005093370
scaff_group_021	NW_005085923v1	2430	1005095800
scaff_group_021	NW_005085924v1	2360	1005098160
scaff_group_021	NW_005085925v1	1297	1005099457
scaff_group_021	NW_005085926v1	1226	1005100683
scaff_group_021	NW_005085927v1	1296	1005101979
scaff_group_021	NW_005085928v1	1188	1005103167
scaff_group_021	NW_005085929v1	1268	1005104435
scaff_group_021	NW_005085930v1	1239	1005105674
scaff_group_021	NW_005085931v1	1295	1005106969
scaff_group_021	NW_005085932v1	5415	1005112384
scaff_group_021	NW_005085933v1	3550	1005115934
scaff_group_021	NW_005085934v1	1295	1005117229
scaff_group_021	NW_005085935v1	5783	1005123012
scaff_group_021	NW_005085936v1	1263	1005124275
scaff_group_021	NW_005085937v1	1295	1005125570
scaff_group_021	NW_005085938v1	1266	1005126836
scaff_group_021	NW_005085939v1	1197	1005128033
scaff_group_021	NW_005085940v1	1242	1005129275
scaff_group_021	NW_005085941v1	1294	1005130569
scaff_group_021	NW_005085942v1	2470	1005133039
scaff_group_021	NW_005085943v1	1254	1005134293
scaff_group_021	NW_005085944v1	1292	1005135585
scaff_group_021	NW_005085945v1	1174	1005136759
scaff_group_021	NW_005085946v1	1177	1005137936
scaff_group_021	NW_005085947v1	1207	1005139143
scaff_group_021	NW_005085948v1	1190	1005140333
scaff_group_021	NW_005085949v1	1292	1005141625
scaff_group_021	NW_005085950v1	1231	1005142856
scaff_group_021	NW_005085951v1	1230	1005144086
scaff_group_021	NW_005085952v1	1200	1005145286
scaff_group_021	NW_005085953v1	1191	1005146477
scaff_group_021	NW_005085954v1	1290	1005147767
scaff_group_021	NW_005085955v1	1290	1005149057
scaff_group_021	NW_005085956v1	1290	1005150347
scaff_group_021	NW_005085957v1	1290	1005151637
scaff_group_021	NW_005085958v1	1181	1005152818
scaff_group_021	NW_005085959v1	1177	1005153995
scaff_group_021	NW_005085960v1	1289	1005155284
scaff_group_021	NW_005085961v1	1249	1005156533
scaff_group_021	NW_005085962v1	1217	1005157750
scaff_group_021	NW_005085963v1	1289	1005159039
scaff_group_021	NW_005085964v1	1277	1005160316
scaff_group_021	NW_005085965v1	1272	1005161588
scaff_group_021	NW_005085966v1	1228	1005162816
scaff_group_021	NW_005085967v1	1189	1005164005
scaff_group_021	NW_005085968v1	1234	1005165239
scaff_group_021	NW_005085969v1	1223	1005166462
scaff_group_021	NW_005085970v1	1285	1005167747
scaff_group_021	NW_005085971v1	1193	1005168940
scaff_group_021	NW_005085972v1	1229	1005170169
scaff_group_021	NW_005085973v1	1228	1005171397
scaff_group_021	NW_005085974v1	1164	1005172561
scaff_group_021	NW_005085975v1	1227	1005173788
scaff_group_021	NW_005085976v1	1231	1005175019
scaff_group_021	NW_005085977v1	1247	1005176266
scaff_group_021	NW_005085978v1	1284	1005177550
scaff_group_021	NW_005085979v1	2445	1005179995
scaff_group_021	NW_005085980v1	1166	1005181161
scaff_group_021	NW_005085981v1	1225	1005182386
scaff_group_021	NW_005085982v1	1200	1005183586
scaff_group_021	NW_005085983v1	1190	1005184776
scaff_group_021	NW_005085984v1	1216	1005185992
scaff_group_021	NW_005085985v1	2304	1005188296
scaff_group_021	NW_005085986v1	1248	1005189544
scaff_group_021	NW_005085987v1	2176	1005191720
scaff_group_021	NW_005085988v1	3695	1005195415
scaff_group_021	NW_005085989v1	1262	1005196677
scaff_group_021	NW_005085990v1	1222	1005197899
scaff_group_021	NW_005085991v1	1228	1005199127
scaff_group_021	NW_005085992v1	1241	1005200368
scaff_group_021	NW_005085993v1	1192	1005201560
scaff_group_021	NW_005085994v1	1221	1005202781
scaff_group_021	NW_005085995v1	2254	1005205035
scaff_group_021	NW_005085996v1	1225	1005206260
scaff_group_021	NW_005085997v1	3713	1005209973
scaff_group_021	NW_005085998v1	1165	1005211138
scaff_group_021	NW_005085999v1	1202	1005212340
scaff_group_021	NW_005086000v1	2409	1005214749
scaff_group_021	NW_005086001v1	1175	1005215924
scaff_group_021	NW_005086002v1	1251	1005217175
scaff_group_021	NW_005086003v1	1280	1005218455
scaff_group_021	NW_005086004v1	1280	1005219735
scaff_group_021	NW_005086005v1	1172	1005220907
scaff_group_021	NW_005086006v1	1197	1005222104
scaff_group_021	NW_005086007v1	1172	1005223276
scaff_group_021	NW_005086008v1	1173	1005224449
scaff_group_021	NW_005086009v1	1274	1005225723
scaff_group_021	NW_005086010v1	1171	1005226894
scaff_group_021	NW_005086011v1	1223	1005228117
scaff_group_021	NW_005086012v1	1278	1005229395
scaff_group_021	NW_005086013v1	1241	1005230636
scaff_group_021	NW_005086014v1	1233	1005231869
scaff_group_021	NW_005086015v1	1229	1005233098
scaff_group_021	NW_005086016v1	1278	1005234376
scaff_group_021	NW_005086017v1	1216	1005235592
scaff_group_021	NW_005086018v1	3403	1005238995
scaff_group_021	NW_005086019v1	1217	1005240212
scaff_group_021	NW_005086020v1	1179	1005241391
scaff_group_021	NW_005086021v1	3303	1005244694
scaff_group_021	NW_005086022v1	1173	1005245867
scaff_group_021	NW_005086023v1	1263	1005247130
scaff_group_021	NW_005086024v1	1164	1005248294
scaff_group_021	NW_005086025v1	1194	1005249488
scaff_group_021	NW_005086026v1	1156	1005250644
scaff_group_021	NW_005086027v1	1235	1005251879
scaff_group_021	NW_005086028v1	1174	1005253053
scaff_group_021	NW_005086029v1	1275	1005254328
scaff_group_021	NW_005086030v1	1274	1005255602
scaff_group_021	NW_005086031v1	1196	1005256798
scaff_group_021	NW_005086032v1	1177	1005257975
scaff_group_021	NW_005086033v1	1154	1005259129
scaff_group_021	NW_005086034v1	1273	1005260402
scaff_group_021	NW_005086035v1	1190	1005261592
scaff_group_021	NW_005086036v1	1184	1005262776
scaff_group_021	NW_005086037v1	1153	1005263929
scaff_group_021	NW_005086038v1	1272	1005265201
scaff_group_021	NW_005086039v1	1160	1005266361
scaff_group_021	NW_005086040v1	1166	1005267527
scaff_group_021	NW_005086041v1	1196	1005268723
scaff_group_021	NW_005086042v1	1271	1005269994
scaff_group_021	NW_005086043v1	4089	1005274083
scaff_group_021	NW_005086044v1	1270	1005275353
scaff_group_021	NW_005086045v1	1209	1005276562
scaff_group_021	NW_005086046v1	1269	1005277831
scaff_group_021	NW_005086047v1	3784	1005281615
scaff_group_021	NW_005086048v1	1269	1005282884
scaff_group_021	NW_005086049v1	1268	1005284152
scaff_group_021	NW_005086050v1	1214	1005285366
scaff_group_021	NW_005086051v1	1210	1005286576
scaff_group_021	NW_005086052v1	1215	1005287791
scaff_group_021	NW_005086053v1	1267	1005289058
scaff_group_021	NW_005086054v1	1200	1005290258
scaff_group_021	NW_005086055v1	1267	1005291525
scaff_group_021	NW_005086056v1	1219	1005292744
scaff_group_021	NW_005086057v1	1199	1005293943
scaff_group_021	NW_005086058v1	1238	1005295181
scaff_group_021	NW_005086059v1	2193	1005297374
scaff_group_021	NW_005086060v1	1265	1005298639
scaff_group_021	NW_005086061v1	1163	1005299802
scaff_group_021	NW_005086062v1	1216	1005301018
scaff_group_021	NW_005086063v1	1264	1005302282
scaff_group_021	NW_005086064v1	2303	1005304585
scaff_group_021	NW_005086065v1	1211	1005305796
scaff_group_021	NW_005086066v1	1204	1005307000
scaff_group_021	NW_005086067v1	2222	1005309222
scaff_group_021	NW_005086068v1	3634	1005312856
scaff_group_021	NW_005086069v1	1141	1005313997
scaff_group_021	NW_005086070v1	5346	1005319343
scaff_group_021	NW_005086071v1	1218	1005320561
scaff_group_021	NW_005086072v1	1210	1005321771
scaff_group_021	NW_005086073v1	1140	1005322911
scaff_group_021	NW_005086074v1	1251	1005324162
scaff_group_021	NW_005086075v1	1152	1005325314
scaff_group_021	NW_005086076v1	1166	1005326480
scaff_group_021	NW_005086077v1	1182	1005327662
scaff_group_021	NW_005086078v1	1258	1005328920
scaff_group_021	NW_005086079v1	1162	1005330082
scaff_group_021	NW_005086080v1	1252	1005331334
scaff_group_021	NW_005086081v1	1251	1005332585
scaff_group_021	NW_005086082v1	1258	1005333843
scaff_group_021	NW_005086083v1	1258	1005335101
scaff_group_021	NW_005086084v1	1203	1005336304
scaff_group_021	NW_005086085v1	1153	1005337457
scaff_group_021	NW_005086086v1	1171	1005338628
scaff_group_021	NW_005086087v1	1148	1005339776
scaff_group_021	NW_005086088v1	1202	1005340978
scaff_group_021	NW_005086089v1	1256	1005342234
scaff_group_021	NW_005086090v1	1256	1005343490
scaff_group_021	NW_005086091v1	1174	1005344664
scaff_group_021	NW_005086092v1	1166	1005345830
scaff_group_021	NW_005086093v1	8363	1005354193
scaff_group_021	NW_005086094v1	1239	1005355432
scaff_group_021	NW_005086095v1	1231	1005356663
scaff_group_021	NW_005086096v1	1196	1005357859
scaff_group_021	NW_005086097v1	1195	1005359054
scaff_group_021	NW_005086098v1	1205	1005360259
scaff_group_021	NW_005086099v1	2283	1005362542
scaff_group_021	NW_005086100v1	1158	1005363700
scaff_group_021	NW_005086101v1	1202	1005364902
scaff_group_021	NW_005086102v1	1213	1005366115
scaff_group_021	NW_005086103v1	1157	1005367272
scaff_group_021	NW_005086104v1	1168	1005368440
scaff_group_021	NW_005086105v1	1196	1005369636
scaff_group_021	NW_005086106v1	1170	1005370806
scaff_group_021	NW_005086107v1	1251	1005372057
scaff_group_021	NW_005086108v1	1208	1005373265
scaff_group_021	NW_005086109v1	1221	1005374486
scaff_group_021	NW_005086110v1	1133	1005375619
scaff_group_021	NW_005086111v1	1201	1005376820
scaff_group_021	NW_005086112v1	1141	1005377961
scaff_group_021	NW_005086113v1	1190	1005379151
scaff_group_021	NW_005086114v1	4271	1005383422
scaff_group_021	NW_005086115v1	1149	1005384571
scaff_group_021	NW_005086116v1	1128	1005385699
scaff_group_021	NW_005086117v1	1235	1005386934
scaff_group_021	NW_005086118v1	1208	1005388142
scaff_group_021	NW_005086119v1	2315	1005390457
scaff_group_021	NW_005086120v1	3465	1005393922
scaff_group_021	NW_005086121v1	1126	1005395048
scaff_group_021	NW_005086122v1	1177	1005396225
scaff_group_021	NW_005086123v1	1211	1005397436
scaff_group_021	NW_005086124v1	1169	1005398605
scaff_group_021	NW_005086125v1	1196	1005399801
scaff_group_021	NW_005086126v1	1192	1005400993
scaff_group_021	NW_005086127v1	1247	1005402240
scaff_group_021	NW_005086128v1	1137	1005403377
scaff_group_021	NW_005086129v1	1247	1005404624
scaff_group_021	NW_005086130v1	1180	1005405804
scaff_group_021	NW_005086131v1	1246	1005407050
scaff_group_021	NW_005086132v1	1130	1005408180
scaff_group_021	NW_005086133v1	1246	1005409426
scaff_group_021	NW_005086134v1	1192	1005410618
scaff_group_021	NW_005086135v1	1158	1005411776
scaff_group_021	NW_005086136v1	1136	1005412912
scaff_group_021	NW_005086137v1	3512	1005416424
scaff_group_021	NW_005086138v1	1184	1005417608
scaff_group_021	NW_005086139v1	1184	1005418792
scaff_group_021	NW_005086140v1	1193	1005419985
scaff_group_021	NW_005086141v1	1182	1005421167
scaff_group_021	NW_005086142v1	1169	1005422336
scaff_group_021	NW_005086143v1	1203	1005423539
scaff_group_021	NW_005086144v1	1156	1005424695
scaff_group_021	NW_005086145v1	1191	1005425886
scaff_group_021	NW_005086146v1	7223	1005433109
scaff_group_021	NW_005086147v1	1132	1005434241
scaff_group_021	NW_005086148v1	1189	1005435430
scaff_group_021	NW_005086149v1	1125	1005436555
scaff_group_021	NW_005086150v1	1135	1005437690
scaff_group_021	NW_005086151v1	1182	1005438872
scaff_group_021	NW_005086152v1	1222	1005440094
scaff_group_021	NW_005086153v1	1129	1005441223
scaff_group_021	NW_005086154v1	1178	1005442401
scaff_group_021	NW_005086155v1	1239	1005443640
scaff_group_021	NW_005086156v1	1185	1005444825
scaff_group_021	NW_005086157v1	1178	1005446003
scaff_group_021	NW_005086158v1	1144	1005447147
scaff_group_021	NW_005086159v1	1129	1005448276
scaff_group_021	NW_005086160v1	1122	1005449398
scaff_group_021	NW_005086161v1	1176	1005450574
scaff_group_021	NW_005086162v1	1237	1005451811
scaff_group_021	NW_005086163v1	1149	1005452960
scaff_group_021	NW_005086164v1	1179	1005454139
scaff_group_021	NW_005086165v1	1138	1005455277
scaff_group_021	NW_005086166v1	1185	1005456462
scaff_group_021	NW_005086167v1	1236	1005457698
scaff_group_021	NW_005086168v1	1147	1005458845
scaff_group_021	NW_005086169v1	1189	1005460034
scaff_group_021	NW_005086170v1	1174	1005461208
scaff_group_021	NW_005086171v1	1186	1005462394
scaff_group_021	NW_005086172v1	1153	1005463547
scaff_group_021	NW_005086173v1	1235	1005464782
scaff_group_021	NW_005086174v1	1149	1005465931
scaff_group_021	NW_005086175v1	1177	1005467108
scaff_group_021	NW_005086176v1	1120	1005468228
scaff_group_021	NW_005086177v1	1189	1005469417
scaff_group_021	NW_005086178v1	1193	1005470610
scaff_group_021	NW_005086179v1	1154	1005471764
scaff_group_021	NW_005086180v1	1117	1005472881
scaff_group_021	NW_005086181v1	1220	1005474101
scaff_group_021	NW_005086182v1	1123	1005475224
scaff_group_021	NW_005086183v1	1205	1005476429
scaff_group_021	NW_005086184v1	1177	1005477606
scaff_group_021	NW_005086185v1	2302	1005479908
scaff_group_021	NW_005086186v1	1232	1005481140
scaff_group_021	NW_005086187v1	1157	1005482297
scaff_group_021	NW_005086188v1	1197	1005483494
scaff_group_021	NW_005086189v1	1193	1005484687
scaff_group_021	NW_005086190v1	1220	1005485907
scaff_group_021	NW_005086191v1	1110	1005487017
scaff_group_021	NW_005086192v1	1195	1005488212
scaff_group_021	NW_005086193v1	1188	1005489400
scaff_group_021	NW_005086194v1	3731	1005493131
scaff_group_021	NW_005086195v1	1231	1005494362
scaff_group_021	NW_005086196v1	1218	1005495580
scaff_group_021	NW_005086197v1	1122	1005496702
scaff_group_021	NW_005086198v1	1194	1005497896
scaff_group_021	NW_005086199v1	1170	1005499066
scaff_group_021	NW_005086200v1	1171	1005500237
scaff_group_021	NW_005086201v1	6622	1005506859
scaff_group_021	NW_005086202v1	1121	1005507980
scaff_group_021	NW_005086203v1	1131	1005509111
scaff_group_021	NW_005086204v1	1192	1005510303
scaff_group_021	NW_005086205v1	1172	1005511475
scaff_group_021	NW_005086206v1	1151	1005512626
scaff_group_021	NW_005086207v1	1155	1005513781
scaff_group_021	NW_005086208v1	3511	1005517292
scaff_group_021	NW_005086209v1	4080	1005521372
scaff_group_021	NW_005086210v1	1121	1005522493
scaff_group_021	NW_005086211v1	1147	1005523640
scaff_group_021	NW_005086212v1	1227	1005524867
scaff_group_021	NW_005086213v1	1131	1005525998
scaff_group_021	NW_005086214v1	1177	1005527175
scaff_group_021	NW_005086215v1	1227	1005528402
scaff_group_021	NW_005086216v1	1175	1005529577
scaff_group_021	NW_005086217v1	1161	1005530738
scaff_group_021	NW_005086218v1	1170	1005531908
scaff_group_021	NW_005086219v1	1166	1005533074
scaff_group_021	NW_005086220v1	5841	1005538915
scaff_group_021	NW_005086221v1	1226	1005540141
scaff_group_021	NW_005086222v1	1173	1005541314
scaff_group_021	NW_005086223v1	1107	1005542421
scaff_group_021	NW_005086224v1	1108	1005543529
scaff_group_021	NW_005086225v1	2001	1005545530
scaff_group_021	NW_005086226v1	1191	1005546721
scaff_group_021	NW_005086227v1	1115	1005547836
scaff_group_021	NW_005086228v1	1103	1005548939
scaff_group_021	NW_005086229v1	1164	1005550103
scaff_group_021	NW_005086230v1	4844	1005554947
scaff_group_021	NW_005086231v1	1132	1005556079
scaff_group_021	NW_005086232v1	1166	1005557245
scaff_group_021	NW_005086233v1	1224	1005558469
scaff_group_021	NW_005086234v1	1223	1005559692
scaff_group_021	NW_005086235v1	1112	1005560804
scaff_group_021	NW_005086236v1	1165	1005561969
scaff_group_021	NW_005086237v1	1223	1005563192
scaff_group_021	NW_005086238v1	1102	1005564294
scaff_group_021	NW_005086239v1	1223	1005565517
scaff_group_021	NW_005086240v1	1223	1005566740
scaff_group_021	NW_005086241v1	1137	1005567877
scaff_group_021	NW_005086242v1	1106	1005568983
scaff_group_021	NW_005086243v1	1116	1005570099
scaff_group_021	NW_005086244v1	1222	1005571321
scaff_group_021	NW_005086245v1	1212	1005572533
scaff_group_021	NW_005086246v1	1123	1005573656
scaff_group_021	NW_005086247v1	1118	1005574774
scaff_group_021	NW_005086248v1	1221	1005575995
scaff_group_021	NW_005086249v1	1174	1005577169
scaff_group_021	NW_005086250v1	3943	1005581112
scaff_group_021	NW_005086251v1	1163	1005582275
scaff_group_021	NW_005086252v1	1124	1005583399
scaff_group_021	NW_005086253v1	1150	1005584549
scaff_group_021	NW_005086254v1	1163	1005585712
scaff_group_021	NW_005086255v1	1105	1005586817
scaff_group_021	NW_005086256v1	1127	1005587944
scaff_group_021	NW_005086257v1	1110	1005589054
scaff_group_021	NW_005086258v1	1219	1005590273
scaff_group_021	NW_005086259v1	2066	1005592339
scaff_group_021	NW_005086260v1	1162	1005593501
scaff_group_021	NW_005086261v1	1165	1005594666
scaff_group_021	NW_005086262v1	1132	1005595798
scaff_group_021	NW_005086263v1	1145	1005596943
scaff_group_021	NW_005086264v1	6164	1005603107
scaff_group_021	NW_005086265v1	1195	1005604302
scaff_group_021	NW_005086266v1	1140	1005605442
scaff_group_021	NW_005086267v1	1173	1005606615
scaff_group_021	NW_005086268v1	1178	1005607793
scaff_group_021	NW_005086269v1	1167	1005608960
scaff_group_021	NW_005086270v1	1215	1005610175
scaff_group_021	NW_005086271v1	1158	1005611333
scaff_group_021	NW_005086272v1	1119	1005612452
scaff_group_021	NW_005086273v1	1130	1005613582
scaff_group_021	NW_005086274v1	1162	1005614744
scaff_group_021	NW_005086275v1	1100	1005615844
scaff_group_021	NW_005086276v1	1200	1005617044
scaff_group_021	NW_005086277v1	1161	1005618205
scaff_group_021	NW_005086278v1	2044	1005620249
scaff_group_021	NW_005086279v1	1169	1005621418
scaff_group_021	NW_005086280v1	1214	1005622632
scaff_group_021	NW_005086281v1	3045	1005625677
scaff_group_021	NW_005086282v1	1149	1005626826
scaff_group_021	NW_005086283v1	1167	1005627993
scaff_group_021	NW_005086284v1	1097	1005629090
scaff_group_021	NW_005086285v1	2159	1005631249
scaff_group_021	NW_005086286v1	1152	1005632401
scaff_group_021	NW_005086287v1	1156	1005633557
scaff_group_021	NW_005086288v1	1102	1005634659
scaff_group_021	NW_005086289v1	1128	1005635787
scaff_group_021	NW_005086290v1	1161	1005636948
scaff_group_021	NW_005086291v1	1123	1005638071
scaff_group_021	NW_005086292v1	1212	1005639283
scaff_group_021	NW_005086293v1	1155	1005640438
scaff_group_021	NW_005086294v1	1136	1005641574
scaff_group_021	NW_005086295v1	1150	1005642724
scaff_group_021	NW_005086296v1	1107	1005643831
scaff_group_021	NW_005086297v1	1092	1005644923
scaff_group_021	NW_005086298v1	1166	1005646089
scaff_group_021	NW_005086299v1	1210	1005647299
scaff_group_021	NW_005086300v1	1158	1005648457
scaff_group_021	NW_005086301v1	1180	1005649637
scaff_group_021	NW_005086302v1	1088	1005650725
scaff_group_021	NW_005086303v1	1157	1005651882
scaff_group_021	NW_005086304v1	1128	1005653010
scaff_group_021	NW_005086305v1	1108	1005654118
scaff_group_021	NW_005086306v1	1162	1005655280
scaff_group_021	NW_005086307v1	2261	1005657541
scaff_group_021	NW_005086308v1	1093	1005658634
scaff_group_021	NW_005086309v1	1134	1005659768
scaff_group_021	NW_005086310v1	1150	1005660918
scaff_group_021	NW_005086311v1	1150	1005662068
scaff_group_021	NW_005086312v1	1136	1005663204
scaff_group_021	NW_005086313v1	1100	1005664304
scaff_group_021	NW_005086314v1	1155	1005665459
scaff_group_021	NW_005086315v1	1207	1005666666
scaff_group_021	NW_005086316v1	1149	1005667815
scaff_group_021	NW_005086317v1	1142	1005668957
scaff_group_021	NW_005086318v1	1207	1005670164
scaff_group_021	NW_005086319v1	1207	1005671371
scaff_group_021	NW_005086320v1	1090	1005672461
scaff_group_021	NW_005086321v1	1140	1005673601
scaff_group_021	NW_005086322v1	1151	1005674752
scaff_group_021	NW_005086323v1	1164	1005675916
scaff_group_021	NW_005086324v1	1147	1005677063
scaff_group_021	NW_005086325v1	1109	1005678172
scaff_group_021	NW_005086326v1	1198	1005679370
scaff_group_021	NW_005086327v1	1205	1005680575
scaff_group_021	NW_005086328v1	1163	1005681738
scaff_group_021	NW_005086329v1	1205	1005682943
scaff_group_021	NW_005086330v1	1145	1005684088
scaff_group_021	NW_005086331v1	1147	1005685235
scaff_group_021	NW_005086332v1	1098	1005686333
scaff_group_021	NW_005086333v1	1108	1005687441
scaff_group_021	NW_005086334v1	1098	1005688539
scaff_group_021	NW_005086335v1	1150	1005689689
scaff_group_021	NW_005086336v1	2165	1005691854
scaff_group_021	NW_005086337v1	1145	1005692999
scaff_group_021	NW_005086338v1	1836	1005694835
scaff_group_021	NW_005086339v1	1148	1005695983
scaff_group_021	NW_005086340v1	1117	1005697100
scaff_group_021	NW_005086341v1	1186	1005698286
scaff_group_021	NW_005086342v1	1087	1005699373
scaff_group_021	NW_005086343v1	1203	1005700576
scaff_group_021	NW_005086344v1	1167	1005701743
scaff_group_021	NW_005086345v1	1110	1005702853
scaff_group_021	NW_005086346v1	1106	1005703959
scaff_group_021	NW_005086347v1	1147	1005705106
scaff_group_021	NW_005086348v1	2168	1005707274
scaff_group_021	NW_005086349v1	1102	1005708376
scaff_group_021	NW_005086350v1	1143	1005709519
scaff_group_021	NW_005086351v1	1140	1005710659
scaff_group_021	NW_005086352v1	1107	1005711766
scaff_group_021	NW_005086353v1	1156	1005712922
scaff_group_021	NW_005086354v1	1098	1005714020
scaff_group_021	NW_005086355v1	1099	1005715119
scaff_group_021	NW_005086356v1	1136	1005716255
scaff_group_021	NW_005086357v1	1185	1005717440
scaff_group_021	NW_005086358v1	1085	1005718525
scaff_group_021	NW_005086359v1	1104	1005719629
scaff_group_021	NW_005086360v1	1140	1005720769
scaff_group_021	NW_005086361v1	1200	1005721969
scaff_group_021	NW_005086362v1	1141	1005723110
scaff_group_021	NW_005086363v1	1144	1005724254
scaff_group_021	NW_005086364v1	1199	1005725453
scaff_group_021	NW_005086365v1	1137	1005726590
scaff_group_021	NW_005086366v1	1078	1005727668
scaff_group_021	NW_005086367v1	1156	1005728824
scaff_group_021	NW_005086368v1	1104	1005729928
scaff_group_021	NW_005086369v1	1198	1005731126
scaff_group_021	NW_005086370v1	1141	1005732267
scaff_group_021	NW_005086371v1	1098	1005733365
scaff_group_021	NW_005086372v1	1094	1005734459
scaff_group_021	NW_005086373v1	1196	1005735655
scaff_group_021	NW_005086374v1	1196	1005736851
scaff_group_021	NW_005086375v1	1136	1005737987
scaff_group_021	NW_005086376v1	1151	1005739138
scaff_group_021	NW_005086377v1	1128	1005740266
scaff_group_021	NW_005086378v1	1168	1005741434
scaff_group_021	NW_005086379v1	1140	1005742574
scaff_group_021	NW_005086380v1	1196	1005743770
scaff_group_021	NW_005086381v1	1082	1005744852
scaff_group_021	NW_005086382v1	1092	1005745944
scaff_group_021	NW_005086383v1	1101	1005747045
scaff_group_021	NW_005086384v1	1134	1005748179
scaff_group_021	NW_005086385v1	1123	1005749302
scaff_group_021	NW_005086386v1	1104	1005750406
scaff_group_021	NW_005086387v1	1089	1005751495
scaff_group_021	NW_005086388v1	1150	1005752645
scaff_group_021	NW_005086389v1	1077	1005753722
scaff_group_021	NW_005086390v1	1084	1005754806
scaff_group_021	NW_005086391v1	1158	1005755964
scaff_group_021	NW_005086392v1	1146	1005757110
scaff_group_021	NW_005086393v1	1108	1005758218
scaff_group_021	NW_005086394v1	1149	1005759367
scaff_group_021	NW_005086395v1	1181	1005760548
scaff_group_021	NW_005086396v1	1129	1005761677
scaff_group_021	NW_005086397v1	1130	1005762807
scaff_group_021	NW_005086398v1	1133	1005763940
scaff_group_021	NW_005086399v1	1190	1005765130
scaff_group_021	NW_005086400v1	1109	1005766239
scaff_group_021	NW_005086401v1	1158	1005767397
scaff_group_021	NW_005086402v1	1157	1005768554
scaff_group_021	NW_005086403v1	1081	1005769635
scaff_group_021	NW_005086404v1	1085	1005770720
scaff_group_021	NW_005086405v1	1102	1005771822
scaff_group_021	NW_005086406v1	1168	1005772990
scaff_group_021	NW_005086407v1	1117	1005774107
scaff_group_021	NW_005086408v1	1076	1005775183
scaff_group_021	NW_005086409v1	1179	1005776362
scaff_group_021	NW_005086410v1	1131	1005777493
scaff_group_021	NW_005086411v1	1092	1005778585
scaff_group_021	NW_005086412v1	1078	1005779663
scaff_group_021	NW_005086413v1	1081	1005780744
scaff_group_021	NW_005086414v1	1071	1005781815
scaff_group_021	NW_005086415v1	1132	1005782947
scaff_group_021	NW_005086416v1	1142	1005784089
scaff_group_021	NW_005086417v1	1072	1005785161
scaff_group_021	NW_005086418v1	1189	1005786350
scaff_group_021	NW_005086419v1	1189	1005787539
scaff_group_021	NW_005086420v1	3622	1005791161
scaff_group_021	NW_005086421v1	1130	1005792291
scaff_group_021	NW_005086422v1	1157	1005793448
scaff_group_021	NW_005086423v1	5278	1005798726
scaff_group_021	NW_005086424v1	1140	1005799866
scaff_group_021	NW_005086425v1	1188	1005801054
scaff_group_021	NW_005086426v1	1135	1005802189
scaff_group_021	NW_005086427v1	1186	1005803375
scaff_group_021	NW_005086428v1	1187	1005804562
scaff_group_021	NW_005086429v1	1159	1005805721
scaff_group_021	NW_005086430v1	1131	1005806852
scaff_group_021	NW_005086431v1	1127	1005807979
scaff_group_021	NW_005086432v1	1169	1005809148
scaff_group_021	NW_005086433v1	3233	1005812381
scaff_group_021	NW_005086434v1	1151	1005813532
scaff_group_021	NW_005086435v1	1163	1005814695
scaff_group_021	NW_005086436v1	1128	1005815823
scaff_group_021	NW_005086437v1	1090	1005816913
scaff_group_021	NW_005086438v1	3467	1005820380
scaff_group_021	NW_005086439v1	1135	1005821515
scaff_group_021	NW_005086440v1	1139	1005822654
scaff_group_021	NW_005086441v1	1143	1005823797
scaff_group_021	NW_005086442v1	1071	1005824868
scaff_group_021	NW_005086443v1	1076	1005825944
scaff_group_021	NW_005086444v1	1124	1005827068
scaff_group_021	NW_005086445v1	1116	1005828184
scaff_group_021	NW_005086446v1	1093	1005829277
scaff_group_021	NW_005086447v1	2266	1005831543
scaff_group_021	NW_005086448v1	1100	1005832643
scaff_group_021	NW_005086449v1	1136	1005833779
scaff_group_021	NW_005086450v1	1128	1005834907
scaff_group_021	NW_005086451v1	1125	1005836032
scaff_group_021	NW_005086452v1	1106	1005837138
scaff_group_021	NW_005086453v1	2110	1005839248
scaff_group_021	NW_005086454v1	1093	1005840341
scaff_group_021	NW_005086455v1	1143	1005841484
scaff_group_021	NW_005086456v1	1139	1005842623
scaff_group_021	NW_005086457v1	1125	1005843748
scaff_group_021	NW_005086458v1	1097	1005844845
scaff_group_021	NW_005086459v1	1183	1005846028
scaff_group_021	NW_005086460v1	1072	1005847100
scaff_group_021	NW_005086461v1	1134	1005848234
scaff_group_021	NW_005086462v1	1963	1005850197
scaff_group_021	NW_005086463v1	1177	1005851374
scaff_group_021	NW_005086464v1	1127	1005852501
scaff_group_021	NW_005086465v1	1183	1005853684
scaff_group_021	NW_005086466v1	1065	1005854749
scaff_group_021	NW_005086467v1	1182	1005855931
scaff_group_021	NW_005086468v1	1125	1005857056
scaff_group_021	NW_005086469v1	2277	1005859333
scaff_group_021	NW_005086470v1	1181	1005860514
scaff_group_021	NW_005086471v1	1101	1005861615
scaff_group_021	NW_005086472v1	1084	1005862699
scaff_group_021	NW_005086473v1	1123	1005863822
scaff_group_021	NW_005086474v1	1139	1005864961
scaff_group_021	NW_005086475v1	1128	1005866089
scaff_group_021	NW_005086476v1	1172	1005867261
scaff_group_021	NW_005086477v1	1069	1005868330
scaff_group_021	NW_005086478v1	1180	1005869510
scaff_group_021	NW_005086479v1	1067	1005870577
scaff_group_021	NW_005086480v1	1099	1005871676
scaff_group_021	NW_005086481v1	1152	1005872828
scaff_group_021	NW_005086482v1	1125	1005873953
scaff_group_021	NW_005086483v1	1061	1005875014
scaff_group_021	NW_005086484v1	1076	1005876090
scaff_group_021	NW_005086485v1	1078	1005877168
scaff_group_021	NW_005086486v1	1179	1005878347
scaff_group_021	NW_005086487v1	1134	1005879481
scaff_group_021	NW_005086488v1	1178	1005880659
scaff_group_021	NW_005086489v1	4085	1005884744
scaff_group_021	NW_005086490v1	1150	1005885894
scaff_group_021	NW_005086491v1	1062	1005886956
scaff_group_021	NW_005086492v1	1064	1005888020
scaff_group_021	NW_005086493v1	1125	1005889145
scaff_group_021	NW_005086494v1	1118	1005890263
scaff_group_021	NW_005086495v1	1178	1005891441
scaff_group_021	NW_005086496v1	1110	1005892551
scaff_group_021	NW_005086497v1	1177	1005893728
scaff_group_021	NW_005086498v1	1177	1005894905
scaff_group_021	NW_005086499v1	1057	1005895962
scaff_group_021	NW_005086500v1	1055	1005897017
scaff_group_021	NW_005086501v1	1176	1005898193
scaff_group_021	NW_005086502v1	1057	1005899250
scaff_group_021	NW_005086503v1	1119	1005900369
scaff_group_021	NW_005086504v1	1078	1005901447
scaff_group_021	NW_005086505v1	1066	1005902513
scaff_group_021	NW_005086506v1	12381	1005914894
scaff_group_021	NW_005086507v1	1147	1005916041
scaff_group_021	NW_005086508v1	1058	1005917099
scaff_group_021	NW_005086509v1	1052	1005918151
scaff_group_021	NW_005086510v1	1141	1005919292
scaff_group_021	NW_005086511v1	1056	1005920348
scaff_group_021	NW_005086512v1	1173	1005921521
scaff_group_021	NW_005086513v1	1144	1005922665
scaff_group_021	NW_005086514v1	1170	1005923835
scaff_group_021	NW_005086515v1	3931	1005927766
scaff_group_021	NW_005086516v1	1131	1005928897
scaff_group_021	NW_005086517v1	1065	1005929962
scaff_group_021	NW_005086518v1	1081	1005931043
scaff_group_021	NW_005086519v1	1084	1005932127
scaff_group_021	NW_005086520v1	1074	1005933201
scaff_group_021	NW_005086521v1	1172	1005934373
scaff_group_021	NW_005086522v1	1111	1005935484
scaff_group_021	NW_005086523v1	1093	1005936577
scaff_group_021	NW_005086524v1	1052	1005937629
scaff_group_021	NW_005086525v1	1070	1005938699
scaff_group_021	NW_005086526v1	3771	1005942470
scaff_group_021	NW_005086527v1	1124	1005943594
scaff_group_021	NW_005086528v1	1113	1005944707
scaff_group_021	NW_005086529v1	1077	1005945784
scaff_group_021	NW_005086530v1	1111	1005946895
scaff_group_021	NW_005086531v1	1052	1005947947
scaff_group_021	NW_005086532v1	1157	1005949104
scaff_group_021	NW_005086533v1	1067	1005950171
scaff_group_021	NW_005086534v1	1169	1005951340
scaff_group_021	NW_005086535v1	1052	1005952392
scaff_group_021	NW_005086536v1	1167	1005953559
scaff_group_021	NW_005086537v1	1073	1005954632
scaff_group_021	NW_005086538v1	1147	1005955779
scaff_group_021	NW_005086539v1	1064	1005956843
scaff_group_021	NW_005086540v1	1091	1005957934
scaff_group_021	NW_005086541v1	1066	1005959000
scaff_group_021	NW_005086542v1	1051	1005960051
scaff_group_021	NW_005086543v1	1111	1005961162
scaff_group_021	NW_005086544v1	1147	1005962309
scaff_group_021	NW_005086545v1	1111	1005963420
scaff_group_021	NW_005086546v1	1168	1005964588
scaff_group_021	NW_005086547v1	1106	1005965694
scaff_group_021	NW_005086548v1	1113	1005966807
scaff_group_021	NW_005086549v1	1111	1005967918
scaff_group_021	NW_005086550v1	1058	1005968976
scaff_group_021	NW_005086551v1	1125	1005970101
scaff_group_021	NW_005086552v1	1166	1005971267
scaff_group_021	NW_005086553v1	1082	1005972349
scaff_group_021	NW_005086554v1	1153	1005973502
scaff_group_021	NW_005086555v1	1050	1005974552
scaff_group_021	NW_005086556v1	1045	1005975597
scaff_group_021	NW_005086557v1	1061	1005976658
scaff_group_021	NW_005086558v1	1104	1005977762
scaff_group_021	NW_005086559v1	1111	1005978873
scaff_group_021	NW_005086560v1	1051	1005979924
scaff_group_021	NW_005086561v1	1112	1005981036
scaff_group_021	NW_005086562v1	1087	1005982123
scaff_group_021	NW_005086563v1	1074	1005983197
scaff_group_021	NW_005086564v1	1090	1005984287
scaff_group_021	NW_005086565v1	1092	1005985379
scaff_group_021	NW_005086566v1	1164	1005986543
scaff_group_021	NW_005086567v1	1064	1005987607
scaff_group_021	NW_005086568v1	1085	1005988692
scaff_group_021	NW_005086569v1	1138	1005989830
scaff_group_021	NW_005086570v1	1104	1005990934
scaff_group_021	NW_005086571v1	1133	1005992067
scaff_group_021	NW_005086572v1	1055	1005993122
scaff_group_021	NW_005086573v1	1124	1005994246
scaff_group_021	NW_005086574v1	1061	1005995307
scaff_group_021	NW_005086575v1	1123	1005996430
scaff_group_021	NW_005086576v1	1104	1005997534
scaff_group_021	NW_005086577v1	1105	1005998639
scaff_group_021	NW_005086578v1	1147	1005999786
scaff_group_021	NW_005086579v1	1052	1006000838
scaff_group_021	NW_005086580v1	1113	1006001951
scaff_group_021	NW_005086581v1	1095	1006003046
scaff_group_021	NW_005086582v1	1162	1006004208
scaff_group_021	NW_005086583v1	1162	1006005370
scaff_group_021	NW_005086584v1	3425	1006008795
scaff_group_021	NW_005086585v1	1115	1006009910
scaff_group_021	NW_005086586v1	1084	1006010994
scaff_group_021	NW_005086587v1	1110	1006012104
scaff_group_021	NW_005086588v1	3076	1006015180
scaff_group_021	NW_005086589v1	1134	1006016314
scaff_group_021	NW_005086590v1	1056	1006017370
scaff_group_021	NW_005086591v1	3045	1006020415
scaff_group_021	NW_005086592v1	1061	1006021476
scaff_group_021	NW_005086593v1	1078	1006022554
scaff_group_021	NW_005086594v1	1169	1006023723
scaff_group_021	NW_005086595v1	1073	1006024796
scaff_group_021	NW_005086596v1	1100	1006025896
scaff_group_021	NW_005086597v1	1051	1006026947
scaff_group_021	NW_005086598v1	1047	1006027994
scaff_group_021	NW_005086599v1	1101	1006029095
scaff_group_021	NW_005086600v1	1069	1006030164
scaff_group_021	NW_005086601v1	3275	1006033439
scaff_group_021	NW_005086602v1	1113	1006034552
scaff_group_021	NW_005086603v1	1159	1006035711
scaff_group_021	NW_005086604v1	1098	1006036809
scaff_group_021	NW_005086605v1	1159	1006037968
scaff_group_021	NW_005086606v1	1046	1006039014
scaff_group_021	NW_005086607v1	1108	1006040122
scaff_group_021	NW_005086608v1	1069	1006041191
scaff_group_021	NW_005086609v1	2126	1006043317
scaff_group_021	NW_005086610v1	1133	1006044450
scaff_group_021	NW_005086611v1	1141	1006045591
scaff_group_021	NW_005086612v1	1095	1006046686
scaff_group_021	NW_005086613v1	1035	1006047721
scaff_group_021	NW_005086614v1	1157	1006048878
scaff_group_021	NW_005086615v1	1108	1006049986
scaff_group_021	NW_005086616v1	1114	1006051100
scaff_group_021	NW_005086617v1	1096	1006052196
scaff_group_021	NW_005086618v1	1157	1006053353
scaff_group_021	NW_005086619v1	1039	1006054392
scaff_group_021	NW_005086620v1	1157	1006055549
scaff_group_021	NW_005086621v1	1156	1006056705
scaff_group_021	NW_005086622v1	1111	1006057816
scaff_group_021	NW_005086623v1	1141	1006058957
scaff_group_021	NW_005086624v1	1098	1006060055
scaff_group_021	NW_005086625v1	1035	1006061090
scaff_group_021	NW_005086626v1	1096	1006062186
scaff_group_021	NW_005086627v1	1095	1006063281
scaff_group_021	NW_005086628v1	1059	1006064340
scaff_group_021	NW_005086629v1	1094	1006065434
scaff_group_021	NW_005086630v1	1038	1006066472
scaff_group_021	NW_005086631v1	1049	1006067521
scaff_group_021	NW_005086632v1	1109	1006068630
scaff_group_021	NW_005086633v1	1096	1006069726
scaff_group_021	NW_005086634v1	1103	1006070829
scaff_group_021	NW_005086635v1	1154	1006071983
scaff_group_021	NW_005086636v1	1106	1006073089
scaff_group_021	NW_005086637v1	1035	1006074124
scaff_group_021	NW_005086638v1	1067	1006075191
scaff_group_021	NW_005086639v1	5070	1006080261
scaff_group_021	NW_005086640v1	1043	1006081304
scaff_group_021	NW_005086641v1	1035	1006082339
scaff_group_021	NW_005086642v1	1153	1006083492
scaff_group_021	NW_005086643v1	1032	1006084524
scaff_group_021	NW_005086644v1	1100	1006085624
scaff_group_021	NW_005086645v1	1110	1006086734
scaff_group_021	NW_005086646v1	1098	1006087832
scaff_group_021	NW_005086647v1	1098	1006088930
scaff_group_021	NW_005086648v1	2158	1006091088
scaff_group_021	NW_005086649v1	1111	1006092199
scaff_group_021	NW_005086650v1	1125	1006093324
scaff_group_021	NW_005086651v1	1114	1006094438
scaff_group_021	NW_005086652v1	1113	1006095551
scaff_group_021	NW_005086653v1	1107	1006096658
scaff_group_021	NW_005086654v1	1100	1006097758
scaff_group_021	NW_005086655v1	1035	1006098793
scaff_group_021	NW_005086656v1	1057	1006099850
scaff_group_021	NW_005086657v1	1129	1006100979
scaff_group_021	NW_005086658v1	2187	1006103166
scaff_group_021	NW_005086659v1	1052	1006104218
scaff_group_021	NW_005086660v1	1051	1006105269
scaff_group_021	NW_005086661v1	1043	1006106312
scaff_group_021	NW_005086662v1	1046	1006107358
scaff_group_021	NW_005086663v1	1035	1006108393
scaff_group_021	NW_005086664v1	1085	1006109478
scaff_group_021	NW_005086665v1	1088	1006110566
scaff_group_021	NW_005086666v1	1046	1006111612
scaff_group_021	NW_005086667v1	1148	1006112760
scaff_group_021	NW_005086668v1	2174	1006114934
scaff_group_021	NW_005086669v1	1044	1006115978
scaff_group_021	NW_005086670v1	1129	1006117107
scaff_group_021	NW_005086671v1	1114	1006118221
scaff_group_021	NW_005086672v1	1147	1006119368
scaff_group_021	NW_005086673v1	1039	1006120407
scaff_group_021	NW_005086674v1	1147	1006121554
scaff_group_021	NW_005086675v1	1093	1006122647
scaff_group_021	NW_005086676v1	1107	1006123754
scaff_group_021	NW_005086677v1	1090	1006124844
scaff_group_021	NW_005086678v1	1144	1006125988
scaff_group_021	NW_005086679v1	1087	1006127075
scaff_group_021	NW_005086680v1	1039	1006128114
scaff_group_021	NW_005086681v1	1087	1006129201
scaff_group_021	NW_005086682v1	1036	1006130237
scaff_group_021	NW_005086683v1	1088	1006131325
scaff_group_021	NW_005086684v1	1089	1006132414
scaff_group_021	NW_005086685v1	1027	1006133441
scaff_group_021	NW_005086686v1	1146	1006134587
scaff_group_021	NW_005086687v1	1146	1006135733
scaff_group_021	NW_005086688v1	1145	1006136878
scaff_group_021	NW_005086689v1	1103	1006137981
scaff_group_021	NW_005086690v1	1136	1006139117
scaff_group_021	NW_005086691v1	1025	1006140142
scaff_group_021	NW_005086692v1	1101	1006141243
scaff_group_021	NW_005086693v1	10874	1006152117
scaff_group_021	NW_005086694v1	1100	1006153217
scaff_group_021	NW_005086695v1	1048	1006154265
scaff_group_021	NW_005086696v1	1052	1006155317
scaff_group_021	NW_005086697v1	1052	1006156369
scaff_group_021	NW_005086698v1	1144	1006157513
scaff_group_021	NW_005086699v1	1083	1006158596
scaff_group_021	NW_005086700v1	2038	1006160634
scaff_group_021	NW_005086701v1	1085	1006161719
scaff_group_021	NW_005086702v1	1117	1006162836
scaff_group_021	NW_005086703v1	1052	1006163888
scaff_group_021	NW_005086704v1	1094	1006164982
scaff_group_021	NW_005086705v1	1096	1006166078
scaff_group_021	NW_005086706v1	1029	1006167107
scaff_group_021	NW_005086707v1	1034	1006168141
scaff_group_021	NW_005086708v1	1062	1006169203
scaff_group_021	NW_005086709v1	1105	1006170308
scaff_group_021	NW_005086710v1	1134	1006171442
scaff_group_021	NW_005086711v1	1141	1006172583
scaff_group_021	NW_005086712v1	3697	1006176280
scaff_group_021	NW_005086713v1	1111	1006177391
scaff_group_021	NW_005086714v1	1024	1006178415
scaff_group_021	NW_005086715v1	1077	1006179492
scaff_group_021	NW_005086716v1	1098	1006180590
scaff_group_021	NW_005086717v1	1050	1006181640
scaff_group_021	NW_005086718v1	1039	1006182679
scaff_group_021	NW_005086719v1	1140	1006183819
scaff_group_021	NW_005086720v1	6937	1006190756
scaff_group_021	NW_005086721v1	1033	1006191789
scaff_group_021	NW_005086722v1	1108	1006192897
scaff_group_021	NW_005086723v1	1029	1006193926
scaff_group_021	NW_005086724v1	1020	1006194946
scaff_group_021	NW_005086725v1	1043	1006195989
scaff_group_021	NW_005086726v1	1041	1006197030
scaff_group_021	NW_005086727v1	1091	1006198121
scaff_group_021	NW_005086728v1	1032	1006199153
scaff_group_021	NW_005086729v1	1130	1006200283
scaff_group_021	NW_005086730v1	1073	1006201356
scaff_group_021	NW_005086731v1	1050	1006202406
scaff_group_021	NW_005086732v1	1032	1006203438
scaff_group_021	NW_005086733v1	1084	1006204522
scaff_group_021	NW_005086734v1	1102	1006205624
scaff_group_021	NW_005086735v1	1086	1006206710
scaff_group_021	NW_005086736v1	1032	1006207742
scaff_group_021	NW_005086737v1	1137	1006208879
scaff_group_021	NW_005086738v1	1027	1006209906
scaff_group_021	NW_005086739v1	1081	1006210987
scaff_group_021	NW_005086740v1	1021	1006212008
scaff_group_021	NW_005086741v1	1079	1006213087
scaff_group_021	NW_005086742v1	1016	1006214103
scaff_group_021	NW_005086743v1	1020	1006215123
scaff_group_021	NW_005086744v1	1087	1006216210
scaff_group_021	NW_005086745v1	1086	1006217296
scaff_group_021	NW_005086746v1	1085	1006218381
scaff_group_021	NW_005086747v1	1080	1006219461
scaff_group_021	NW_005086748v1	1133	1006220594
scaff_group_021	NW_005086749v1	1074	1006221668
scaff_group_021	NW_005086750v1	1042	1006222710
scaff_group_021	NW_005086751v1	1134	1006223844
scaff_group_021	NW_005086752v1	1075	1006224919
scaff_group_021	NW_005086753v1	1071	1006225990
scaff_group_021	NW_005086754v1	1134	1006227124
scaff_group_021	NW_005086755v1	1018	1006228142
scaff_group_021	NW_005086756v1	1098	1006229240
scaff_group_021	NW_005086757v1	1133	1006230373
scaff_group_021	NW_005086758v1	1133	1006231506
scaff_group_021	NW_005086759v1	1021	1006232527
scaff_group_021	NW_005086760v1	1058	1006233585
scaff_group_021	NW_005086761v1	1091	1006234676
scaff_group_021	NW_005086762v1	1098	1006235774
scaff_group_021	NW_005086763v1	1132	1006236906
scaff_group_021	NW_005086764v1	1028	1006237934
scaff_group_021	NW_005086765v1	1036	1006238970
scaff_group_021	NW_005086766v1	1131	1006240101
scaff_group_021	NW_005086767v1	1072	1006241173
scaff_group_021	NW_005086768v1	1112	1006242285
scaff_group_021	NW_005086769v1	1035	1006243320
scaff_group_021	NW_005086770v1	1011	1006244331
scaff_group_021	NW_005086771v1	1070	1006245401
scaff_group_021	NW_005086772v1	1019	1006246420
scaff_group_021	NW_005086773v1	1130	1006247550
scaff_group_021	NW_005086774v1	3629	1006251179
scaff_group_021	NW_005086775v1	1095	1006252274
scaff_group_021	NW_005086776v1	1061	1006253335
scaff_group_021	NW_005086777v1	1089	1006254424
scaff_group_021	NW_005086778v1	7001	1006261425
scaff_group_021	NW_005086779v1	1052	1006262477
scaff_group_021	NW_005086780v1	1128	1006263605
scaff_group_021	NW_005086781v1	1081	1006264686
scaff_group_021	NW_005086782v1	1128	1006265814
scaff_group_021	NW_005086783v1	1026	1006266840
scaff_group_021	NW_005086784v1	1070	1006267910
scaff_group_021	NW_005086785v1	1127	1006269037
scaff_group_021	NW_005086786v1	1127	1006270164
scaff_group_021	NW_005086787v1	1039	1006271203
scaff_group_021	NW_005086788v1	1021	1006272224
scaff_group_021	NW_005086789v1	1023	1006273247
scaff_group_021	NW_005086790v1	1126	1006274373
scaff_group_021	NW_005086791v1	1091	1006275464
scaff_group_021	NW_005086792v1	1069	1006276533
scaff_group_021	NW_005086793v1	1100	1006277633
scaff_group_021	NW_005086794v1	1066	1006278699
scaff_group_021	NW_005086795v1	1011	1006279710
scaff_group_021	NW_005086796v1	1039	1006280749
scaff_group_021	NW_005086797v1	1086	1006281835
scaff_group_021	NW_005086798v1	1069	1006282904
scaff_group_021	NW_005086799v1	1090	1006283994
scaff_group_021	NW_005086800v1	1125	1006285119
scaff_group_021	NW_005086801v1	1017	1006286136
scaff_group_021	NW_005086802v1	1005	1006287141
scaff_group_021	NW_005086803v1	1124	1006288265
scaff_group_021	NW_005086804v1	1087	1006289352
scaff_group_021	NW_005086805v1	1034	1006290386
scaff_group_021	NW_005086806v1	1073	1006291459
scaff_group_021	NW_005086807v1	1008	1006292467
scaff_group_021	NW_005086808v1	1039	1006293506
scaff_group_021	NW_005086809v1	1050	1006294556
scaff_group_021	NW_005086810v1	1103	1006295659
scaff_group_021	NW_005086811v1	1118	1006296777
scaff_group_021	NW_005086812v1	1014	1006297791
scaff_group_021	NW_005086813v1	1078	1006298869
scaff_group_021	NW_005086814v1	1088	1006299957
scaff_group_021	NW_005086815v1	1013	1006300970
scaff_group_021	NW_005086816v1	1002	1006301972
scaff_group_021	NW_005086817v1	1005	1006302977
scaff_group_021	NW_005086818v1	1100	1006304077
scaff_group_021	NW_005086819v1	1123	1006305200
scaff_group_021	NW_005086820v1	1066	1006306266
scaff_group_021	NW_005086821v1	1070	1006307336
scaff_group_021	NW_005086822v1	1025	1006308361
scaff_group_021	NW_005086823v1	1002	1006309363
scaff_group_021	NW_005086824v1	1103	1006310466
scaff_group_021	NW_005086825v1	1041	1006311507
scaff_group_021	NW_005086826v1	1019	1006312526
scaff_group_021	NW_005086827v1	1090	1006313616
scaff_group_021	NW_005086828v1	1026	1006314642
scaff_group_021	NW_005086829v1	1023	1006315665
scaff_group_021	NW_005086830v1	1102	1006316767
scaff_group_021	NW_005086831v1	1023	1006317790
scaff_group_021	NW_005086832v1	1028	1006318818
scaff_group_021	NW_005086833v1	1016	1006319834
scaff_group_021	NW_005086834v1	1081	1006320915
scaff_group_021	NW_005086835v1	1062	1006321977
scaff_group_021	NW_005086836v1	1119	1006323096
scaff_group_021	NW_005086837v1	1064	1006324160
scaff_group_021	NW_005086838v1	1118	1006325278
scaff_group_021	NW_005086839v1	999	1006326277
scaff_group_021	NW_005086840v1	1005	1006327282
scaff_group_021	NW_005086841v1	1056	1006328338
scaff_group_021	NW_005086842v1	1088	1006329426
scaff_group_021	NW_005086843v1	1118	1006330544
scaff_group_021	NW_005086844v1	1058	1006331602
scaff_group_021	NW_005086845v1	1059	1006332661
scaff_group_021	NW_005086846v1	1001	1006333662
scaff_group_021	NW_005086847v1	1069	1006334731
scaff_group_021	NW_005086848v1	997	1006335728
scaff_group_021	NW_005086849v1	1091	1006336819
scaff_group_021	NW_005086850v1	1021	1006337840
scaff_group_021	NW_005086851v1	1066	1006338906
scaff_group_021	NW_005086852v1	1117	1006340023
scaff_group_021	NW_005086853v1	997	1006341020
scaff_group_021	NW_005086854v1	1004	1006342024
scaff_group_021	NW_005086855v1	995	1006343019
scaff_group_021	NW_005086856v1	1089	1006344108
scaff_group_021	NW_005086857v1	1065	1006345173
scaff_group_021	NW_005086858v1	1009	1006346182
scaff_group_021	NW_005086859v1	1077	1006347259
scaff_group_021	NW_005086860v1	1068	1006348327
scaff_group_021	NW_005086861v1	1062	1006349389
scaff_group_021	NW_005086862v1	1033	1006350422
scaff_group_021	NW_005086863v1	1066	1006351488
scaff_group_021	NW_005086864v1	1115	1006352603
scaff_group_021	NW_005086865v1	1001	1006353604
scaff_group_021	NW_005086866v1	1115	1006354719
scaff_group_021	NW_005086867v1	1022	1006355741
scaff_group_021	NW_005086868v1	1047	1006356788
scaff_group_021	NW_005086869v1	1099	1006357887
scaff_group_021	NW_005086870v1	1114	1006359001
scaff_group_021	NW_005086871v1	1023	1006360024
scaff_group_021	NW_005086872v1	1019	1006361043
scaff_group_021	NW_005086873v1	1114	1006362157
scaff_group_021	NW_005086874v1	998	1006363155
scaff_group_021	NW_005086875v1	1072	1006364227
scaff_group_021	NW_005086876v1	1067	1006365294
scaff_group_021	NW_005086877v1	997	1006366291
scaff_group_021	NW_005086878v1	1113	1006367404
scaff_group_021	NW_005086879v1	1006	1006368410
scaff_group_021	NW_005086880v1	1064	1006369474
scaff_group_021	NW_005086881v1	1057	1006370531
scaff_group_021	NW_005086882v1	1063	1006371594
scaff_group_021	NW_005086883v1	2164	1006373758
scaff_group_021	NW_005086884v1	1085	1006374843
scaff_group_021	NW_005086885v1	1025	1006375868
scaff_group_021	NW_005086886v1	1009	1006376877
scaff_group_021	NW_005086887v1	1000	1006377877
scaff_group_021	NW_005086888v1	1002	1006378879
scaff_group_021	NW_005086889v1	1013	1006379892
scaff_group_021	NW_005086890v1	1111	1006381003
scaff_group_021	NW_005086891v1	1058	1006382061
scaff_group_021	NW_005086892v1	1055	1006383116
scaff_group_021	NW_005086893v1	1091	1006384207
scaff_group_021	NW_005086894v1	1057	1006385264
scaff_group_021	NW_005086895v1	994	1006386258
scaff_group_021	NW_005086896v1	1110	1006387368
scaff_group_021	NW_005086897v1	1077	1006388445
scaff_group_021	NW_005086898v1	1959	1006390404
scaff_group_021	NW_005086899v1	1065	1006391469
scaff_group_021	NW_005086900v1	1110	1006392579
scaff_group_021	NW_005086901v1	993	1006393572
scaff_group_021	NW_005086902v1	1060	1006394632
scaff_group_021	NW_005086903v1	1027	1006395659
scaff_group_021	NW_005086904v1	1004	1006396663
scaff_group_021	NW_005086905v1	1009	1006397672
scaff_group_021	NW_005086906v1	1082	1006398754
scaff_group_021	NW_005086907v1	1052	1006399806
scaff_group_021	NW_005086908v1	989	1006400795
scaff_group_021	NW_005086909v1	1109	1006401904
scaff_group_021	NW_005086910v1	1109	1006403013
scaff_group_021	NW_005086911v1	996	1006404009
scaff_group_021	NW_005086912v1	998	1006405007
scaff_group_021	NW_005086913v1	1093	1006406100
scaff_group_021	NW_005086914v1	986	1006407086
scaff_group_021	NW_005086915v1	1003	1006408089
scaff_group_021	NW_005086916v1	1048	1006409137
scaff_group_021	NW_005086917v1	993	1006410130
scaff_group_021	NW_005086918v1	1055	1006411185
scaff_group_021	NW_005086919v1	1010	1006412195
scaff_group_021	NW_005086920v1	1107	1006413302
scaff_group_021	NW_005086921v1	1038	1006414340
scaff_group_021	NW_005086922v1	987	1006415327
scaff_group_021	NW_005086923v1	1062	1006416389
scaff_group_021	NW_005086924v1	1046	1006417435
scaff_group_021	NW_005086925v1	1107	1006418542
scaff_group_021	NW_005086926v1	1048	1006419590
scaff_group_021	NW_005086927v1	1007	1006420597
scaff_group_021	NW_005086928v1	990	1006421587
scaff_group_021	NW_005086929v1	1011	1006422598
scaff_group_021	NW_005086930v1	1047	1006423645
scaff_group_021	NW_005086931v1	1046	1006424691
scaff_group_021	NW_005086932v1	1048	1006425739
scaff_group_021	NW_005086933v1	1087	1006426826
scaff_group_021	NW_005086934v1	1010	1006427836
scaff_group_021	NW_005086935v1	1030	1006428866
scaff_group_021	NW_005086936v1	1071	1006429937
scaff_group_021	NW_005086937v1	1056	1006430993
scaff_group_021	NW_005086938v1	986	1006431979
scaff_group_021	NW_005086939v1	1013	1006432992
scaff_group_021	NW_005086940v1	1062	1006434054
scaff_group_021	NW_005086941v1	1094	1006435148
scaff_group_021	NW_005086942v1	1048	1006436196
scaff_group_021	NW_005086943v1	994	1006437190
scaff_group_021	NW_005086944v1	993	1006438183
scaff_group_021	NW_005086945v1	1028	1006439211
scaff_group_021	NW_005086946v1	1103	1006440314
scaff_group_021	NW_005086947v1	1103	1006441417
scaff_group_021	NW_005086948v1	1047	1006442464
scaff_group_021	NW_005086949v1	1077	1006443541
scaff_group_021	NW_005086950v1	1001	1006444542
scaff_group_021	NW_005086951v1	993	1006445535
scaff_group_021	NW_005086952v1	1029	1006446564
scaff_group_021	NW_005086953v1	998	1006447562
scaff_group_021	NW_005086954v1	992	1006448554
scaff_group_021	NW_005086955v1	1045	1006449599
scaff_group_021	NW_005086956v1	997	1006450596
scaff_group_021	NW_005086957v1	981	1006451577
scaff_group_021	NW_005086958v1	991	1006452568
scaff_group_021	NW_005086959v1	1008	1006453576
scaff_group_021	NW_005086960v1	981	1006454557
scaff_group_021	NW_005086961v1	979	1006455536
scaff_group_021	NW_005086962v1	1016	1006456552
scaff_group_021	NW_005086963v1	1003	1006457555
scaff_group_021	NW_005086964v1	1078	1006458633
scaff_group_021	NW_005086965v1	1100	1006459733
scaff_group_021	NW_005086966v1	1025	1006460758
scaff_group_021	NW_005086967v1	1052	1006461810
scaff_group_021	NW_005086968v1	980	1006462790
scaff_group_021	NW_005086969v1	985	1006463775
scaff_group_021	NW_005086970v1	977	1006464752
scaff_group_021	NW_005086971v1	1001	1006465753
scaff_group_021	NW_005086972v1	1074	1006466827
scaff_group_021	NW_005086973v1	1059	1006467886
scaff_group_021	NW_005086974v1	1083	1006468969
scaff_group_021	NW_005086975v1	1038	1006470007
scaff_group_021	NW_005086976v1	993	1006471000
scaff_group_021	NW_005086977v1	1098	1006472098
scaff_group_021	NW_005086978v1	986	1006473084
scaff_group_021	NW_005086979v1	1038	1006474122
scaff_group_021	NW_005086980v1	1097	1006475219
scaff_group_021	NW_005086981v1	1046	1006476265
scaff_group_021	NW_005086982v1	1107	1006477372
scaff_group_021	NW_005086983v1	1094	1006478466
scaff_group_021	NW_005086984v1	1096	1006479562
scaff_group_021	NW_005086985v1	1042	1006480604
scaff_group_021	NW_005086986v1	983	1006481587
scaff_group_021	NW_005086987v1	981	1006482568
scaff_group_021	NW_005086988v1	1095	1006483663
scaff_group_021	NW_005086989v1	1059	1006484722
scaff_group_021	NW_005086990v1	1060	1006485782
scaff_group_021	NW_005086991v1	1052	1006486834
scaff_group_021	NW_005086992v1	1066	1006487900
scaff_group_021	NW_005086993v1	981	1006488881
scaff_group_021	NW_005086994v1	1044	1006489925
scaff_group_021	NW_005086995v1	985	1006490910
scaff_group_021	NW_005086996v1	1049	1006491959
scaff_group_021	NW_005086997v1	1048	1006493007
scaff_group_021	NW_005086998v1	978	1006493985
scaff_group_021	NW_005086999v1	981	1006494966
scaff_group_021	NW_005087000v1	1043	1006496009
scaff_group_021	NW_005087001v1	1040	1006497049
scaff_group_021	NW_005087002v1	1041	1006498090
scaff_group_021	NW_005087003v1	1032	1006499122
scaff_group_021	NW_005087004v1	983	1006500105
scaff_group_021	NW_005087005v1	1039	1006501144
scaff_group_021	NW_005087006v1	1068	1006502212
scaff_group_021	NW_005087007v1	1092	1006503304
scaff_group_021	NW_005087008v1	1040	1006504344
scaff_group_021	NW_005087009v1	984	1006505328
scaff_group_021	NW_005087010v1	991	1006506319
scaff_group_021	NW_005087011v1	1091	1006507410
scaff_group_021	NW_005087012v1	993	1006508403
scaff_group_021	NW_005087013v1	1069	1006509472
scaff_group_021	NW_005087014v1	1014	1006510486
scaff_group_021	NW_005087015v1	1090	1006511576
scaff_group_021	NW_005087016v1	981	1006512557
scaff_group_021	NW_005087017v1	1012	1006513569
scaff_group_021	NW_005087018v1	1031	1006514600
scaff_group_021	NW_005087019v1	974	1006515574
scaff_group_021	NW_005087020v1	1050	1006516624
scaff_group_021	NW_005087021v1	1034	1006517658
scaff_group_021	NW_005087022v1	1012	1006518670
scaff_group_021	NW_005087023v1	972	1006519642
scaff_group_021	NW_005087024v1	978	1006520620
scaff_group_021	NW_005087025v1	987	1006521607
scaff_group_021	NW_005087026v1	1030	1006522637
scaff_group_021	NW_005087027v1	1069	1006523706
scaff_group_021	NW_005087028v1	1065	1006524771
scaff_group_021	NW_005087029v1	968	1006525739
scaff_group_021	NW_005087030v1	1034	1006526773
scaff_group_021	NW_005087031v1	1000	1006527773
scaff_group_021	NW_005087032v1	1038	1006528811
scaff_group_021	NW_005087033v1	1042	1006529853
scaff_group_021	NW_005087034v1	1088	1006530941
scaff_group_021	NW_005087035v1	975	1006531916
scaff_group_021	NW_005087036v1	1034	1006532950
scaff_group_021	NW_005087037v1	1049	1006533999
scaff_group_021	NW_005087038v1	981	1006534980
scaff_group_021	NW_005087039v1	1001	1006535981
scaff_group_021	NW_005087040v1	1054	1006537035
scaff_group_021	NW_005087041v1	985	1006538020
scaff_group_021	NW_005087042v1	969	1006538989
scaff_group_021	NW_005087043v1	1026	1006540015
scaff_group_021	NW_005087044v1	983	1006540998
scaff_group_021	NW_005087045v1	983	1006541981
scaff_group_021	NW_005087046v1	1010	1006542991
scaff_group_021	NW_005087047v1	1032	1006544023
scaff_group_021	NW_005087048v1	978	1006545001
scaff_group_021	NW_005087049v1	1043	1006546044
scaff_group_021	NW_005087050v1	1061	1006547105
scaff_group_021	NW_005087051v1	1056	1006548161
scaff_group_021	NW_005087052v1	1002	1006549163
scaff_group_021	NW_005087053v1	6063	1006555226
scaff_group_021	NW_005087054v1	1592	1006556818
scaff_group_021	NW_005087055v1	1042	1006557860
scaff_group_021	NW_005087056v1	992	1006558852
scaff_group_021	NW_005087057v1	972	1006559824
scaff_group_021	NW_005087058v1	997	1006560821
scaff_group_021	NW_005087059v1	985	1006561806
scaff_group_021	NW_005087060v1	1015	1006562821
scaff_group_021	NW_005087061v1	984	1006563805
scaff_group_021	NW_005087062v1	1025	1006564830
scaff_group_021	NW_005087063v1	1026	1006565856
scaff_group_021	NW_005087064v1	1073	1006566929
scaff_group_021	NW_005087065v1	1063	1006567992
scaff_group_021	NW_005087066v1	1082	1006569074
scaff_group_021	NW_005087067v1	1082	1006570156
scaff_group_021	NW_005087068v1	963	1006571119
scaff_group_021	NW_005087069v1	994	1006572113
scaff_group_021	NW_005087070v1	1081	1006573194
scaff_group_021	NW_005087071v1	959	1006574153
scaff_group_021	NW_005087072v1	1081	1006575234
scaff_group_021	NW_005087073v1	967	1006576201
scaff_group_021	NW_005087074v1	1050	1006577251
scaff_group_021	NW_005087075v1	987	1006578238
scaff_group_021	NW_005087076v1	1022	1006579260
scaff_group_021	NW_005087077v1	963	1006580223
scaff_group_021	NW_005087078v1	962	1006581185
scaff_group_021	NW_005087079v1	1080	1006582265
scaff_group_021	NW_005087080v1	1079	1006583344
scaff_group_021	NW_005087081v1	1019	1006584363
scaff_group_021	NW_005087082v1	1023	1006585386
scaff_group_021	NW_005087083v1	1007	1006586393
scaff_group_021	NW_005087084v1	1085	1006587478
scaff_group_021	NW_005087085v1	12396	1006599874
scaff_group_021	NW_005087086v1	989	1006600863
scaff_group_021	NW_005087087v1	1078	1006601941
scaff_group_021	NW_005087088v1	1006	1006602947
scaff_group_021	NW_005087089v1	1044	1006603991
scaff_group_021	NW_005087090v1	1078	1006605069
scaff_group_021	NW_005087091v1	1019	1006606088
scaff_group_021	NW_005087092v1	4470	1006610558
scaff_group_021	NW_005087093v1	1012	1006611570
scaff_group_021	NW_005087094v1	1018	1006612588
scaff_group_021	NW_005087095v1	1012	1006613600
scaff_group_021	NW_005087096v1	1016	1006614616
scaff_group_021	NW_005087097v1	1016	1006615632
scaff_group_021	NW_005087098v1	2008	1006617640
scaff_group_021	NW_005087099v1	963	1006618603
scaff_group_021	NW_005087100v1	14637	1006633240
scaff_group_021	NW_005087101v1	973	1006634213
scaff_group_021	NW_005087102v1	971	1006635184
scaff_group_021	NW_005087103v1	1053	1006636237
scaff_group_021	NW_005087104v1	1019	1006637256
scaff_group_021	NW_005087105v1	1042	1006638298
scaff_group_021	NW_005087106v1	1014	1006639312
scaff_group_021	NW_005087107v1	1009	1006640321
scaff_group_021	NW_005087108v1	1075	1006641396
scaff_group_021	NW_005087109v1	1013	1006642409
scaff_group_021	NW_005087110v1	1014	1006643423
scaff_group_021	NW_005087111v1	1798	1006645221
scaff_group_021	NW_005087112v1	1069	1006646290
scaff_group_021	NW_005087113v1	996	1006647286
scaff_group_021	NW_005087114v1	1041	1006648327
scaff_group_021	NW_005087115v1	1030	1006649357
scaff_group_021	NW_005087116v1	959	1006650316
scaff_group_021	NW_005087117v1	958	1006651274
scaff_group_021	NW_005087118v1	970	1006652244
scaff_group_021	NW_005087119v1	1016	1006653260
scaff_group_021	NW_005087120v1	981	1006654241
scaff_group_021	NW_005087121v1	956	1006655197
scaff_group_021	NW_005087122v1	1035	1006656232
scaff_group_021	NW_005087123v1	1013	1006657245
scaff_group_021	NW_005087124v1	1072	1006658317
scaff_group_021	NW_005087125v1	991	1006659308
scaff_group_021	NW_005087126v1	953	1006660261
scaff_group_021	NW_005087127v1	1017	1006661278
scaff_group_021	NW_005087128v1	1027	1006662305
scaff_group_021	NW_005087129v1	977	1006663282
scaff_group_021	NW_005087130v1	1071	1006664353
scaff_group_021	NW_005087131v1	961	1006665314
scaff_group_021	NW_005087132v1	1070	1006666384
scaff_group_021	NW_005087133v1	1021	1006667405
scaff_group_021	NW_005087134v1	1069	1006668474
scaff_group_021	NW_005087135v1	1055	1006669529
scaff_group_021	NW_005087136v1	1009	1006670538
scaff_group_021	NW_005087137v1	1069	1006671607
scaff_group_021	NW_005087138v1	960	1006672567
scaff_group_021	NW_005087139v1	1018	1006673585
scaff_group_021	NW_005087140v1	954	1006674539
scaff_group_021	NW_005087141v1	1007	1006675546
scaff_group_021	NW_005087142v1	1067	1006676613
scaff_group_021	NW_005087143v1	1006	1006677619
scaff_group_021	NW_005087144v1	1067	1006678686
scaff_group_021	NW_005087145v1	1046	1006679732
scaff_group_021	NW_005087146v1	1045	1006680777
scaff_group_021	NW_005087147v1	1014	1006681791
scaff_group_021	NW_005087148v1	1065	1006682856
scaff_group_021	NW_005087149v1	963	1006683819
scaff_group_021	NW_005087150v1	975	1006684794
scaff_group_021	NW_005087151v1	1066	1006685860
scaff_group_021	NW_005087152v1	1002	1006686862
scaff_group_021	NW_005087153v1	974	1006687836
scaff_group_021	NW_005087154v1	953	1006688789
scaff_group_021	NW_005087155v1	1066	1006689855
scaff_group_021	NW_005087156v1	968	1006690823
scaff_group_021	NW_005087157v1	1007	1006691830
scaff_group_021	NW_005087158v1	1035	1006692865
scaff_group_021	NW_005087159v1	955	1006693820
scaff_group_021	NW_005087160v1	1032	1006694852
scaff_group_021	NW_005087161v1	1817	1006696669
scaff_group_021	NW_005087162v1	1003	1006697672
scaff_group_021	NW_005087163v1	1064	1006698736
scaff_group_021	NW_005087164v1	1031	1006699767
scaff_group_021	NW_005087165v1	960	1006700727
scaff_group_021	NW_005087166v1	973	1006701700
scaff_group_021	NW_005087167v1	1007	1006702707
scaff_group_021	NW_005087168v1	962	1006703669
scaff_group_021	NW_005087169v1	1007	1006704676
scaff_group_021	NW_005087170v1	946	1006705622
scaff_group_021	NW_005087171v1	972	1006706594
scaff_group_021	NW_005087172v1	1023	1006707617
scaff_group_021	NW_005087173v1	955	1006708572
scaff_group_021	NW_005087174v1	955	1006709527
scaff_group_021	NW_005087175v1	1055	1006710582
scaff_group_021	NW_005087176v1	969	1006711551
scaff_group_021	NW_005087177v1	947	1006712498
scaff_group_021	NW_005087178v1	999	1006713497
scaff_group_021	NW_005087179v1	943	1006714440
scaff_group_021	NW_005087180v1	954	1006715394
scaff_group_021	NW_005087181v1	1021	1006716415
scaff_group_021	NW_005087182v1	1013	1006717428
scaff_group_021	NW_005087183v1	947	1006718375
scaff_group_021	NW_005087184v1	941	1006719316
scaff_group_021	NW_005087185v1	3000	1006722316
scaff_group_021	NW_005087186v1	1061	1006723377
scaff_group_021	NW_005087187v1	979	1006724356
scaff_group_021	NW_005087188v1	1000	1006725356
scaff_group_021	NW_005087189v1	969	1006726325
scaff_group_021	NW_005087190v1	1017	1006727342
scaff_group_021	NW_005087191v1	1001	1006728343
scaff_group_021	NW_005087192v1	984	1006729327
scaff_group_021	NW_005087193v1	951	1006730278
scaff_group_021	NW_005087194v1	942	1006731220
scaff_group_021	NW_005087195v1	1030	1006732250
scaff_group_021	NW_005087196v1	971	1006733221
scaff_group_021	NW_005087197v1	1059	1006734280
scaff_group_021	NW_005087198v1	1059	1006735339
scaff_group_021	NW_005087199v1	999	1006736338
scaff_group_021	NW_005087200v1	1003	1006737341
scaff_group_021	NW_005087201v1	971	1006738312
scaff_group_021	NW_005087202v1	997	1006739309
scaff_group_021	NW_005087203v1	998	1006740307
scaff_group_021	NW_005087204v1	966	1006741273
scaff_group_021	NW_005087205v1	955	1006742228
scaff_group_021	NW_005087206v1	1003	1006743231
scaff_group_021	NW_005087207v1	940	1006744171
scaff_group_021	NW_005087208v1	1832	1006746003
scaff_group_021	NW_005087209v1	953	1006746956
scaff_group_021	NW_005087210v1	1057	1006748013
scaff_group_021	NW_005087211v1	997	1006749010
scaff_group_021	NW_005087212v1	1056	1006750066
scaff_group_021	NW_005087213v1	1056	1006751122
scaff_group_021	NW_005087214v1	995	1006752117
scaff_group_021	NW_005087215v1	1002	1006753119
scaff_group_021	NW_005087216v1	1059	1006754178
scaff_group_021	NW_005087217v1	1055	1006755233
scaff_group_021	NW_005087218v1	996	1006756229
scaff_group_021	NW_005087219v1	950	1006757179
scaff_group_021	NW_005087220v1	939	1006758118
scaff_group_021	NW_005087221v1	952	1006759070
scaff_group_021	NW_005087222v1	996	1006760066
scaff_group_021	NW_005087223v1	1007	1006761073
scaff_group_021	NW_005087224v1	997	1006762070
scaff_group_021	NW_005087225v1	997	1006763067
scaff_group_021	NW_005087226v1	994	1006764061
scaff_group_021	NW_005087227v1	934	1006764995
scaff_group_021	NW_005087228v1	1001	1006765996
scaff_group_021	NW_005087229v1	950	1006766946
scaff_group_021	NW_005087230v1	1006	1006767952
scaff_group_021	NW_005087231v1	959	1006768911
scaff_group_021	NW_005087232v1	995	1006769906
scaff_group_021	NW_005087233v1	950	1006770856
scaff_group_021	NW_005087234v1	942	1006771798
scaff_group_021	NW_005087235v1	1053	1006772851
scaff_group_021	NW_005087236v1	1004	1006773855
scaff_group_021	NW_005087237v1	1033	1006774888
scaff_group_021	NW_005087238v1	1052	1006775940
scaff_group_021	NW_005087239v1	932	1006776872
scaff_group_021	NW_005087240v1	959	1006777831
scaff_group_021	NW_005087241v1	995	1006778826
scaff_group_021	NW_005087242v1	1019	1006779845
scaff_group_021	NW_005087243v1	969	1006780814
scaff_group_021	NW_005087244v1	989	1006781803
scaff_group_021	NW_005087245v1	932	1006782735
scaff_group_021	NW_005087246v1	998	1006783733
scaff_group_021	NW_005087247v1	933	1006784666
scaff_group_021	NW_005087248v1	1028	1006785694
scaff_group_021	NW_005087249v1	3018	1006788712
scaff_group_021	NW_005087250v1	949	1006789661
scaff_group_021	NW_005087251v1	1050	1006790711
scaff_group_021	NW_005087252v1	1005	1006791716
scaff_group_021	NW_005087253v1	939	1006792655
scaff_group_021	NW_005087254v1	1050	1006793705
scaff_group_021	NW_005087255v1	1014	1006794719
scaff_group_021	NW_005087256v1	1049	1006795768
scaff_group_021	NW_005087257v1	7918	1006803686
scaff_group_021	NW_005087258v1	934	1006804620
scaff_group_021	NW_005087259v1	931	1006805551
scaff_group_021	NW_005087260v1	944	1006806495
scaff_group_021	NW_005087261v1	934	1006807429
scaff_group_021	NW_005087262v1	990	1006808419
scaff_group_021	NW_005087263v1	992	1006809411
scaff_group_021	NW_005087264v1	986	1006810397
scaff_group_021	NW_005087265v1	1828	1006812225
scaff_group_021	NW_005087266v1	1048	1006813273
scaff_group_021	NW_005087267v1	989	1006814262
scaff_group_021	NW_005087268v1	1009	1006815271
scaff_group_021	NW_005087269v1	960	1006816231
scaff_group_021	NW_005087270v1	1005	1006817236
scaff_group_021	NW_005087271v1	1018	1006818254
scaff_group_021	NW_005087272v1	1047	1006819301
scaff_group_021	NW_005087273v1	928	1006820229
scaff_group_021	NW_005087274v1	928	1006821157
scaff_group_021	NW_005087275v1	957	1006822114
scaff_group_021	NW_005087276v1	934	1006823048
scaff_group_021	NW_005087277v1	1027	1006824075
scaff_group_021	NW_005087278v1	952	1006825027
scaff_group_021	NW_005087279v1	938	1006825965
scaff_group_021	NW_005087280v1	932	1006826897
scaff_group_021	NW_005087281v1	1045	1006827942
scaff_group_021	NW_005087282v1	941	1006828883
scaff_group_021	NW_005087283v1	1044	1006829927
scaff_group_021	NW_005087284v1	1044	1006830971
scaff_group_021	NW_005087285v1	1023	1006831994
scaff_group_021	NW_005087286v1	1043	1006833037
scaff_group_021	NW_005087287v1	953	1006833990
scaff_group_021	NW_005087288v1	927	1006834917
scaff_group_021	NW_005087289v1	929	1006835846
scaff_group_021	NW_005087290v1	1042	1006836888
scaff_group_021	NW_005087291v1	1031	1006837919
scaff_group_021	NW_005087292v1	926	1006838845
scaff_group_021	NW_005087293v1	933	1006839778
scaff_group_021	NW_005087294v1	927	1006840705
scaff_group_021	NW_005087295v1	942	1006841647
scaff_group_021	NW_005087296v1	1007	1006842654
scaff_group_021	NW_005087297v1	923	1006843577
scaff_group_021	NW_005087298v1	931	1006844508
scaff_group_021	NW_005087299v1	947	1006845455
scaff_group_021	NW_005087300v1	988	1006846443
scaff_group_021	NW_005087301v1	957	1006847400
scaff_group_021	NW_005087302v1	1040	1006848440
scaff_group_021	NW_005087303v1	1004	1006849444
scaff_group_021	NW_005087304v1	924	1006850368
scaff_group_021	NW_005087305v1	939	1006851307
scaff_group_021	NW_005087306v1	950	1006852257
scaff_group_021	NW_005087307v1	1913	1006854170
scaff_group_021	NW_005087308v1	1005	1006855175
scaff_group_021	NW_005087309v1	923	1006856098
scaff_group_021	NW_005087310v1	982	1006857080
scaff_group_021	NW_005087311v1	993	1006858073
scaff_group_021	NW_005087312v1	918	1006858991
scaff_group_021	NW_005087313v1	948	1006859939
scaff_group_021	NW_005087314v1	991	1006860930
scaff_group_021	NW_005087315v1	1038	1006861968
scaff_group_021	NW_005087316v1	928	1006862896
scaff_group_021	NW_005087317v1	977	1006863873
scaff_group_021	NW_005087318v1	992	1006864865
scaff_group_021	NW_005087319v1	1039	1006865904
scaff_group_021	NW_005087320v1	939	1006866843
scaff_group_021	NW_005087321v1	1037	1006867880
scaff_group_021	NW_005087322v1	916	1006868796
scaff_group_021	NW_005087323v1	915	1006869711
scaff_group_021	NW_005087324v1	976	1006870687
scaff_group_021	NW_005087325v1	1037	1006871724
scaff_group_021	NW_005087326v1	980	1006872704
scaff_group_021	NW_005087327v1	984	1006873688
scaff_group_021	NW_005087328v1	978	1006874666
scaff_group_021	NW_005087329v1	975	1006875641
scaff_group_021	NW_005087330v1	937	1006876578
scaff_group_021	NW_005087331v1	1000	1006877578
scaff_group_021	NW_005087332v1	927	1006878505
scaff_group_021	NW_005087333v1	1032	1006879537
scaff_group_021	NW_005087334v1	976	1006880513
scaff_group_021	NW_005087335v1	1897	1006882410
scaff_group_021	NW_005087336v1	975	1006883385
scaff_group_021	NW_005087337v1	995	1006884380
scaff_group_021	NW_005087338v1	993	1006885373
scaff_group_021	NW_005087339v1	961	1006886334
scaff_group_021	NW_005087340v1	939	1006887273
scaff_group_021	NW_005087341v1	977	1006888250
scaff_group_021	NW_005087342v1	982	1006889232
scaff_group_021	NW_005087343v1	980	1006890212
scaff_group_021	NW_005087344v1	996	1006891208
scaff_group_021	NW_005087345v1	992	1006892200
scaff_group_021	NW_005087346v1	947	1006893147
scaff_group_021	NW_005087347v1	4835	1006897982
scaff_group_021	NW_005087348v1	1033	1006899015
scaff_group_021	NW_005087349v1	973	1006899988
scaff_group_021	NW_005087350v1	953	1006900941
scaff_group_021	NW_005087351v1	1032	1006901973
scaff_group_021	NW_005087352v1	972	1006902945
scaff_group_021	NW_005087353v1	919	1006903864
scaff_group_021	NW_005087354v1	983	1006904847
scaff_group_021	NW_005087355v1	1030	1006905877
scaff_group_021	NW_005087356v1	952	1006906829
scaff_group_021	NW_005087357v1	1031	1006907860
scaff_group_021	NW_005087358v1	916	1006908776
scaff_group_021	NW_005087359v1	973	1006909749
scaff_group_021	NW_005087360v1	4671	1006914420
scaff_group_021	NW_005087361v1	911	1006915331
scaff_group_021	NW_005087362v1	970	1006916301
scaff_group_021	NW_005087363v1	912	1006917213
scaff_group_021	NW_005087364v1	1030	1006918243
scaff_group_021	NW_005087365v1	999	1006919242
scaff_group_021	NW_005087366v1	919	1006920161
scaff_group_021	NW_005087367v1	970	1006921131
scaff_group_021	NW_005087368v1	1029	1006922160
scaff_group_021	NW_005087369v1	995	1006923155
scaff_group_021	NW_005087370v1	944	1006924099
scaff_group_021	NW_005087371v1	981	1006925080
scaff_group_021	NW_005087372v1	968	1006926048
scaff_group_021	NW_005087373v1	1029	1006927077
scaff_group_021	NW_005087374v1	925	1006928002
scaff_group_021	NW_005087375v1	977	1006928979
scaff_group_021	NW_005087376v1	927	1006929906
scaff_group_021	NW_005087377v1	948	1006930854
scaff_group_021	NW_005087378v1	938	1006931792
scaff_group_021	NW_005087379v1	978	1006932770
scaff_group_021	NW_005087380v1	1028	1006933798
scaff_group_021	NW_005087381v1	915	1006934713
scaff_group_021	NW_005087382v1	991	1006935704
scaff_group_021	NW_005087383v1	971	1006936675
scaff_group_021	NW_005087384v1	914	1006937589
scaff_group_021	NW_005087385v1	951	1006938540
scaff_group_021	NW_005087386v1	943	1006939483
scaff_group_021	NW_005087387v1	909	1006940392
scaff_group_021	NW_005087388v1	965	1006941357
scaff_group_021	NW_005087389v1	1026	1006942383
scaff_group_021	NW_005087390v1	1011	1006943394
scaff_group_021	NW_005087391v1	1025	1006944419
scaff_group_021	NW_005087392v1	981	1006945400
scaff_group_021	NW_005087393v1	968	1006946368
scaff_group_021	NW_005087394v1	970	1006947338
scaff_group_021	NW_005087395v1	910	1006948248
scaff_group_021	NW_005087396v1	1025	1006949273
scaff_group_021	NW_005087397v1	965	1006950238
scaff_group_021	NW_005087398v1	970	1006951208
scaff_group_021	NW_005087399v1	912	1006952120
scaff_group_021	NW_005087400v1	966	1006953086
scaff_group_021	NW_005087401v1	922	1006954008
scaff_group_021	NW_005087402v1	1023	1006955031
scaff_group_021	NW_005087403v1	911	1006955942
scaff_group_021	NW_005087404v1	968	1006956910
scaff_group_021	NW_005087405v1	913	1006957823
scaff_group_021	NW_005087406v1	959	1006958782
scaff_group_021	NW_005087407v1	965	1006959747
scaff_group_021	NW_005087408v1	934	1006960681
scaff_group_021	NW_005087409v1	923	1006961604
scaff_group_021	NW_005087410v1	961	1006962565
scaff_group_021	NW_005087411v1	968	1006963533
scaff_group_021	NW_005087412v1	900	1006964433
scaff_group_021	NW_005087413v1	992	1006965425
scaff_group_021	NW_005087414v1	964	1006966389
scaff_group_021	NW_005087415v1	995	1006967384
scaff_group_021	NW_005087416v1	921	1006968305
scaff_group_021	NW_005087417v1	1021	1006969326
scaff_group_021	NW_005087418v1	1021	1006970347
scaff_group_021	NW_005087419v1	3584	1006973931
scaff_group_021	NW_005087420v1	975	1006974906
scaff_group_021	NW_005087421v1	962	1006975868
scaff_group_021	NW_005087422v1	927	1006976795
scaff_group_021	NW_005087423v1	990	1006977785
scaff_group_021	NW_005087424v1	945	1006978730
scaff_group_021	NW_005087425v1	921	1006979651
scaff_group_021	NW_005087426v1	918	1006980569
scaff_group_021	NW_005087427v1	975	1006981544
scaff_group_021	NW_005087428v1	963	1006982507
scaff_group_021	NW_005087429v1	960	1006983467
scaff_group_021	NW_005087430v1	1018	1006984485
scaff_group_021	NW_005087431v1	969	1006985454
scaff_group_021	NW_005087432v1	958	1006986412
scaff_group_021	NW_005087433v1	1003	1006987415
scaff_group_021	NW_005087434v1	895	1006988310
scaff_group_021	NW_005087435v1	973	1006989283
scaff_group_021	NW_005087436v1	956	1006990239
scaff_group_021	NW_005087437v1	966	1006991205
scaff_group_021	NW_005087438v1	994	1006992199
scaff_group_021	NW_005087439v1	902	1006993101
scaff_group_021	NW_005087440v1	1015	1006994116
scaff_group_021	NW_005087441v1	958	1006995074
scaff_group_021	NW_005087442v1	1015	1006996089
scaff_group_021	NW_005087443v1	978	1006997067
scaff_group_021	NW_005087444v1	953	1006998020
scaff_group_021	NW_005087445v1	1004	1006999024
scaff_group_021	NW_005087446v1	904	1006999928
scaff_group_021	NW_005087447v1	901	1007000829
scaff_group_021	NW_005087448v1	1013	1007001842
scaff_group_021	NW_005087449v1	941	1007002783
scaff_group_021	NW_005087450v1	917	1007003700
scaff_group_021	NW_005087451v1	1013	1007004713
scaff_group_021	NW_005087452v1	961	1007005674
scaff_group_021	NW_005087453v1	923	1007006597
scaff_group_021	NW_005087454v1	893	1007007490
scaff_group_021	NW_005087455v1	989	1007008479
scaff_group_021	NW_005087456v1	952	1007009431
scaff_group_021	NW_005087457v1	920	1007010351
scaff_group_021	NW_005087458v1	981	1007011332
scaff_group_021	NW_005087459v1	918	1007012250
scaff_group_021	NW_005087460v1	999	1007013249
scaff_group_021	NW_005087461v1	909	1007014158
scaff_group_021	NW_005087462v1	904	1007015062
scaff_group_021	NW_005087463v1	893	1007015955
scaff_group_021	NW_005087464v1	915	1007016870
scaff_group_021	NW_005087465v1	952	1007017822
scaff_group_021	NW_005087466v1	3125	1007020947
scaff_group_021	NW_005087467v1	890	1007021837
scaff_group_021	NW_005087468v1	944	1007022781
scaff_group_021	NW_005087469v1	963	1007023744
scaff_group_021	NW_005087470v1	910	1007024654
scaff_group_021	NW_005087471v1	1009	1007025663
scaff_group_021	NW_005087472v1	949	1007026612
scaff_group_021	NW_005087473v1	1008	1007027620
scaff_group_021	NW_005087474v1	1008	1007028628
scaff_group_021	NW_005087475v1	890	1007029518
scaff_group_021	NW_005087476v1	960	1007030478
scaff_group_021	NW_005087477v1	896	1007031374
scaff_group_021	NW_005087478v1	900	1007032274
scaff_group_021	NW_005087479v1	947	1007033221
scaff_group_021	NW_005087480v1	1007	1007034228
scaff_group_021	NW_005087481v1	1007	1007035235
scaff_group_021	NW_005087482v1	920	1007036155
scaff_group_021	NW_005087483v1	947	1007037102
scaff_group_021	NW_005087484v1	905	1007038007
scaff_group_021	NW_005087485v1	1006	1007039013
scaff_group_021	NW_005087486v1	883	1007039896
scaff_group_021	NW_005087487v1	961	1007040857
scaff_group_021	NW_005087488v1	894	1007041751
scaff_group_021	NW_005087489v1	919	1007042670
scaff_group_021	NW_005087490v1	933	1007043603
scaff_group_021	NW_005087491v1	884	1007044487
scaff_group_021	NW_005087492v1	949	1007045436
scaff_group_021	NW_005087493v1	948	1007046384
scaff_group_021	NW_005087494v1	959	1007047343
scaff_group_021	NW_005087495v1	1004	1007048347
scaff_group_021	NW_005087496v1	965	1007049312
scaff_group_021	NW_005087497v1	956	1007050268
scaff_group_021	NW_005087498v1	992	1007051260
scaff_group_021	NW_005087499v1	886	1007052146
scaff_group_021	NW_005087500v1	885	1007053031
scaff_group_021	NW_005087501v1	951	1007053982
scaff_group_021	NW_005087502v1	953	1007054935
scaff_group_021	NW_005087503v1	950	1007055885
scaff_group_021	NW_005087504v1	1002	1007056887
scaff_group_021	NW_005087505v1	881	1007057768
scaff_group_021	NW_005087506v1	1002	1007058770
scaff_group_021	NW_005087507v1	1002	1007059772
scaff_group_021	NW_005087508v1	930	1007060702
scaff_group_021	NW_005087509v1	1001	1007061703
scaff_group_021	NW_005087510v1	900	1007062603
scaff_group_021	NW_005087511v1	956	1007063559
scaff_group_021	NW_005087512v1	1000	1007064559
scaff_group_021	NW_005087513v1	890	1007065449
scaff_group_021	NW_005087514v1	949	1007066398
scaff_group_021	NW_005087515v1	1000	1007067398
scaff_group_021	NW_005087516v1	894	1007068292
scaff_group_021	NW_005087517v1	940	1007069232
scaff_group_021	NW_005087518v1	886	1007070118
scaff_group_021	NW_005087519v1	5582	1007075700
scaff_group_021	NW_005087520v1	4923	1007080623
scaff_group_021	NW_005087521v1	1607	1007082230
scaff_group_021	NW_005087522v1	8438	1007090668
scaff_group_021	NW_005087523v1	12751	1007103419
scaff_group_021	NW_005087524v1	12423	1007115842
scaff_group_021	NW_005087525v1	7048	1007122890
scaff_group_021	NW_005087526v1	16185	1007139075
scaff_group_021	NW_005087527v1	11617	1007150692
scaff_group_021	NW_005087528v1	4485	1007155177
scaff_group_021	NW_005087529v1	10776	1007165953
scaff_group_021	NW_005087530v1	2762	1007168715
scaff_group_021	NW_005087531v1	1519	1007170234
scaff_group_021	NW_005087532v1	14804	1007185038
scaff_group_021	NW_005087533v1	4180	1007189218
scaff_group_021	NW_005087534v1	3804	1007193022
scaff_group_021	NW_005087535v1	7297	1007200319
scaff_group_021	NW_005087536v1	5219	1007205538
scaff_group_021	NW_005087537v1	5796	1007211334
scaff_group_021	NW_005087538v1	3879	1007215213
scaff_group_021	NW_005087539v1	4998	1007220211
scaff_group_021	NW_005087540v1	33173	1007253384
scaff_group_021	NW_005087541v1	7465	1007260849
scaff_group_021	NW_005087542v1	3751	1007264600
scaff_group_021	NW_005087543v1	10401	1007275001
scaff_group_021	NW_005087544v1	7277	1007282278
scaff_group_021	NW_005087545v1	9174	1007291452
scaff_group_021	NW_005087546v1	10293	1007301745
scaff_group_021	NW_005087547v1	3368	1007305113
scaff_group_021	NW_005087548v1	13798	1007318911
scaff_group_021	NW_005087549v1	10412	1007329323
scaff_group_021	NW_005087550v1	2324	1007331647
scaff_group_021	NW_005087551v1	14599	1007346246
scaff_group_021	NW_005087552v1	8369	1007354615
scaff_group_021	NW_005087553v1	5081	1007359696
