id	chrom	len	cumul
scaff_group001	NW_020128803.1	1014811	1014811
scaff_group001	NW_020128804.1	17919479	18934290
scaff_group001	NW_020128805.1	5764875	24699165
scaff_group001	NW_020128806.1	1908022	26607187
scaff_group001	NW_020128807.1	1185149	27792336
scaff_group001	NW_020128808.1	1656596	29448932
scaff_group001	NW_020128809.1	1324739	30773671
scaff_group001	NW_020128810.1	4267293	35040964
scaff_group001	NW_020128811.1	4187325	39228289
scaff_group002	NW_020128812.1	3716579	42944868
scaff_group002	NW_020128813.1	7171266	50116134
scaff_group002	NW_020128814.1	7134645	57250779
scaff_group002	NW_020128815.1	3449792	60700571
scaff_group002	NW_020128816.1	1652529	62353100
scaff_group002	NW_020128817.1	3899380	66252480
scaff_group002	NW_020128818.1	2810351	69062831
scaff_group002	NW_020128819.1	343973	69406804
scaff_group002	NW_020128820.1	581683	69988487
scaff_group002	NW_020128821.1	3810229	73798716
scaff_group002	NW_020128822.1	296781	74095497
scaff_group002	NW_020128823.1	1449893	75545390
scaff_group002	NW_020128824.1	2298271	77843661
scaff_group002	NW_020128825.1	2497050	80340711
scaff_group002	NW_020128826.1	1993112	82333823
scaff_group003	NW_020128827.1	3408967	85742790
scaff_group003	NW_020128828.1	1320740	87063530
scaff_group003	NW_020128829.1	1445605	88509135
scaff_group003	NW_020128830.1	1840495	90349630
scaff_group003	NW_020128831.1	833585	91183215
scaff_group003	NW_020128832.1	1210853	92394068
scaff_group003	NW_020128833.1	1011579	93405647
scaff_group003	NW_020128834.1	7993431	101399078
scaff_group003	NW_020128835.1	939523	102338601
scaff_group003	NW_020128836.1	201296	102539897
scaff_group003	NW_020128837.1	113094	102652991
scaff_group003	NW_020128838.1	1764795	104417786
scaff_group003	NW_020128839.1	2691775	107109561
scaff_group003	NW_020128840.1	2157862	109267423
scaff_group003	NW_020128841.1	1528811	110796234
scaff_group003	NW_020128842.1	2464841	113261075
scaff_group003	NW_020128843.1	809796	114070871
scaff_group003	NW_020128844.1	831897	114902768
scaff_group003	NW_020128845.1	255590	115158358
scaff_group003	NW_020128846.1	176983	115335341
scaff_group003	NW_020128847.1	1124030	116459371
scaff_group003	NW_020128848.1	287814	116747185
scaff_group003	NW_020128849.1	211094	116958279
scaff_group003	NW_020128850.1	706267	117664546
scaff_group003	NW_020128851.1	326679	117991225
scaff_group003	NW_020128852.1	683807	118675032
scaff_group003	NW_020128853.1	668231	119343263
scaff_group003	NW_020128854.1	684453	120027716
scaff_group003	NW_020128855.1	609691	120637407
scaff_group003	NW_020128856.1	277302	120914709
scaff_group003	NW_020128857.1	595869	121510578
scaff_group003	NW_020128858.1	2679442	124190020
scaff_group003	NW_020128859.1	207854	124397874
scaff_group003	NW_020128860.1	495994	124893868
scaff_group004	NW_020128861.1	588758	125482626
scaff_group004	NW_020128862.1	1374372	126856998
scaff_group004	NW_020128863.1	258181	127115179
scaff_group004	NW_020128864.1	210384	127325563
scaff_group004	NW_020128865.1	379870	127705433
scaff_group004	NW_020128866.1	688404	128393837
scaff_group004	NW_020128867.1	404519	128798356
scaff_group004	NW_020128868.1	383687	129182043
scaff_group004	NW_020128869.1	563547	129745590
scaff_group004	NW_020128870.1	514457	130260047
scaff_group004	NW_020128871.1	212450	130472497
scaff_group004	NW_020128872.1	792458	131264955
scaff_group004	NW_020128873.1	272891	131537846
scaff_group004	NW_020128874.1	134853	131672699
scaff_group004	NW_020128875.1	186500	131859199
scaff_group004	NW_020128876.1	2153801	134013000
scaff_group004	NW_020128877.1	463605	134476605
scaff_group004	NW_020128878.1	460472	134937077
scaff_group004	NW_020128879.1	460464	135397541
scaff_group004	NW_020128880.1	177741	135575282
scaff_group004	NW_020128881.1	416170	135991452
scaff_group004	NW_020128882.1	706918	136698370
scaff_group004	NW_020128883.1	116452	136814822
scaff_group004	NW_020128884.1	651926	137466748
scaff_group004	NW_020128885.1	883727	138350475
scaff_group004	NW_020128886.1	824845	139175320
scaff_group004	NW_020128887.1	419087	139594407
scaff_group004	NW_020128888.1	208211	139802618
scaff_group004	NW_020128889.1	206773	140009391
scaff_group004	NW_020128890.1	857221	140866612
scaff_group004	NW_020128891.1	413583	141280195
scaff_group004	NW_020128892.1	413110	141693305
scaff_group004	NW_020128893.1	411289	142104594
scaff_group004	NW_020128894.1	407716	142512310
scaff_group004	NW_020128895.1	292222	142804532
scaff_group004	NW_020128896.1	290211	143094743
scaff_group004	NW_020128897.1	430910	143525653
scaff_group004	NW_020128898.1	409338	143934991
scaff_group004	NW_020128899.1	98625	144033616
scaff_group004	NW_020128900.1	162446	144196062
scaff_group004	NW_020128901.1	456429	144652491
scaff_group004	NW_020128902.1	376111	145028602
scaff_group004	NW_020128903.1	458436	145487038
scaff_group004	NW_020128904.1	369831	145856869
scaff_group004	NW_020128905.1	372740	146229609
scaff_group004	NW_020128906.1	777479	147007088
scaff_group004	NW_020128907.1	369353	147376441
scaff_group004	NW_020128908.1	393475	147769916
scaff_group004	NW_020128909.1	450841	148220757
scaff_group004	NW_020128910.1	347353	148568110
scaff_group004	NW_020128911.1	373105	148941215
scaff_group004	NW_020128912.1	711760	149652975
scaff_group004	NW_020128913.1	91835	149744810
scaff_group004	NW_020128914.1	158141	149902951
scaff_group004	NW_020128915.1	580310	150483261
scaff_group004	NW_020128916.1	335697	150818958
scaff_group004	NW_020128917.1	335861	151154819
scaff_group004	NW_020128918.1	330429	151485248
scaff_group004	NW_020128919.1	329421	151814669
scaff_group004	NW_020128920.1	359968	152174637
scaff_group004	NW_020128921.1	1380086	153554723
scaff_group004	NW_020128922.1	292435	153847158
scaff_group004	NW_020128923.1	329756	154176914
scaff_group004	NW_020128924.1	365695	154542609
scaff_group004	NW_020128925.1	607804	155150413
scaff_group004	NW_020128926.1	664566	155814979
scaff_group004	NW_020128927.1	313162	156128141
scaff_group004	NW_020128928.1	2526210	158654351
scaff_group004	NW_020128929.1	95840	158750191
scaff_group004	NW_020128930.1	333720	159083911
scaff_group004	NW_020128931.1	66577	159150488
scaff_group004	NW_020128932.1	378044	159528532
scaff_group004	NW_020128933.1	465419	159993951
scaff_group004	NW_020128934.1	401401	160395352
scaff_group004	NW_020128935.1	134835	160530187
scaff_group004	NW_020128936.1	314847	160845034
scaff_group004	NW_020128937.1	91542	160936576
scaff_group004	NW_020128938.1	429273	161365849
scaff_group004	NW_020128939.1	597823	161963672
scaff_group004	NW_020128940.1	297448	162261120
scaff_group004	NW_020128941.1	322997	162584117
scaff_group004	NW_020128942.1	310205	162894322
scaff_group004	NW_020128943.1	293091	163187413
scaff_group004	NW_020128944.1	375791	163563204
scaff_group004	NW_020128945.1	288686	163851890
scaff_group004	NW_020128946.1	2325342	166177232
scaff_group004	NW_020128947.1	86063	166263295
scaff_group004	NW_020128948.1	193812	166457107
scaff_group004	NW_020128949.1	284593	166741700
scaff_group004	NW_020128950.1	457894	167199594
scaff_group005	NW_020128951.1	277829	167477423
scaff_group005	NW_020128952.1	277694	167755117
scaff_group005	NW_020128953.1	530356	168285473
scaff_group005	NW_020128954.1	110051	168395524
scaff_group005	NW_020128955.1	292607	168688131
scaff_group005	NW_020128956.1	421393	169109524
scaff_group005	NW_020128957.1	330927	169440451
scaff_group005	NW_020128958.1	436415	169876866
scaff_group005	NW_020128959.1	350502	170227368
scaff_group005	NW_020128960.1	274892	170502260
scaff_group005	NW_020128961.1	316963	170819223
scaff_group005	NW_020128962.1	269928	171089151
scaff_group005	NW_020128963.1	268987	171358138
scaff_group005	NW_020128964.1	987583	172345721
scaff_group005	NW_020128965.1	112537	172458258
scaff_group005	NW_020128966.1	265620	172723878
scaff_group005	NW_020128967.1	263979	172987857
scaff_group005	NW_020128968.1	263468	173251325
scaff_group005	NW_020128969.1	360900	173612225
scaff_group005	NW_020128970.1	286200	173898425
scaff_group005	NW_020128971.1	1228892	175127317
scaff_group005	NW_020128972.1	960161	176087478
scaff_group005	NW_020128973.1	312030	176399508
scaff_group005	NW_020128974.1	422913	176822421
scaff_group005	NW_020128975.1	359788	177182209
scaff_group005	NW_020128976.1	256872	177439081
scaff_group005	NW_020128977.1	256526	177695607
scaff_group005	NW_020128978.1	300592	177996199
scaff_group005	NW_020128979.1	625933	178622132
scaff_group005	NW_020128980.1	307332	178929464
scaff_group005	NW_020128981.1	253115	179182579
scaff_group005	NW_020128982.1	102952	179285531
scaff_group005	NW_020128983.1	252432	179537963
scaff_group005	NW_020128984.1	251195	179789158
scaff_group005	NW_020128985.1	310025	180099183
scaff_group005	NW_020128986.1	346287	180445470
scaff_group005	NW_020128987.1	360481	180805951
scaff_group005	NW_020128988.1	260363	181066314
scaff_group005	NW_020128989.1	275046	181341360
scaff_group005	NW_020128990.1	246655	181588015
scaff_group005	NW_020128991.1	246470	181834485
scaff_group005	NW_020128992.1	506611	182341096
scaff_group005	NW_020128993.1	246186	182587282
scaff_group005	NW_020128994.1	450542	183037824
scaff_group005	NW_020128995.1	243678	183281502
scaff_group005	NW_020128996.1	242888	183524390
scaff_group005	NW_020128997.1	132408	183656798
scaff_group005	NW_020128998.1	287281	183944079
scaff_group005	NW_020128999.1	242161	184186240
scaff_group005	NW_020129000.1	355018	184541258
scaff_group005	NW_020129001.1	435542	184976800
scaff_group005	NW_020129002.1	272150	185248950
scaff_group005	NW_020129003.1	254959	185503909
scaff_group005	NW_020129004.1	441187	185945096
scaff_group005	NW_020129005.1	342252	186287348
scaff_group005	NW_020129006.1	240236	186527584
scaff_group005	NW_020129007.1	249848	186777432
scaff_group005	NW_020129008.1	285873	187063305
scaff_group005	NW_020129009.1	239618	187302923
scaff_group005	NW_020129010.1	237571	187540494
scaff_group005	NW_020129011.1	454330	187994824
scaff_group005	NW_020129012.1	237047	188231871
scaff_group005	NW_020129013.1	860424	189092295
scaff_group005	NW_020129014.1	87564	189179859
scaff_group005	NW_020129015.1	237511	189417370
scaff_group005	NW_020129016.1	239961	189657331
scaff_group005	NW_020129017.1	400747	190058078
scaff_group005	NW_020129018.1	243583	190301661
scaff_group005	NW_020129019.1	513860	190815521
scaff_group005	NW_020129020.1	249101	191064622
scaff_group005	NW_020129021.1	384776	191449398
scaff_group005	NW_020129022.1	410377	191859775
scaff_group005	NW_020129023.1	231259	192091034
scaff_group005	NW_020129024.1	307015	192398049
scaff_group005	NW_020129025.1	518379	192916428
scaff_group005	NW_020129026.1	423800	193340228
scaff_group005	NW_020129027.1	225262	193565490
scaff_group005	NW_020129028.1	236446	193801936
scaff_group005	NW_020129029.1	333298	194135234
scaff_group005	NW_020129030.1	398585	194533819
scaff_group005	NW_020129031.1	264592	194798411
scaff_group005	NW_020129032.1	336276	195134687
scaff_group005	NW_020129033.1	220748	195355435
scaff_group005	NW_020129034.1	219112	195574547
scaff_group005	NW_020129035.1	315100	195889647
scaff_group005	NW_020129036.1	217555	196107202
scaff_group005	NW_020129037.1	385300	196492502
scaff_group005	NW_020129038.1	253462	196745964
scaff_group005	NW_020129039.1	521583	197267547
scaff_group005	NW_020129040.1	214889	197482436
scaff_group005	NW_020129041.1	214682	197697118
scaff_group005	NW_020129042.1	344477	198041595
scaff_group005	NW_020129043.1	181178	198222773
scaff_group005	NW_020129044.1	219161	198441934
scaff_group005	NW_020129045.1	244911	198686845
scaff_group005	NW_020129046.1	212421	198899266
scaff_group005	NW_020129047.1	70862	198970128
scaff_group005	NW_020129048.1	210618	199180746
scaff_group005	NW_020129049.1	559728	199740474
scaff_group005	NW_020129050.1	403526	200144000
scaff_group005	NW_020129051.1	207981	200351981
scaff_group005	NW_020129052.1	72278	200424259
scaff_group005	NW_020129053.1	181987	200606246
scaff_group005	NW_020129054.1	206209	200812455
scaff_group005	NW_020129055.1	205837	201018292
scaff_group005	NW_020129056.1	179829	201198121
scaff_group005	NW_020129057.1	209907	201408028
scaff_group005	NW_020129058.1	222495	201630523
scaff_group005	NW_020129059.1	236189	201866712
scaff_group005	NW_020129060.1	398573	202265285
scaff_group005	NW_020129061.1	203208	202468493
scaff_group005	NW_020129062.1	413209	202881702
scaff_group005	NW_020129063.1	223411	203105113
scaff_group005	NW_020129064.1	274482	203379595
scaff_group005	NW_020129065.1	206215	203585810
scaff_group005	NW_020129066.1	271270	203857080
scaff_group005	NW_020129067.1	200704	204057784
scaff_group005	NW_020129068.1	200377	204258161
scaff_group005	NW_020129069.1	199981	204458142
scaff_group005	NW_020129070.1	324633	204782775
scaff_group005	NW_020129071.1	225123	205007898
scaff_group005	NW_020129072.1	212947	205220845
scaff_group005	NW_020129073.1	198613	205419458
scaff_group005	NW_020129074.1	210195	205629653
scaff_group005	NW_020129075.1	307634	205937287
scaff_group005	NW_020129076.1	140274	206077561
scaff_group005	NW_020129077.1	399353	206476914
scaff_group005	NW_020129078.1	285834	206762748
scaff_group005	NW_020129079.1	136564	206899312
scaff_group005	NW_020129080.1	251238	207150550
scaff_group005	NW_020129081.1	38772	207189322
scaff_group005	NW_020129082.1	207284	207396606
scaff_group005	NW_020129083.1	328400	207725006
scaff_group005	NW_020129084.1	631606	208356612
scaff_group005	NW_020129085.1	191467	208548079
scaff_group005	NW_020129086.1	206816	208754895
scaff_group005	NW_020129087.1	90577	208845472
scaff_group006	NW_020129088.1	268967	209114439
scaff_group006	NW_020129089.1	190450	209304889
scaff_group006	NW_020129090.1	370963	209675852
scaff_group006	NW_020129091.1	189459	209865311
scaff_group006	NW_020129092.1	189099	210054410
scaff_group006	NW_020129093.1	244502	210298912
scaff_group006	NW_020129094.1	188682	210487594
scaff_group006	NW_020129095.1	359641	210847235
scaff_group006	NW_020129096.1	84493	210931728
scaff_group006	NW_020129097.1	338896	211270624
scaff_group006	NW_020129098.1	186890	211457514
scaff_group006	NW_020129099.1	421930	211879444
scaff_group006	NW_020129100.1	224564	212104008
scaff_group006	NW_020129101.1	314060	212418068
scaff_group006	NW_020129102.1	291487	212709555
scaff_group006	NW_020129103.1	216890	212926445
scaff_group006	NW_020129104.1	380003	213306448
scaff_group006	NW_020129105.1	184324	213490772
scaff_group006	NW_020129106.1	314651	213805423
scaff_group006	NW_020129107.1	181864	213987287
scaff_group006	NW_020129108.1	181802	214169089
scaff_group006	NW_020129109.1	298382	214467471
scaff_group006	NW_020129110.1	181686	214649157
scaff_group006	NW_020129111.1	181575	214830732
scaff_group006	NW_020129112.1	180916	215011648
scaff_group006	NW_020129113.1	191603	215203251
scaff_group006	NW_020129114.1	361110	215564361
scaff_group006	NW_020129115.1	180216	215744577
scaff_group006	NW_020129116.1	179144	215923721
scaff_group006	NW_020129117.1	363605	216287326
scaff_group006	NW_020129118.1	281185	216568511
scaff_group006	NW_020129119.1	267160	216835671
scaff_group006	NW_020129120.1	178051	217013722
scaff_group006	NW_020129121.1	177666	217191388
scaff_group006	NW_020129122.1	176794	217368182
scaff_group006	NW_020129123.1	258022	217626204
scaff_group006	NW_020129124.1	176213	217802417
scaff_group006	NW_020129125.1	910691	218713108
scaff_group006	NW_020129126.1	284673	218997781
scaff_group006	NW_020129127.1	354861	219352642
scaff_group006	NW_020129128.1	214177	219566819
scaff_group006	NW_020129129.1	297338	219864157
scaff_group006	NW_020129130.1	174537	220038694
scaff_group006	NW_020129131.1	174252	220212946
scaff_group006	NW_020129132.1	221036	220433982
scaff_group006	NW_020129133.1	244832	220678814
scaff_group006	NW_020129134.1	173506	220852320
scaff_group006	NW_020129135.1	326684	221179004
scaff_group006	NW_020129136.1	194644	221373648
scaff_group006	NW_020129137.1	319863	221693511
scaff_group006	NW_020129138.1	440631	222134142
scaff_group006	NW_020129139.1	181741	222315883
scaff_group006	NW_020129140.1	171444	222487327
scaff_group006	NW_020129141.1	170500	222657827
scaff_group006	NW_020129142.1	140450	222798277
scaff_group006	NW_020129143.1	240482	223038759
scaff_group006	NW_020129144.1	169908	223208667
scaff_group006	NW_020129145.1	201298	223409965
scaff_group006	NW_020129146.1	198526	223608491
scaff_group006	NW_020129147.1	168345	223776836
scaff_group006	NW_020129148.1	167994	223944830
scaff_group006	NW_020129149.1	167699	224112529
scaff_group006	NW_020129150.1	312224	224424753
scaff_group006	NW_020129151.1	167283	224592036
scaff_group006	NW_020129152.1	166944	224758980
scaff_group006	NW_020129153.1	214703	224973683
scaff_group006	NW_020129154.1	166764	225140447
scaff_group006	NW_020129155.1	322508	225462955
scaff_group006	NW_020129156.1	381930	225844885
scaff_group006	NW_020129157.1	267096	226111981
scaff_group006	NW_020129158.1	221962	226333943
scaff_group006	NW_020129159.1	164717	226498660
scaff_group006	NW_020129160.1	279523	226778183
scaff_group006	NW_020129161.1	222832	227001015
scaff_group006	NW_020129162.1	164046	227165061
scaff_group006	NW_020129163.1	164040	227329101
scaff_group006	NW_020129164.1	163575	227492676
scaff_group006	NW_020129165.1	163193	227655869
scaff_group006	NW_020129166.1	163052	227818921
scaff_group006	NW_020129167.1	232934	228051855
scaff_group006	NW_020129168.1	446639	228498494
scaff_group006	NW_020129169.1	437769	228936263
scaff_group006	NW_020129170.1	161078	229097341
scaff_group006	NW_020129171.1	197019	229294360
scaff_group006	NW_020129172.1	160460	229454820
scaff_group006	NW_020129173.1	160357	229615177
scaff_group006	NW_020129174.1	174138	229789315
scaff_group006	NW_020129175.1	271279	230060594
scaff_group006	NW_020129176.1	158721	230219315
scaff_group006	NW_020129177.1	148378	230367693
scaff_group006	NW_020129178.1	187210	230554903
scaff_group006	NW_020129179.1	503936	231058839
scaff_group006	NW_020129180.1	192218	231251057
scaff_group006	NW_020129181.1	205674	231456731
scaff_group006	NW_020129182.1	249838	231706569
scaff_group006	NW_020129183.1	266598	231973167
scaff_group006	NW_020129184.1	281312	232254479
scaff_group006	NW_020129185.1	235695	232490174
scaff_group006	NW_020129186.1	156559	232646733
scaff_group006	NW_020129187.1	485288	233132021
scaff_group006	NW_020129188.1	155934	233287955
scaff_group006	NW_020129189.1	430393	233718348
scaff_group006	NW_020129190.1	270903	233989251
scaff_group006	NW_020129191.1	249613	234238864
scaff_group006	NW_020129192.1	397099	234635963
scaff_group006	NW_020129193.1	170352	234806315
scaff_group006	NW_020129194.1	217492	235023807
scaff_group006	NW_020129195.1	153289	235177096
scaff_group006	NW_020129196.1	212697	235389793
scaff_group006	NW_020129197.1	153024	235542817
scaff_group006	NW_020129198.1	250798	235793615
scaff_group006	NW_020129199.1	227150	236020765
scaff_group006	NW_020129200.1	186388	236207153
scaff_group006	NW_020129201.1	151661	236358814
scaff_group006	NW_020129202.1	156974	236515788
scaff_group006	NW_020129203.1	151452	236667240
scaff_group006	NW_020129204.1	160700	236827940
scaff_group006	NW_020129205.1	258866	237086806
scaff_group006	NW_020129206.1	151101	237237907
scaff_group006	NW_020129207.1	68434	237306341
scaff_group006	NW_020129208.1	194968	237501309
scaff_group006	NW_020129209.1	150679	237651988
scaff_group006	NW_020129210.1	232524	237884512
scaff_group006	NW_020129211.1	271213	238155725
scaff_group006	NW_020129212.1	209542	238365267
scaff_group006	NW_020129213.1	254835	238620102
scaff_group006	NW_020129214.1	533435	239153537
scaff_group006	NW_020129215.1	181050	239334587
scaff_group006	NW_020129216.1	267410	239601997
scaff_group006	NW_020129217.1	196430	239798427
scaff_group006	NW_020129218.1	176633	239975060
scaff_group006	NW_020129219.1	176178	240151238
scaff_group006	NW_020129220.1	227421	240378659
scaff_group006	NW_020129221.1	219287	240597946
scaff_group006	NW_020129222.1	111009	240708955
scaff_group006	NW_020129223.1	147501	240856456
scaff_group006	NW_020129224.1	147484	241003940
scaff_group006	NW_020129225.1	147094	241151034
scaff_group006	NW_020129226.1	430218	241581252
scaff_group006	NW_020129227.1	70287	241651539
scaff_group006	NW_020129228.1	146841	241798380
scaff_group006	NW_020129229.1	176934	241975314
scaff_group006	NW_020129230.1	146542	242121856
scaff_group006	NW_020129231.1	146527	242268383
scaff_group006	NW_020129232.1	146483	242414866
scaff_group006	NW_020129233.1	146246	242561112
scaff_group006	NW_020129234.1	358716	242919828
scaff_group006	NW_020129235.1	231859	243151687
scaff_group006	NW_020129236.1	198900	243350587
scaff_group006	NW_020129237.1	336930	243687517
scaff_group006	NW_020129238.1	334578	244022095
scaff_group006	NW_020129239.1	542592	244564687
scaff_group006	NW_020129240.1	173554	244738241
scaff_group006	NW_020129241.1	389751	245127992
scaff_group006	NW_020129242.1	144362	245272354
scaff_group006	NW_020129243.1	168387	245440741
scaff_group006	NW_020129244.1	200738	245641479
scaff_group006	NW_020129245.1	143158	245784637
scaff_group006	NW_020129246.1	199384	245984021
scaff_group006	NW_020129247.1	317000	246301021
scaff_group006	NW_020129248.1	155035	246456056
scaff_group006	NW_020129249.1	174778	246630834
scaff_group006	NW_020129250.1	142233	246773067
scaff_group006	NW_020129251.1	785591	247558658
scaff_group006	NW_020129252.1	220543	247779201
scaff_group006	NW_020129253.1	141768	247920969
scaff_group006	NW_020129254.1	141695	248062664
scaff_group006	NW_020129255.1	141693	248204357
scaff_group006	NW_020129256.1	207107	248411464
scaff_group006	NW_020129257.1	256783	248668247
scaff_group006	NW_020129258.1	188360	248856607
scaff_group006	NW_020129259.1	211499	249068106
scaff_group006	NW_020129260.1	152267	249220373
scaff_group006	NW_020129261.1	162022	249382395
scaff_group006	NW_020129262.1	140215	249522610
scaff_group006	NW_020129263.1	162852	249685462
scaff_group006	NW_020129264.1	236245	249921707
scaff_group006	NW_020129265.1	139650	250061357
scaff_group006	NW_020129266.1	116638	250177995
scaff_group006	NW_020129267.1	138948	250316943
scaff_group006	NW_020129268.1	191075	250508018
scaff_group006	NW_020129269.1	138560	250646578
scaff_group006	NW_020129270.1	138514	250785092
scaff_group007	NW_020129271.1	130029	250915121
scaff_group007	NW_020129272.1	194637	251109758
scaff_group007	NW_020129273.1	138134	251247892
scaff_group007	NW_020129274.1	162343	251410235
scaff_group007	NW_020129275.1	232941	251643176
scaff_group007	NW_020129276.1	137757	251780933
scaff_group007	NW_020129277.1	145574	251926507
scaff_group007	NW_020129278.1	82476	252008983
scaff_group007	NW_020129279.1	156601	252165584
scaff_group007	NW_020129280.1	294857	252460441
scaff_group007	NW_020129281.1	136284	252596725
scaff_group007	NW_020129282.1	135956	252732681
scaff_group007	NW_020129283.1	181344	252914025
scaff_group007	NW_020129284.1	135229	253049254
scaff_group007	NW_020129285.1	135059	253184313
scaff_group007	NW_020129286.1	187216	253371529
scaff_group007	NW_020129287.1	134708	253506237
scaff_group007	NW_020129288.1	134192	253640429
scaff_group007	NW_020129289.1	151418	253791847
scaff_group007	NW_020129290.1	157672	253949519
scaff_group007	NW_020129291.1	133937	254083456
scaff_group007	NW_020129292.1	133872	254217328
scaff_group007	NW_020129293.1	133476	254350804
scaff_group007	NW_020129294.1	145509	254496313
scaff_group007	NW_020129295.1	247903	254744216
scaff_group007	NW_020129296.1	128208	254872424
scaff_group007	NW_020129297.1	423704	255296128
scaff_group007	NW_020129298.1	502394	255798522
scaff_group007	NW_020129299.1	139596	255938118
scaff_group007	NW_020129300.1	75902	256014020
scaff_group007	NW_020129301.1	230263	256244283
scaff_group007	NW_020129302.1	132237	256376520
scaff_group007	NW_020129303.1	140764	256517284
scaff_group007	NW_020129304.1	199777	256717061
scaff_group007	NW_020129305.1	131742	256848803
scaff_group007	NW_020129306.1	131675	256980478
scaff_group007	NW_020129307.1	177110	257157588
scaff_group007	NW_020129308.1	131400	257288988
scaff_group007	NW_020129309.1	286781	257575769
scaff_group007	NW_020129310.1	502924	258078693
scaff_group007	NW_020129311.1	260298	258338991
scaff_group007	NW_020129312.1	130349	258469340
scaff_group007	NW_020129313.1	87192	258556532
scaff_group007	NW_020129314.1	135423	258691955
scaff_group007	NW_020129315.1	218001	258909956
scaff_group007	NW_020129316.1	405103	259315059
scaff_group007	NW_020129317.1	323426	259638485
scaff_group007	NW_020129318.1	128818	259767303
scaff_group007	NW_020129319.1	128729	259896032
scaff_group007	NW_020129320.1	128683	260024715
scaff_group007	NW_020129321.1	128654	260153369
scaff_group007	NW_020129322.1	144291	260297660
scaff_group007	NW_020129323.1	147066	260444726
scaff_group007	NW_020129324.1	228818	260673544
scaff_group007	NW_020129325.1	128221	260801765
scaff_group007	NW_020129326.1	127839	260929604
scaff_group007	NW_020129327.1	187900	261117504
scaff_group007	NW_020129328.1	257554	261375058
scaff_group007	NW_020129329.1	291358	261666416
scaff_group007	NW_020129330.1	155251	261821667
scaff_group007	NW_020129331.1	217299	262038966
scaff_group007	NW_020129332.1	126634	262165600
scaff_group007	NW_020129333.1	170127	262335727
scaff_group007	NW_020129334.1	126542	262462269
scaff_group007	NW_020129335.1	138388	262600657
scaff_group007	NW_020129336.1	132401	262733058
scaff_group007	NW_020129337.1	142099	262875157
scaff_group007	NW_020129338.1	126016	263001173
scaff_group007	NW_020129339.1	133149	263134322
scaff_group007	NW_020129340.1	125769	263260091
scaff_group007	NW_020129341.1	125718	263385809
scaff_group007	NW_020129342.1	125605	263511414
scaff_group007	NW_020129343.1	221706	263733120
scaff_group007	NW_020129344.1	125495	263858615
scaff_group007	NW_020129345.1	124891	263983506
scaff_group007	NW_020129346.1	254794	264238300
scaff_group007	NW_020129347.1	124799	264363099
scaff_group007	NW_020129348.1	238733	264601832
scaff_group007	NW_020129349.1	189405	264791237
scaff_group007	NW_020129350.1	217341	265008578
scaff_group007	NW_020129351.1	163357	265171935
scaff_group007	NW_020129352.1	157132	265329067
scaff_group007	NW_020129353.1	201954	265531021
scaff_group007	NW_020129354.1	124230	265655251
scaff_group007	NW_020129355.1	367243	266022494
scaff_group007	NW_020129356.1	124023	266146517
scaff_group007	NW_020129357.1	123845	266270362
scaff_group007	NW_020129358.1	187791	266458153
scaff_group007	NW_020129359.1	153910	266612063
scaff_group007	NW_020129360.1	162534	266774597
scaff_group007	NW_020129361.1	305669	267080266
scaff_group007	NW_020129362.1	131915	267212181
scaff_group007	NW_020129363.1	343829	267556010
scaff_group007	NW_020129364.1	220168	267776178
scaff_group007	NW_020129365.1	188896	267965074
scaff_group007	NW_020129366.1	194624	268159698
scaff_group007	NW_020129367.1	177612	268337310
scaff_group007	NW_020129368.1	160165	268497475
scaff_group007	NW_020129369.1	228154	268725629
scaff_group007	NW_020129370.1	121607	268847236
scaff_group007	NW_020129371.1	197534	269044770
scaff_group007	NW_020129372.1	121273	269166043
scaff_group007	NW_020129373.1	188224	269354267
scaff_group007	NW_020129374.1	239897	269594164
scaff_group007	NW_020129375.1	179304	269773468
scaff_group007	NW_020129376.1	203653	269977121
scaff_group007	NW_020129377.1	120329	270097450
scaff_group007	NW_020129378.1	118970	270216420
scaff_group007	NW_020129379.1	118959	270335379
scaff_group007	NW_020129380.1	262683	270598062
scaff_group007	NW_020129381.1	222343	270820405
scaff_group007	NW_020129382.1	349104	271169509
scaff_group007	NW_020129383.1	206532	271376041
scaff_group007	NW_020129384.1	118164	271494205
scaff_group007	NW_020129385.1	146196	271640401
scaff_group007	NW_020129386.1	118077	271758478
scaff_group007	NW_020129387.1	174136	271932614
scaff_group007	NW_020129388.1	126577	272059191
scaff_group007	NW_020129389.1	187947	272247138
scaff_group007	NW_020129390.1	117815	272364953
scaff_group007	NW_020129391.1	129541	272494494
scaff_group007	NW_020129392.1	406054	272900548
scaff_group007	NW_020129393.1	117552	273018100
scaff_group007	NW_020129394.1	295473	273313573
scaff_group007	NW_020129395.1	117149	273430722
scaff_group007	NW_020129396.1	117048	273547770
scaff_group007	NW_020129397.1	117021	273664791
scaff_group007	NW_020129398.1	160691	273825482
scaff_group007	NW_020129399.1	227970	274053452
scaff_group007	NW_020129400.1	175592	274229044
scaff_group007	NW_020129401.1	122020	274351064
scaff_group007	NW_020129402.1	221888	274572952
scaff_group007	NW_020129403.1	116529	274689481
scaff_group007	NW_020129404.1	116527	274806008
scaff_group007	NW_020129405.1	172668	274978676
scaff_group007	NW_020129406.1	225685	275204361
scaff_group007	NW_020129407.1	179629	275383990
scaff_group007	NW_020129408.1	116051	275500041
scaff_group007	NW_020129409.1	127495	275627536
scaff_group007	NW_020129410.1	126107	275753643
scaff_group007	NW_020129411.1	128845	275882488
scaff_group007	NW_020129412.1	114264	275996752
scaff_group007	NW_020129413.1	117254	276114006
scaff_group007	NW_020129414.1	115294	276229300
scaff_group007	NW_020129415.1	201982	276431282
scaff_group007	NW_020129416.1	168657	276599939
scaff_group007	NW_020129417.1	114792	276714731
scaff_group007	NW_020129418.1	54722	276769453
scaff_group007	NW_020129419.1	227138	276996591
scaff_group007	NW_020129420.1	183880	277180471
scaff_group007	NW_020129421.1	114739	277295210
scaff_group007	NW_020129422.1	114468	277409678
scaff_group007	NW_020129423.1	127815	277537493
scaff_group007	NW_020129424.1	141789	277679282
scaff_group007	NW_020129425.1	114253	277793535
scaff_group007	NW_020129426.1	190366	277983901
scaff_group007	NW_020129427.1	156625	278140526
scaff_group007	NW_020129428.1	113930	278254456
scaff_group007	NW_020129429.1	159813	278414269
scaff_group007	NW_020129430.1	113546	278527815
scaff_group007	NW_020129431.1	113480	278641295
scaff_group007	NW_020129432.1	160439	278801734
scaff_group007	NW_020129433.1	167390	278969124
scaff_group007	NW_020129434.1	112654	279081778
scaff_group007	NW_020129435.1	112531	279194309
scaff_group007	NW_020129436.1	69981	279264290
scaff_group007	NW_020129437.1	112434	279376724
scaff_group007	NW_020129438.1	155879	279532603
scaff_group007	NW_020129439.1	135945	279668548
scaff_group007	NW_020129440.1	111660	279780208
scaff_group007	NW_020129441.1	111464	279891672
scaff_group007	NW_020129442.1	146644	280038316
scaff_group007	NW_020129443.1	111167	280149483
scaff_group007	NW_020129444.1	111075	280260558
scaff_group007	NW_020129445.1	185895	280446453
scaff_group007	NW_020129446.1	118883	280565336
scaff_group007	NW_020129447.1	110445	280675781
scaff_group007	NW_020129448.1	125621	280801402
scaff_group007	NW_020129449.1	206875	281008277
scaff_group007	NW_020129450.1	110065	281118342
scaff_group007	NW_020129451.1	109899	281228241
scaff_group007	NW_020129452.1	157524	281385765
scaff_group007	NW_020129453.1	250265	281636030
scaff_group007	NW_020129454.1	109666	281745696
scaff_group007	NW_020129455.1	125738	281871434
scaff_group007	NW_020129456.1	109504	281980938
scaff_group007	NW_020129457.1	120898	282101836
scaff_group007	NW_020129458.1	354620	282456456
scaff_group007	NW_020129459.1	109256	282565712
scaff_group007	NW_020129460.1	172548	282738260
scaff_group007	NW_020129461.1	156543	282894803
scaff_group007	NW_020129462.1	172735	283067538
scaff_group007	NW_020129463.1	108671	283176209
scaff_group007	NW_020129464.1	108535	283284744
scaff_group007	NW_020129465.1	113989	283398733
scaff_group007	NW_020129466.1	108061	283506794
scaff_group007	NW_020129467.1	112156	283618950
scaff_group007	NW_020129468.1	79692	283698642
scaff_group007	NW_020129469.1	107656	283806298
scaff_group007	NW_020129470.1	213544	284019842
scaff_group007	NW_020129471.1	107507	284127349
scaff_group007	NW_020129472.1	107290	284234639
scaff_group007	NW_020129473.1	107237	284341876
scaff_group007	NW_020129474.1	298668	284640544
scaff_group007	NW_020129475.1	191736	284832280
scaff_group007	NW_020129476.1	128983	284961263
scaff_group007	NW_020129477.1	148603	285109866
scaff_group007	NW_020129478.1	239704	285349570
scaff_group007	NW_020129479.1	405733	285755303
scaff_group007	NW_020129480.1	107228	285862531
scaff_group007	NW_020129481.1	125710	285988241
scaff_group007	NW_020129482.1	105950	286094191
scaff_group007	NW_020129483.1	107518	286201709
scaff_group007	NW_020129484.1	222653	286424362
scaff_group007	NW_020129485.1	112030	286536392
scaff_group007	NW_020129486.1	166224	286702616
scaff_group007	NW_020129487.1	127959	286830575
scaff_group007	NW_020129488.1	105083	286935658
scaff_group007	NW_020129489.1	117892	287053550
scaff_group007	NW_020129490.1	131610	287185160
scaff_group007	NW_020129491.1	104618	287289778
scaff_group007	NW_020129492.1	203960	287493738
scaff_group007	NW_020129493.1	110727	287604465
scaff_group007	NW_020129494.1	619108	288223573
scaff_group007	NW_020129495.1	104044	288327617
scaff_group007	NW_020129496.1	170088	288497705
scaff_group007	NW_020129497.1	103533	288601238
scaff_group007	NW_020129498.1	112124	288713362
scaff_group007	NW_020129499.1	103327	288816689
scaff_group007	NW_020129500.1	103198	288919887
scaff_group007	NW_020129501.1	137888	289057775
scaff_group007	NW_020129502.1	103132	289160907
scaff_group007	NW_020129503.1	118357	289279264
scaff_group007	NW_020129504.1	132046	289411310
scaff_group007	NW_020129505.1	202949	289614259
scaff_group007	NW_020129506.1	102685	289716944
scaff_group007	NW_020129507.1	102675	289819619
scaff_group007	NW_020129508.1	285836	290105455
scaff_group007	NW_020129509.1	193375	290298830
scaff_group007	NW_020129510.1	125503	290424333
scaff_group007	NW_020129511.1	187949	290612282
scaff_group007	NW_020129512.1	108706	290720988
scaff_group007	NW_020129513.1	102141	290823129
scaff_group007	NW_020129514.1	216699	291039828
scaff_group007	NW_020129515.1	165308	291205136
scaff_group007	NW_020129516.1	101799	291306935
scaff_group007	NW_020129517.1	101795	291408730
scaff_group007	NW_020129518.1	125713	291534443
scaff_group007	NW_020129519.1	118986	291653429
scaff_group007	NW_020129520.1	101498	291754927
scaff_group007	NW_020129521.1	101493	291856420
scaff_group007	NW_020129522.1	138692	291995112
scaff_group007	NW_020129523.1	101394	292096506
scaff_group007	NW_020129524.1	157447	292253953
scaff_group007	NW_020129525.1	101049	292355002
scaff_group007	NW_020129526.1	163543	292518545
scaff_group007	NW_020129527.1	102627	292621172
scaff_group008	NW_020129528.1	100752	292721924
scaff_group008	NW_020129529.1	148858	292870782
scaff_group008	NW_020129530.1	203868	293074650
scaff_group008	NW_020129531.1	117964	293192614
scaff_group008	NW_020129532.1	97543	293290157
scaff_group008	NW_020129533.1	295891	293586048
scaff_group008	NW_020129534.1	100219	293686267
scaff_group008	NW_020129535.1	108818	293795085
scaff_group008	NW_020129536.1	99806	293894891
scaff_group008	NW_020129537.1	363301	294258192
scaff_group008	NW_020129538.1	99554	294357746
scaff_group008	NW_020129539.1	111223	294468969
scaff_group008	NW_020129540.1	187306	294656275
scaff_group008	NW_020129541.1	98893	294755168
scaff_group008	NW_020129542.1	183463	294938631
scaff_group008	NW_020129543.1	98780	295037411
scaff_group008	NW_020129544.1	98690	295136101
scaff_group008	NW_020129545.1	98570	295234671
scaff_group008	NW_020129546.1	98478	295333149
scaff_group008	NW_020129547.1	111276	295444425
scaff_group008	NW_020129548.1	98381	295542806
scaff_group008	NW_020129549.1	189622	295732428
scaff_group008	NW_020129550.1	124205	295856633
scaff_group008	NW_020129551.1	98115	295954748
scaff_group008	NW_020129552.1	134271	296089019
scaff_group008	NW_020129553.1	97875	296186894
scaff_group008	NW_020129554.1	97737	296284631
scaff_group008	NW_020129555.1	254687	296539318
scaff_group008	NW_020129556.1	149235	296688553
scaff_group008	NW_020129557.1	120898	296809451
scaff_group008	NW_020129558.1	97393	296906844
scaff_group008	NW_020129559.1	97378	297004222
scaff_group008	NW_020129560.1	202624	297206846
scaff_group008	NW_020129561.1	97214	297304060
scaff_group008	NW_020129562.1	126094	297430154
scaff_group008	NW_020129563.1	97054	297527208
scaff_group008	NW_020129564.1	312108	297839316
scaff_group008	NW_020129565.1	174462	298013778
scaff_group008	NW_020129566.1	196841	298210619
scaff_group008	NW_020129567.1	189665	298400284
scaff_group008	NW_020129568.1	108103	298508387
scaff_group008	NW_020129569.1	96477	298604864
scaff_group008	NW_020129570.1	96421	298701285
scaff_group008	NW_020129571.1	105011	298806296
scaff_group008	NW_020129572.1	181865	298988161
scaff_group008	NW_020129573.1	96162	299084323
scaff_group008	NW_020129574.1	107504	299191827
scaff_group008	NW_020129575.1	140743	299332570
scaff_group008	NW_020129576.1	95738	299428308
scaff_group008	NW_020129577.1	189137	299617445
scaff_group008	NW_020129578.1	95597	299713042
scaff_group008	NW_020129579.1	95595	299808637
scaff_group008	NW_020129580.1	95580	299904217
scaff_group008	NW_020129581.1	147148	300051365
scaff_group008	NW_020129582.1	183693	300235058
scaff_group008	NW_020129583.1	182173	300417231
scaff_group008	NW_020129584.1	181722	300598953
scaff_group008	NW_020129585.1	111612	300710565
scaff_group008	NW_020129586.1	137953	300848518
scaff_group008	NW_020129587.1	98735	300947253
scaff_group008	NW_020129588.1	291372	301238625
scaff_group008	NW_020129589.1	94533	301333158
scaff_group008	NW_020129590.1	185040	301518198
scaff_group008	NW_020129591.1	116144	301634342
scaff_group008	NW_020129592.1	192957	301827299
scaff_group008	NW_020129593.1	94031	301921330
scaff_group008	NW_020129594.1	215763	302137093
scaff_group008	NW_020129595.1	102868	302239961
scaff_group008	NW_020129596.1	93892	302333853
scaff_group008	NW_020129597.1	137722	302471575
scaff_group008	NW_020129598.1	93749	302565324
scaff_group008	NW_020129599.1	181387	302746711
scaff_group008	NW_020129600.1	203523	302950234
scaff_group008	NW_020129601.1	93538	303043772
scaff_group008	NW_020129602.1	140792	303184564
scaff_group008	NW_020129603.1	98133	303282697
scaff_group008	NW_020129604.1	93430	303376127
scaff_group008	NW_020129605.1	93119	303469246
scaff_group008	NW_020129606.1	435920	303905166
scaff_group008	NW_020129607.1	306978	304212144
scaff_group008	NW_020129608.1	93026	304305170
scaff_group008	NW_020129609.1	94098	304399268
scaff_group008	NW_020129610.1	92870	304492138
scaff_group008	NW_020129611.1	191623	304683761
scaff_group008	NW_020129612.1	92756	304776517
scaff_group008	NW_020129613.1	92615	304869132
scaff_group008	NW_020129614.1	222711	305091843
scaff_group008	NW_020129615.1	126755	305218598
scaff_group008	NW_020129616.1	110413	305329011
scaff_group008	NW_020129617.1	175308	305504319
scaff_group008	NW_020129618.1	112758	305617077
scaff_group008	NW_020129619.1	125482	305742559
scaff_group008	NW_020129620.1	143676	305886235
scaff_group008	NW_020129621.1	91906	305978141
scaff_group008	NW_020129622.1	92920	306071061
scaff_group008	NW_020129623.1	299628	306370689
scaff_group008	NW_020129624.1	91565	306462254
scaff_group008	NW_020129625.1	237513	306699767
scaff_group008	NW_020129626.1	91298	306791065
scaff_group008	NW_020129627.1	91296	306882361
scaff_group008	NW_020129628.1	128366	307010727
scaff_group008	NW_020129629.1	91132	307101859
scaff_group008	NW_020129630.1	104574	307206433
scaff_group008	NW_020129631.1	90852	307297285
scaff_group008	NW_020129632.1	97414	307394699
scaff_group008	NW_020129633.1	90557	307485256
scaff_group008	NW_020129634.1	90252	307575508
scaff_group008	NW_020129635.1	119338	307694846
scaff_group008	NW_020129636.1	234247	307929093
scaff_group008	NW_020129637.1	89926	308019019
scaff_group008	NW_020129638.1	180624	308199643
scaff_group008	NW_020129639.1	89812	308289455
scaff_group008	NW_020129640.1	89786	308379241
scaff_group008	NW_020129641.1	89699	308468940
scaff_group008	NW_020129642.1	124421	308593361
scaff_group008	NW_020129643.1	122874	308716235
scaff_group008	NW_020129644.1	89531	308805766
scaff_group008	NW_020129645.1	113063	308918829
scaff_group008	NW_020129646.1	89437	309008266
scaff_group008	NW_020129647.1	89431	309097697
scaff_group008	NW_020129648.1	89396	309187093
scaff_group008	NW_020129649.1	89123	309276216
scaff_group008	NW_020129650.1	104076	309380292
scaff_group008	NW_020129651.1	89001	309469293
scaff_group008	NW_020129652.1	161418	309630711
scaff_group008	NW_020129653.1	88942	309719653
scaff_group008	NW_020129654.1	88922	309808575
scaff_group008	NW_020129655.1	88861	309897436
scaff_group008	NW_020129656.1	88837	309986273
scaff_group008	NW_020129657.1	178604	310164877
scaff_group008	NW_020129658.1	127697	310292574
scaff_group008	NW_020129659.1	157806	310450380
scaff_group008	NW_020129660.1	110029	310560409
scaff_group008	NW_020129661.1	147518	310707927
scaff_group008	NW_020129662.1	251823	310959750
scaff_group008	NW_020129663.1	88568	311048318
scaff_group008	NW_020129664.1	174898	311223216
scaff_group008	NW_020129665.1	176343	311399559
scaff_group008	NW_020129666.1	113217	311512776
scaff_group008	NW_020129667.1	384216	311896992
scaff_group008	NW_020129668.1	202546	312099538
scaff_group008	NW_020129669.1	87954	312187492
scaff_group008	NW_020129670.1	87902	312275394
scaff_group008	NW_020129671.1	87902	312363296
scaff_group008	NW_020129672.1	124412	312487708
scaff_group008	NW_020129673.1	96095	312583803
scaff_group008	NW_020129674.1	168898	312752701
scaff_group008	NW_020129675.1	87647	312840348
scaff_group008	NW_020129676.1	87584	312927932
scaff_group008	NW_020129677.1	199045	313126977
scaff_group008	NW_020129678.1	183799	313310776
scaff_group008	NW_020129679.1	564403	313875179
scaff_group008	NW_020129680.1	160902	314036081
scaff_group008	NW_020129681.1	89537	314125618
scaff_group008	NW_020129682.1	101856	314227474
scaff_group008	NW_020129683.1	87143	314314617
scaff_group008	NW_020129684.1	87045	314401662
scaff_group008	NW_020129685.1	86874	314488536
scaff_group008	NW_020129686.1	172562	314661098
scaff_group008	NW_020129687.1	233877	314894975
scaff_group008	NW_020129688.1	86523	314981498
scaff_group008	NW_020129689.1	86513	315068011
scaff_group008	NW_020129690.1	110242	315178253
scaff_group008	NW_020129691.1	86322	315264575
scaff_group008	NW_020129692.1	89538	315354113
scaff_group008	NW_020129693.1	86228	315440341
scaff_group008	NW_020129694.1	86213	315526554
scaff_group008	NW_020129695.1	86153	315612707
scaff_group008	NW_020129696.1	86128	315698835
scaff_group008	NW_020129697.1	86107	315784942
scaff_group008	NW_020129698.1	85766	315870708
scaff_group008	NW_020129699.1	129346	316000054
scaff_group008	NW_020129700.1	85736	316085790
scaff_group008	NW_020129701.1	166699	316252489
scaff_group008	NW_020129702.1	94626	316347115
scaff_group008	NW_020129703.1	124969	316472084
scaff_group008	NW_020129704.1	85257	316557341
scaff_group008	NW_020129705.1	110824	316668165
scaff_group008	NW_020129706.1	181410	316849575
scaff_group008	NW_020129707.1	84840	316934415
scaff_group008	NW_020129708.1	157626	317092041
scaff_group008	NW_020129709.1	257733	317349774
scaff_group008	NW_020129710.1	212863	317562637
scaff_group008	NW_020129711.1	198511	317761148
scaff_group008	NW_020129712.1	184428	317945576
scaff_group008	NW_020129713.1	204768	318150344
scaff_group008	NW_020129714.1	84290	318234634
scaff_group008	NW_020129715.1	111530	318346164
scaff_group008	NW_020129716.1	152815	318498979
scaff_group008	NW_020129717.1	84212	318583191
scaff_group008	NW_020129718.1	144688	318727879
scaff_group008	NW_020129719.1	84123	318812002
scaff_group008	NW_020129720.1	84056	318896058
scaff_group008	NW_020129721.1	84048	318980106
scaff_group008	NW_020129722.1	83993	319064099
scaff_group008	NW_020129723.1	83983	319148082
scaff_group008	NW_020129724.1	155754	319303836
scaff_group008	NW_020129725.1	101721	319405557
scaff_group008	NW_020129726.1	83776	319489333
scaff_group008	NW_020129727.1	83735	319573068
scaff_group008	NW_020129728.1	83705	319656773
scaff_group008	NW_020129729.1	83690	319740463
scaff_group008	NW_020129730.1	93920	319834383
scaff_group008	NW_020129731.1	83479	319917862
scaff_group008	NW_020129732.1	83461	320001323
scaff_group008	NW_020129733.1	135255	320136578
scaff_group008	NW_020129734.1	83302	320219880
scaff_group008	NW_020129735.1	131369	320351249
scaff_group008	NW_020129736.1	205911	320557160
scaff_group008	NW_020129737.1	113836	320670996
scaff_group008	NW_020129738.1	172784	320843780
scaff_group008	NW_020129739.1	83033	320926813
scaff_group008	NW_020129740.1	82984	321009797
scaff_group008	NW_020129741.1	111275	321121072
scaff_group008	NW_020129742.1	82888	321203960
scaff_group008	NW_020129743.1	183127	321387087
scaff_group008	NW_020129744.1	82779	321469866
scaff_group008	NW_020129745.1	82653	321552519
scaff_group008	NW_020129746.1	82601	321635120
scaff_group008	NW_020129747.1	113745	321748865
scaff_group008	NW_020129748.1	82474	321831339
scaff_group008	NW_020129749.1	136258	321967597
scaff_group008	NW_020129750.1	93846	322061443
scaff_group008	NW_020129751.1	82246	322143689
scaff_group008	NW_020129752.1	81972	322225661
scaff_group008	NW_020129753.1	81953	322307614
scaff_group008	NW_020129754.1	149957	322457571
scaff_group008	NW_020129755.1	146922	322604493
scaff_group008	NW_020129756.1	81762	322686255
scaff_group008	NW_020129757.1	81694	322767949
scaff_group008	NW_020129758.1	158140	322926089
scaff_group008	NW_020129759.1	216620	323142709
scaff_group008	NW_020129760.1	81561	323224270
scaff_group008	NW_020129761.1	81531	323305801
scaff_group008	NW_020129762.1	81475	323387276
scaff_group008	NW_020129763.1	81429	323468705
scaff_group008	NW_020129764.1	118092	323586797
scaff_group008	NW_020129765.1	95265	323682062
scaff_group008	NW_020129766.1	81210	323763272
scaff_group008	NW_020129767.1	81203	323844475
scaff_group008	NW_020129768.1	81177	323925652
scaff_group008	NW_020129769.1	154718	324080370
scaff_group008	NW_020129770.1	122719	324203089
scaff_group008	NW_020129771.1	81060	324284149
scaff_group008	NW_020129772.1	94821	324378970
scaff_group008	NW_020129773.1	208846	324587816
scaff_group008	NW_020129774.1	104654	324692470
scaff_group008	NW_020129775.1	145708	324838178
scaff_group008	NW_020129776.1	108757	324946935
scaff_group008	NW_020129777.1	345962	325292897
scaff_group008	NW_020129778.1	80280	325373177
scaff_group008	NW_020129779.1	80204	325453381
scaff_group008	NW_020129780.1	80102	325533483
scaff_group008	NW_020129781.1	80022	325613505
scaff_group008	NW_020129782.1	80002	325693507
scaff_group008	NW_020129783.1	50960	325744467
scaff_group008	NW_020129784.1	134475	325878942
scaff_group008	NW_020129785.1	99383	325978325
scaff_group008	NW_020129786.1	99538	326077863
scaff_group008	NW_020129787.1	122396	326200259
scaff_group008	NW_020129788.1	86936	326287195
scaff_group008	NW_020129789.1	79580	326366775
scaff_group008	NW_020129790.1	152533	326519308
scaff_group008	NW_020129791.1	79374	326598682
scaff_group008	NW_020129792.1	177213	326775895
scaff_group008	NW_020129793.1	162808	326938703
scaff_group008	NW_020129794.1	112414	327051117
scaff_group008	NW_020129795.1	79149	327130266
scaff_group008	NW_020129796.1	79118	327209384
scaff_group008	NW_020129797.1	79116	327288500
scaff_group008	NW_020129798.1	78966	327367466
scaff_group008	NW_020129799.1	78965	327446431
scaff_group008	NW_020129800.1	182639	327629070
scaff_group008	NW_020129801.1	156929	327785999
scaff_group008	NW_020129802.1	78843	327864842
scaff_group008	NW_020129803.1	88011	327952853
scaff_group008	NW_020129804.1	78804	328031657
scaff_group008	NW_020129805.1	116987	328148644
scaff_group008	NW_020129806.1	103421	328252065
scaff_group008	NW_020129807.1	78622	328330687
scaff_group008	NW_020129808.1	135842	328466529
scaff_group008	NW_020129809.1	78556	328545085
scaff_group008	NW_020129810.1	217504	328762589
scaff_group008	NW_020129811.1	78420	328841009
scaff_group008	NW_020129812.1	149454	328990463
scaff_group008	NW_020129813.1	136257	329126720
scaff_group008	NW_020129814.1	78191	329204911
scaff_group008	NW_020129815.1	105959	329310870
scaff_group008	NW_020129816.1	78029	329388899
scaff_group008	NW_020129817.1	130525	329519424
scaff_group008	NW_020129818.1	78001	329597425
scaff_group008	NW_020129819.1	77926	329675351
scaff_group008	NW_020129820.1	82319	329757670
scaff_group008	NW_020129821.1	77828	329835498
scaff_group008	NW_020129822.1	102685	329938183
scaff_group008	NW_020129823.1	77632	330015815
scaff_group008	NW_020129824.1	77631	330093446
scaff_group008	NW_020129825.1	77469	330170915
scaff_group008	NW_020129826.1	134020	330304935
scaff_group008	NW_020129827.1	77415	330382350
scaff_group008	NW_020129828.1	77408	330459758
scaff_group008	NW_020129829.1	78574	330538332
scaff_group008	NW_020129830.1	108136	330646468
scaff_group008	NW_020129831.1	77027	330723495
scaff_group008	NW_020129832.1	76986	330800481
scaff_group008	NW_020129833.1	231894	331032375
scaff_group008	NW_020129834.1	150721	331183096
scaff_group008	NW_020129835.1	152362	331335458
scaff_group008	NW_020129836.1	106006	331441464
scaff_group008	NW_020129837.1	76128	331517592
scaff_group008	NW_020129838.1	132562	331650154
scaff_group008	NW_020129839.1	126978	331777132
scaff_group008	NW_020129840.1	75718	331852850
scaff_group008	NW_020129841.1	75549	331928399
scaff_group008	NW_020129842.1	48776	331977175
scaff_group008	NW_020129843.1	129238	332106413
scaff_group008	NW_020129844.1	176283	332282696
scaff_group008	NW_020129845.1	74991	332357687
scaff_group008	NW_020129846.1	74888	332432575
scaff_group008	NW_020129847.1	116581	332549156
scaff_group008	NW_020129848.1	187265	332736421
scaff_group008	NW_020129849.1	74744	332811165
scaff_group008	NW_020129850.1	186305	332997470
scaff_group008	NW_020129851.1	74593	333072063
scaff_group008	NW_020129852.1	122377	333194440
scaff_group008	NW_020129853.1	118058	333312498
scaff_group008	NW_020129854.1	110667	333423165
scaff_group008	NW_020129855.1	74318	333497483
scaff_group008	NW_020129856.1	229157	333726640
scaff_group008	NW_020129857.1	74185	333800825
scaff_group008	NW_020129858.1	74179	333875004
scaff_group008	NW_020129859.1	124137	333999141
scaff_group008	NW_020129860.1	74083	334073224
scaff_group008	NW_020129861.1	74044	334147268
scaff_group008	NW_020129862.1	73866	334221134
scaff_group008	NW_020129863.1	134790	334355924
scaff_group008	NW_020129864.1	131426	334487350
scaff_group009	NW_020129865.1	73710	334561060
scaff_group009	NW_020129866.1	272788	334833848
scaff_group009	NW_020129867.1	184988	335018836
scaff_group009	NW_020129868.1	73569	335092405
scaff_group009	NW_020129869.1	73463	335165868
scaff_group009	NW_020129870.1	73372	335239240
scaff_group009	NW_020129871.1	73361	335312601
scaff_group009	NW_020129872.1	73251	335385852
scaff_group009	NW_020129873.1	73248	335459100
scaff_group009	NW_020129874.1	132031	335591131
scaff_group009	NW_020129875.1	73051	335664182
scaff_group009	NW_020129876.1	147491	335811673
scaff_group009	NW_020129877.1	83940	335895613
scaff_group009	NW_020129878.1	72940	335968553
scaff_group009	NW_020129879.1	100338	336068891
scaff_group009	NW_020129880.1	72795	336141686
scaff_group009	NW_020129881.1	72629	336214315
scaff_group009	NW_020129882.1	222997	336437312
scaff_group009	NW_020129883.1	89932	336527244
scaff_group009	NW_020129884.1	239491	336766735
scaff_group009	NW_020129885.1	72334	336839069
scaff_group009	NW_020129886.1	141668	336980737
scaff_group009	NW_020129887.1	122601	337103338
scaff_group009	NW_020129888.1	147626	337250964
scaff_group009	NW_020129889.1	142159	337393123
scaff_group009	NW_020129890.1	134669	337527792
scaff_group009	NW_020129891.1	196617	337724409
scaff_group009	NW_020129892.1	71936	337796345
scaff_group009	NW_020129893.1	71851	337868196
scaff_group009	NW_020129894.1	103122	337971318
scaff_group009	NW_020129895.1	93029	338064347
scaff_group009	NW_020129896.1	113857	338178204
scaff_group009	NW_020129897.1	71699	338249903
scaff_group009	NW_020129898.1	84146	338334049
scaff_group009	NW_020129899.1	143293	338477342
scaff_group009	NW_020129900.1	206995	338684337
scaff_group009	NW_020129901.1	144093	338828430
scaff_group009	NW_020129902.1	71313	338899743
scaff_group009	NW_020129903.1	94204	338993947
scaff_group009	NW_020129904.1	83466	339077413
scaff_group009	NW_020129905.1	71185	339148598
scaff_group009	NW_020129906.1	176655	339325253
scaff_group009	NW_020129907.1	71122	339396375
scaff_group009	NW_020129908.1	93336	339489711
scaff_group009	NW_020129909.1	44348	339534059
scaff_group009	NW_020129910.1	121067	339655126
scaff_group009	NW_020129911.1	70889	339726015
scaff_group009	NW_020129912.1	89508	339815523
scaff_group009	NW_020129913.1	82373	339897896
scaff_group009	NW_020129914.1	70743	339968639
scaff_group009	NW_020129915.1	70724	340039363
scaff_group009	NW_020129916.1	70708	340110071
scaff_group009	NW_020129917.1	130912	340240983
scaff_group009	NW_020129918.1	70621	340311604
scaff_group009	NW_020129919.1	70564	340382168
scaff_group009	NW_020129920.1	202144	340584312
scaff_group009	NW_020129921.1	192724	340777036
scaff_group009	NW_020129922.1	100334	340877370
scaff_group009	NW_020129923.1	121248	340998618
scaff_group009	NW_020129924.1	70192	341068810
scaff_group009	NW_020129925.1	147315	341216125
scaff_group009	NW_020129926.1	138850	341354975
scaff_group009	NW_020129927.1	69963	341424938
scaff_group009	NW_020129928.1	90642	341515580
scaff_group009	NW_020129929.1	82847	341598427
scaff_group009	NW_020129930.1	69719	341668146
scaff_group009	NW_020129931.1	69634	341737780
scaff_group009	NW_020129932.1	90479	341828259
scaff_group009	NW_020129933.1	69493	341897752
scaff_group009	NW_020129934.1	73013	341970765
scaff_group009	NW_020129935.1	226855	342197620
scaff_group009	NW_020129936.1	127090	342324710
scaff_group009	NW_020129937.1	107162	342431872
scaff_group009	NW_020129938.1	69202	342501074
scaff_group009	NW_020129939.1	69110	342570184
scaff_group009	NW_020129940.1	109446	342679630
scaff_group009	NW_020129941.1	79757	342759387
scaff_group009	NW_020129942.1	69043	342828430
scaff_group009	NW_020129943.1	69012	342897442
scaff_group009	NW_020129944.1	68935	342966377
scaff_group009	NW_020129945.1	75570	343041947
scaff_group009	NW_020129946.1	87548	343129495
scaff_group009	NW_020129947.1	68880	343198375
scaff_group009	NW_020129948.1	82323	343280698
scaff_group009	NW_020129949.1	102647	343383345
scaff_group009	NW_020129950.1	78448	343461793
scaff_group009	NW_020129951.1	68694	343530487
scaff_group009	NW_020129952.1	68547	343599034
scaff_group009	NW_020129953.1	108623	343707657
scaff_group009	NW_020129954.1	91479	343799136
scaff_group009	NW_020129955.1	68494	343867630
scaff_group009	NW_020129956.1	68492	343936122
scaff_group009	NW_020129957.1	68444	344004566
scaff_group009	NW_020129958.1	79585	344084151
scaff_group009	NW_020129959.1	98746	344182897
scaff_group009	NW_020129960.1	68329	344251226
scaff_group009	NW_020129961.1	87375	344338601
scaff_group009	NW_020129962.1	67948	344406549
scaff_group009	NW_020129963.1	69090	344475639
scaff_group009	NW_020129964.1	67881	344543520
scaff_group009	NW_020129965.1	90351	344633871
scaff_group009	NW_020129966.1	124776	344758647
scaff_group009	NW_020129967.1	67700	344826347
scaff_group009	NW_020129968.1	67613	344893960
scaff_group009	NW_020129969.1	67541	344961501
scaff_group009	NW_020129970.1	67511	345029012
scaff_group009	NW_020129971.1	67409	345096421
scaff_group009	NW_020129972.1	138337	345234758
scaff_group009	NW_020129973.1	135581	345370339
scaff_group009	NW_020129974.1	67286	345437625
scaff_group009	NW_020129975.1	67266	345504891
scaff_group009	NW_020129976.1	100560	345605451
scaff_group009	NW_020129977.1	88609	345694060
scaff_group009	NW_020129978.1	82964	345777024
scaff_group009	NW_020129979.1	103898	345880922
scaff_group009	NW_020129980.1	66988	345947910
scaff_group009	NW_020129981.1	98362	346046272
scaff_group009	NW_020129982.1	66833	346113105
scaff_group009	NW_020129983.1	66819	346179924
scaff_group009	NW_020129984.1	71624	346251548
scaff_group009	NW_020129985.1	99465	346351013
scaff_group009	NW_020129986.1	68970	346419983
scaff_group009	NW_020129987.1	66711	346486694
scaff_group009	NW_020129988.1	66662	346553356
scaff_group009	NW_020129989.1	76849	346630205
scaff_group009	NW_020129990.1	66599	346696804
scaff_group009	NW_020129991.1	111223	346808027
scaff_group009	NW_020129992.1	191126	346999153
scaff_group009	NW_020129993.1	66440	347065593
scaff_group009	NW_020129994.1	109112	347174705
scaff_group009	NW_020129995.1	122270	347296975
scaff_group009	NW_020129996.1	66233	347363208
scaff_group009	NW_020129997.1	66222	347429430
scaff_group009	NW_020129998.1	66188	347495618
scaff_group009	NW_020129999.1	66125	347561743
scaff_group009	NW_020130000.1	66074	347627817
scaff_group009	NW_020130001.1	66054	347693871
scaff_group009	NW_020130002.1	114371	347808242
scaff_group009	NW_020130003.1	144255	347952497
scaff_group009	NW_020130004.1	66955	348019452
scaff_group009	NW_020130005.1	133295	348152747
scaff_group009	NW_020130006.1	65748	348218495
scaff_group009	NW_020130007.1	65679	348284174
scaff_group009	NW_020130008.1	65644	348349818
scaff_group009	NW_020130009.1	65592	348415410
scaff_group009	NW_020130010.1	139767	348555177
scaff_group009	NW_020130011.1	65574	348620751
scaff_group009	NW_020130012.1	65547	348686298
scaff_group009	NW_020130013.1	65530	348751828
scaff_group009	NW_020130014.1	100755	348852583
scaff_group009	NW_020130015.1	65329	348917912
scaff_group009	NW_020130016.1	86214	349004126
scaff_group009	NW_020130017.1	115475	349119601
scaff_group009	NW_020130018.1	65180	349184781
scaff_group009	NW_020130019.1	67189	349251970
scaff_group009	NW_020130020.1	65014	349316984
scaff_group009	NW_020130021.1	84650	349401634
scaff_group009	NW_020130022.1	67677	349469311
scaff_group009	NW_020130023.1	64899	349534210
scaff_group009	NW_020130024.1	74093	349608303
scaff_group009	NW_020130025.1	64881	349673184
scaff_group009	NW_020130026.1	86395	349759579
scaff_group009	NW_020130027.1	64822	349824401
scaff_group009	NW_020130028.1	64779	349889180
scaff_group009	NW_020130029.1	139324	350028504
scaff_group009	NW_020130030.1	199963	350228467
scaff_group009	NW_020130031.1	120402	350348869
scaff_group009	NW_020130032.1	72869	350421738
scaff_group009	NW_020130033.1	108190	350529928
scaff_group009	NW_020130034.1	64330	350594258
scaff_group009	NW_020130035.1	64275	350658533
scaff_group009	NW_020130036.1	113413	350771946
scaff_group009	NW_020130037.1	64265	350836211
scaff_group009	NW_020130038.1	83868	350920079
scaff_group009	NW_020130039.1	64226	350984305
scaff_group009	NW_020130040.1	64215	351048520
scaff_group009	NW_020130041.1	120126	351168646
scaff_group009	NW_020130042.1	64088	351232734
scaff_group009	NW_020130043.1	140007	351372741
scaff_group009	NW_020130044.1	63962	351436703
scaff_group009	NW_020130045.1	97799	351534502
scaff_group009	NW_020130046.1	99418	351633920
scaff_group009	NW_020130047.1	63924	351697844
scaff_group009	NW_020130048.1	120323	351818167
scaff_group009	NW_020130049.1	77915	351896082
scaff_group009	NW_020130050.1	63707	351959789
scaff_group009	NW_020130051.1	63704	352023493
scaff_group009	NW_020130052.1	113553	352137046
scaff_group009	NW_020130053.1	91205	352228251
scaff_group009	NW_020130054.1	76926	352305177
scaff_group009	NW_020130055.1	63486	352368663
scaff_group009	NW_020130056.1	63463	352432126
scaff_group009	NW_020130057.1	163810	352595936
scaff_group009	NW_020130058.1	63380	352659316
scaff_group009	NW_020130059.1	63377	352722693
scaff_group009	NW_020130060.1	63263	352785956
scaff_group009	NW_020130061.1	70501	352856457
scaff_group009	NW_020130062.1	124239	352980696
scaff_group009	NW_020130063.1	120073	353100769
scaff_group009	NW_020130064.1	202780	353303549
scaff_group009	NW_020130065.1	119063	353422612
scaff_group009	NW_020130066.1	107748	353530360
scaff_group009	NW_020130067.1	97296	353627656
scaff_group009	NW_020130068.1	118254	353745910
scaff_group009	NW_020130069.1	214910	353960820
scaff_group009	NW_020130070.1	69483	354030303
scaff_group009	NW_020130071.1	175971	354206274
scaff_group009	NW_020130072.1	144759	354351033
scaff_group009	NW_020130073.1	62504	354413537
scaff_group009	NW_020130074.1	92195	354505732
scaff_group009	NW_020130075.1	109276	354615008
scaff_group009	NW_020130076.1	62318	354677326
scaff_group009	NW_020130077.1	62279	354739605
scaff_group009	NW_020130078.1	219110	354958715
scaff_group009	NW_020130079.1	62194	355020909
scaff_group009	NW_020130080.1	70679	355091588
scaff_group009	NW_020130081.1	62090	355153678
scaff_group009	NW_020130082.1	62031	355215709
scaff_group009	NW_020130083.1	65661	355281370
scaff_group009	NW_020130084.1	152567	355433937
scaff_group009	NW_020130085.1	204748	355638685
scaff_group009	NW_020130086.1	73522	355712207
scaff_group009	NW_020130087.1	61799	355774006
scaff_group009	NW_020130088.1	219787	355993793
scaff_group009	NW_020130089.1	93171	356086964
scaff_group009	NW_020130090.1	61510	356148474
scaff_group009	NW_020130091.1	61474	356209948
scaff_group009	NW_020130092.1	61419	356271367
scaff_group009	NW_020130093.1	61417	356332784
scaff_group009	NW_020130094.1	100584	356433368
scaff_group009	NW_020130095.1	61365	356494733
scaff_group009	NW_020130096.1	90833	356585566
scaff_group009	NW_020130097.1	135082	356720648
scaff_group009	NW_020130098.1	61308	356781956
scaff_group009	NW_020130099.1	140571	356922527
scaff_group009	NW_020130100.1	101969	357024496
scaff_group009	NW_020130101.1	61140	357085636
scaff_group009	NW_020130102.1	81577	357167213
scaff_group009	NW_020130103.1	61085	357228298
scaff_group009	NW_020130104.1	61019	357289317
scaff_group009	NW_020130105.1	76014	357365331
scaff_group009	NW_020130106.1	96737	357462068
scaff_group009	NW_020130107.1	60840	357522908
scaff_group009	NW_020130108.1	60830	357583738
scaff_group009	NW_020130109.1	60795	357644533
scaff_group009	NW_020130110.1	60778	357705311
scaff_group009	NW_020130111.1	60755	357766066
scaff_group009	NW_020130112.1	60718	357826784
scaff_group009	NW_020130113.1	150621	357977405
scaff_group009	NW_020130114.1	60710	358038115
scaff_group009	NW_020130115.1	60706	358098821
scaff_group009	NW_020130116.1	134344	358233165
scaff_group009	NW_020130117.1	133315	358366480
scaff_group009	NW_020130118.1	60578	358427058
scaff_group009	NW_020130119.1	100515	358527573
scaff_group009	NW_020130120.1	91144	358618717
scaff_group009	NW_020130121.1	41133	358659850
scaff_group009	NW_020130122.1	60525	358720375
scaff_group009	NW_020130123.1	60462	358780837
scaff_group009	NW_020130124.1	60429	358841266
scaff_group009	NW_020130125.1	60325	358901591
scaff_group009	NW_020130126.1	60282	358961873
scaff_group009	NW_020130127.1	60218	359022091
scaff_group009	NW_020130128.1	192849	359214940
scaff_group009	NW_020130129.1	91024	359305964
scaff_group009	NW_020130130.1	60101	359366065
scaff_group009	NW_020130131.1	64571	359430636
scaff_group009	NW_020130132.1	105664	359536300
scaff_group009	NW_020130133.1	60039	359596339
scaff_group009	NW_020130134.1	60025	359656364
scaff_group009	NW_020130135.1	60023	359716387
scaff_group009	NW_020130136.1	59972	359776359
scaff_group009	NW_020130137.1	59860	359836219
scaff_group009	NW_020130138.1	59855	359896074
scaff_group009	NW_020130139.1	59817	359955891
scaff_group009	NW_020130140.1	88046	360043937
scaff_group009	NW_020130141.1	218915	360262852
scaff_group009	NW_020130142.1	59790	360322642
scaff_group009	NW_020130143.1	83415	360406057
scaff_group009	NW_020130144.1	59757	360465814
scaff_group009	NW_020130145.1	59750	360525564
scaff_group009	NW_020130146.1	59647	360585211
scaff_group009	NW_020130147.1	59610	360644821
scaff_group009	NW_020130148.1	59602	360704423
scaff_group009	NW_020130149.1	146132	360850555
scaff_group009	NW_020130150.1	72096	360922651
scaff_group009	NW_020130151.1	59535	360982186
scaff_group009	NW_020130152.1	59421	361041607
scaff_group009	NW_020130153.1	112724	361154331
scaff_group009	NW_020130154.1	59399	361213730
scaff_group009	NW_020130155.1	98340	361312070
scaff_group009	NW_020130156.1	59342	361371412
scaff_group009	NW_020130157.1	59337	361430749
scaff_group009	NW_020130158.1	59227	361489976
scaff_group009	NW_020130159.1	59217	361549193
scaff_group009	NW_020130160.1	59214	361608407
scaff_group009	NW_020130161.1	172140	361780547
scaff_group009	NW_020130162.1	59191	361839738
scaff_group009	NW_020130163.1	59141	361898879
scaff_group009	NW_020130164.1	59137	361958016
scaff_group009	NW_020130165.1	111992	362070008
scaff_group009	NW_020130166.1	173215	362243223
scaff_group009	NW_020130167.1	74054	362317277
scaff_group009	NW_020130168.1	93407	362410684
scaff_group009	NW_020130169.1	88023	362498707
scaff_group009	NW_020130170.1	58971	362557678
scaff_group009	NW_020130171.1	58936	362616614
scaff_group009	NW_020130172.1	168992	362785606
scaff_group009	NW_020130173.1	167205	362952811
scaff_group009	NW_020130174.1	58824	363011635
scaff_group009	NW_020130175.1	58769	363070404
scaff_group009	NW_020130176.1	58759	363129163
scaff_group009	NW_020130177.1	141176	363270339
scaff_group009	NW_020130178.1	58745	363329084
scaff_group009	NW_020130179.1	58708	363387792
scaff_group009	NW_020130180.1	58681	363446473
scaff_group009	NW_020130181.1	58653	363505126
scaff_group009	NW_020130182.1	75293	363580419
scaff_group009	NW_020130183.1	88666	363669085
scaff_group009	NW_020130184.1	58540	363727625
scaff_group009	NW_020130185.1	67081	363794706
scaff_group009	NW_020130186.1	58432	363853138
scaff_group009	NW_020130187.1	58404	363911542
scaff_group009	NW_020130188.1	58322	363969864
scaff_group009	NW_020130189.1	58297	364028161
scaff_group009	NW_020130190.1	114692	364142853
scaff_group009	NW_020130191.1	59935	364202788
scaff_group009	NW_020130192.1	69169	364271957
scaff_group009	NW_020130193.1	58113	364330070
scaff_group009	NW_020130194.1	58109	364388179
scaff_group009	NW_020130195.1	121375	364509554
scaff_group009	NW_020130196.1	58023	364567577
scaff_group009	NW_020130197.1	57987	364625564
scaff_group009	NW_020130198.1	218114	364843678
scaff_group009	NW_020130199.1	57881	364901559
scaff_group009	NW_020130200.1	83767	364985326
scaff_group009	NW_020130201.1	93967	365079293
scaff_group009	NW_020130202.1	112144	365191437
scaff_group009	NW_020130203.1	57663	365249100
scaff_group009	NW_020130204.1	57627	365306727
scaff_group009	NW_020130205.1	57584	365364311
scaff_group009	NW_020130206.1	57577	365421888
scaff_group009	NW_020130207.1	128186	365550074
scaff_group009	NW_020130208.1	82581	365632655
scaff_group009	NW_020130209.1	57468	365690123
scaff_group009	NW_020130210.1	92565	365782688
scaff_group009	NW_020130211.1	72586	365855274
scaff_group009	NW_020130212.1	218836	366074110
scaff_group009	NW_020130213.1	119283	366193393
scaff_group009	NW_020130214.1	101557	366294950
scaff_group009	NW_020130215.1	112561	366407511
scaff_group009	NW_020130216.1	181116	366588627
scaff_group009	NW_020130217.1	170680	366759307
scaff_group009	NW_020130218.1	57031	366816338
scaff_group009	NW_020130219.1	57026	366873364
scaff_group009	NW_020130220.1	928982	367802346
scaff_group009	NW_020130221.1	57011	367859357
scaff_group009	NW_020130222.1	56944	367916301
scaff_group009	NW_020130223.1	56938	367973239
scaff_group009	NW_020130224.1	91395	368064634
scaff_group009	NW_020130225.1	82592	368147226
scaff_group009	NW_020130226.1	102410	368249636
scaff_group009	NW_020130227.1	56847	368306483
scaff_group009	NW_020130228.1	56754	368363237
scaff_group009	NW_020130229.1	56711	368419948
scaff_group009	NW_020130230.1	56624	368476572
scaff_group009	NW_020130231.1	56590	368533162
scaff_group009	NW_020130232.1	64855	368598017
scaff_group009	NW_020130233.1	75009	368673026
scaff_group009	NW_020130234.1	107626	368780652
scaff_group009	NW_020130235.1	56513	368837165
scaff_group009	NW_020130236.1	56494	368893659
scaff_group009	NW_020130237.1	60110	368953769
scaff_group009	NW_020130238.1	91847	369045616
scaff_group009	NW_020130239.1	56439	369102055
scaff_group009	NW_020130240.1	110349	369212404
scaff_group009	NW_020130241.1	56392	369268796
scaff_group009	NW_020130242.1	106150	369374946
scaff_group009	NW_020130243.1	77411	369452357
scaff_group009	NW_020130244.1	117109	369569466
scaff_group009	NW_020130245.1	56216	369625682
scaff_group009	NW_020130246.1	56146	369681828
scaff_group009	NW_020130247.1	56137	369737965
scaff_group009	NW_020130248.1	56078	369794043
scaff_group009	NW_020130249.1	93060	369887103
scaff_group009	NW_020130250.1	56054	369943157
scaff_group009	NW_020130251.1	144926	370088083
scaff_group009	NW_020130252.1	132951	370221034
scaff_group009	NW_020130253.1	55915	370276949
scaff_group009	NW_020130254.1	65438	370342387
scaff_group009	NW_020130255.1	64310	370406697
scaff_group009	NW_020130256.1	67329	370474026
scaff_group009	NW_020130257.1	55661	370529687
scaff_group009	NW_020130258.1	116772	370646459
scaff_group009	NW_020130259.1	55622	370702081
scaff_group009	NW_020130260.1	55621	370757702
scaff_group009	NW_020130261.1	250190	371007892
scaff_group009	NW_020130262.1	64230	371072122
scaff_group009	NW_020130263.1	55521	371127643
scaff_group009	NW_020130264.1	113151	371240794
scaff_group009	NW_020130265.1	55495	371296289
scaff_group009	NW_020130266.1	55489	371351778
scaff_group009	NW_020130267.1	88427	371440205
scaff_group009	NW_020130268.1	55477	371495682
scaff_group009	NW_020130269.1	82626	371578308
scaff_group009	NW_020130270.1	55442	371633750
scaff_group009	NW_020130271.1	259697	371893447
scaff_group009	NW_020130272.1	55322	371948769
scaff_group009	NW_020130273.1	55321	372004090
scaff_group009	NW_020130274.1	55181	372059271
scaff_group009	NW_020130275.1	55175	372114446
scaff_group009	NW_020130276.1	105802	372220248
scaff_group009	NW_020130277.1	61680	372281928
scaff_group009	NW_020130278.1	98419	372380347
scaff_group009	NW_020130279.1	55066	372435413
scaff_group009	NW_020130280.1	55040	372490453
scaff_group009	NW_020130281.1	88471	372578924
scaff_group009	NW_020130282.1	54957	372633881
scaff_group009	NW_020130283.1	145545	372779426
scaff_group009	NW_020130284.1	942102	373721528
scaff_group009	NW_020130285.1	54908	373776436
scaff_group009	NW_020130286.1	54850	373831286
scaff_group009	NW_020130287.1	54830	373886116
scaff_group009	NW_020130288.1	118805	374004921
scaff_group009	NW_020130289.1	54730	374059651
scaff_group009	NW_020130290.1	54651	374114302
scaff_group009	NW_020130291.1	92330	374206632
scaff_group009	NW_020130292.1	54528	374261160
scaff_group009	NW_020130293.1	141871	374403031
scaff_group009	NW_020130294.1	54481	374457512
scaff_group009	NW_020130295.1	75444	374532956
scaff_group009	NW_020130296.1	73656	374606612
scaff_group009	NW_020130297.1	75487	374682099
scaff_group009	NW_020130298.1	54339	374736438
scaff_group009	NW_020130299.1	54329	374790767
scaff_group009	NW_020130300.1	55626	374846393
scaff_group009	NW_020130301.1	54308	374900701
scaff_group009	NW_020130302.1	80915	374981616
scaff_group009	NW_020130303.1	88541	375070157
scaff_group009	NW_020130304.1	54115	375124272
scaff_group009	NW_020130305.1	217867	375342139
scaff_group009	NW_020130306.1	54032	375396171
scaff_group009	NW_020130307.1	53974	375450145
scaff_group009	NW_020130308.1	106765	375556910
scaff_group009	NW_020130309.1	53901	375610811
scaff_group009	NW_020130310.1	53886	375664697
scaff_group009	NW_020130311.1	88959	375753656
scaff_group009	NW_020130312.1	177667	375931323
scaff_group009	NW_020130313.1	53817	375985140
scaff_group009	NW_020130314.1	61632	376046772
scaff_group009	NW_020130315.1	53733	376100505
scaff_group009	NW_020130316.1	53724	376154229
scaff_group009	NW_020130317.1	53718	376207947
scaff_group009	NW_020130318.1	83312	376291259
scaff_group010	NW_020130319.1	53684	376344943
scaff_group010	NW_020130320.1	53665	376398608
scaff_group010	NW_020130321.1	68684	376467292
scaff_group010	NW_020130322.1	53570	376520862
scaff_group010	NW_020130323.1	53561	376574423
scaff_group010	NW_020130324.1	61954	376636377
scaff_group010	NW_020130325.1	53545	376689922
scaff_group010	NW_020130326.1	53545	376743467
scaff_group010	NW_020130327.1	84505	376827972
scaff_group010	NW_020130328.1	53528	376881500
scaff_group010	NW_020130329.1	55881	376937381
scaff_group010	NW_020130330.1	104179	377041560
scaff_group010	NW_020130331.1	53473	377095033
scaff_group010	NW_020130332.1	53415	377148448
scaff_group010	NW_020130333.1	53414	377201862
scaff_group010	NW_020130334.1	60536	377262398
scaff_group010	NW_020130335.1	53380	377315778
scaff_group010	NW_020130336.1	65760	377381538
scaff_group010	NW_020130337.1	53347	377434885
scaff_group010	NW_020130338.1	189257	377624142
scaff_group010	NW_020130339.1	53292	377677434
scaff_group010	NW_020130340.1	147470	377824904
scaff_group010	NW_020130341.1	53228	377878132
scaff_group010	NW_020130342.1	63230	377941362
scaff_group010	NW_020130343.1	53200	377994562
scaff_group010	NW_020130344.1	193631	378188193
scaff_group010	NW_020130345.1	53177	378241370
scaff_group010	NW_020130346.1	53131	378294501
scaff_group010	NW_020130347.1	53124	378347625
scaff_group010	NW_020130348.1	53110	378400735
scaff_group010	NW_020130349.1	88956	378489691
scaff_group010	NW_020130350.1	91914	378581605
scaff_group010	NW_020130351.1	52950	378634555
scaff_group010	NW_020130352.1	52937	378687492
scaff_group010	NW_020130353.1	152894	378840386
scaff_group010	NW_020130354.1	256763	379097149
scaff_group010	NW_020130355.1	52858	379150007
scaff_group010	NW_020130356.1	122495	379272502
scaff_group010	NW_020130357.1	52825	379325327
scaff_group010	NW_020130358.1	52798	379378125
scaff_group010	NW_020130359.1	81580	379459705
scaff_group010	NW_020130360.1	52777	379512482
scaff_group010	NW_020130361.1	52771	379565253
scaff_group010	NW_020130362.1	52727	379617980
scaff_group010	NW_020130363.1	90229	379708209
scaff_group010	NW_020130364.1	52632	379760841
scaff_group010	NW_020130365.1	151302	379912143
scaff_group010	NW_020130366.1	52602	379964745
scaff_group010	NW_020130367.1	89927	380054672
scaff_group010	NW_020130368.1	52595	380107267
scaff_group010	NW_020130369.1	67640	380174907
scaff_group010	NW_020130370.1	59583	380234490
scaff_group010	NW_020130371.1	114042	380348532
scaff_group010	NW_020130372.1	55816	380404348
scaff_group010	NW_020130373.1	52400	380456748
scaff_group010	NW_020130374.1	52304	380509052
scaff_group010	NW_020130375.1	52283	380561335
scaff_group010	NW_020130376.1	52239	380613574
scaff_group010	NW_020130377.1	52208	380665782
scaff_group010	NW_020130378.1	71532	380737314
scaff_group010	NW_020130379.1	55136	380792450
scaff_group010	NW_020130380.1	172133	380964583
scaff_group010	NW_020130381.1	52064	381016647
scaff_group010	NW_020130382.1	75400	381092047
scaff_group010	NW_020130383.1	51991	381144038
scaff_group010	NW_020130384.1	51956	381195994
scaff_group010	NW_020130385.1	51907	381247901
scaff_group010	NW_020130386.1	51894	381299795
scaff_group010	NW_020130387.1	51783	381351578
scaff_group010	NW_020130388.1	107044	381458622
scaff_group010	NW_020130389.1	56904	381515526
scaff_group010	NW_020130390.1	51738	381567264
scaff_group010	NW_020130391.1	51737	381619001
scaff_group010	NW_020130392.1	84945	381703946
scaff_group010	NW_020130393.1	51545	381755491
scaff_group010	NW_020130394.1	78560	381834051
scaff_group010	NW_020130395.1	51517	381885568
scaff_group010	NW_020130396.1	130267	382015835
scaff_group010	NW_020130397.1	129788	382145623
scaff_group010	NW_020130398.1	51425	382197048
scaff_group010	NW_020130399.1	51404	382248452
scaff_group010	NW_020130400.1	51396	382299848
scaff_group010	NW_020130401.1	51392	382351240
scaff_group010	NW_020130402.1	51324	382402564
scaff_group010	NW_020130403.1	94204	382496768
scaff_group010	NW_020130404.1	51188	382547956
scaff_group010	NW_020130405.1	51166	382599122
scaff_group010	NW_020130406.1	51131	382650253
scaff_group010	NW_020130407.1	51058	382701311
scaff_group010	NW_020130408.1	120925	382822236
scaff_group010	NW_020130409.1	50954	382873190
scaff_group010	NW_020130410.1	50916	382924106
scaff_group010	NW_020130411.1	50913	382975019
scaff_group010	NW_020130412.1	103300	383078319
scaff_group010	NW_020130413.1	50808	383129127
scaff_group010	NW_020130414.1	80114	383209241
scaff_group010	NW_020130415.1	134008	383343249
scaff_group010	NW_020130416.1	97381	383440630
scaff_group010	NW_020130417.1	67079	383507709
scaff_group010	NW_020130418.1	65362	383573071
scaff_group010	NW_020130419.1	66905	383639976
scaff_group010	NW_020130420.1	50640	383690616
scaff_group010	NW_020130421.1	50607	383741223
scaff_group010	NW_020130422.1	79147	383820370
scaff_group010	NW_020130423.1	108115	383928485
scaff_group010	NW_020130424.1	62682	383991167
scaff_group010	NW_020130425.1	64835	384056002
scaff_group010	NW_020130426.1	100902	384156904
scaff_group010	NW_020130427.1	50470	384207374
scaff_group010	NW_020130428.1	69050	384276424
scaff_group010	NW_020130429.1	82724	384359148
scaff_group010	NW_020130430.1	50316	384409464
scaff_group010	NW_020130431.1	50311	384459775
scaff_group010	NW_020130432.1	50305	384510080
scaff_group010	NW_020130433.1	50302	384560382
scaff_group010	NW_020130434.1	50286	384610668
scaff_group010	NW_020130435.1	50270	384660938
scaff_group010	NW_020130436.1	65019	384725957
scaff_group010	NW_020130437.1	50181	384776138
scaff_group010	NW_020130438.1	50136	384826274
scaff_group010	NW_020130439.1	50123	384876397
scaff_group010	NW_020130440.1	74356	384950753
scaff_group010	NW_020130441.1	139522	385090275
scaff_group010	NW_020130442.1	50039	385140314
scaff_group010	NW_020130443.1	49985	385190299
scaff_group010	NW_020130444.1	49984	385240283
scaff_group010	NW_020130445.1	49982	385290265
scaff_group010	NW_020130446.1	49936	385340201
scaff_group010	NW_020130447.1	110032	385450233
scaff_group010	NW_020130448.1	49851	385500084
scaff_group010	NW_020130449.1	65269	385565353
scaff_group010	NW_020130450.1	49798	385615151
scaff_group010	NW_020130451.1	172177	385787328
scaff_group010	NW_020130452.1	98325	385885653
scaff_group010	NW_020130453.1	66550	385952203
scaff_group010	NW_020130454.1	49652	386001855
scaff_group010	NW_020130455.1	49642	386051497
scaff_group010	NW_020130456.1	49632	386101129
scaff_group010	NW_020130457.1	49558	386150687
scaff_group010	NW_020130458.1	49542	386200229
scaff_group010	NW_020130459.1	49464	386249693
scaff_group010	NW_020130460.1	118338	386368031
scaff_group010	NW_020130461.1	81907	386449938
scaff_group010	NW_020130462.1	77182	386527120
scaff_group010	NW_020130463.1	52240	386579360
scaff_group010	NW_020130464.1	49302	386628662
scaff_group010	NW_020130465.1	61317	386689979
scaff_group010	NW_020130466.1	49249	386739228
scaff_group010	NW_020130467.1	49249	386788477
scaff_group010	NW_020130468.1	86504	386874981
scaff_group010	NW_020130469.1	49211	386924192
scaff_group010	NW_020130470.1	49093	386973285
scaff_group010	NW_020130471.1	49066	387022351
scaff_group010	NW_020130472.1	49058	387071409
scaff_group010	NW_020130473.1	48976	387120385
scaff_group010	NW_020130474.1	48891	387169276
scaff_group010	NW_020130475.1	48877	387218153
scaff_group010	NW_020130476.1	48859	387267012
scaff_group010	NW_020130477.1	247903	387514915
scaff_group010	NW_020130478.1	61794	387576709
scaff_group010	NW_020130479.1	48819	387625528
scaff_group010	NW_020130480.1	48744	387674272
scaff_group010	NW_020130481.1	48701	387722973
scaff_group010	NW_020130482.1	48699	387771672
scaff_group010	NW_020130483.1	78273	387849945
scaff_group010	NW_020130484.1	48622	387898567
scaff_group010	NW_020130485.1	48604	387947171
scaff_group010	NW_020130486.1	48570	387995741
scaff_group010	NW_020130487.1	48524	388044265
scaff_group010	NW_020130488.1	51762	388096027
scaff_group010	NW_020130489.1	72242	388168269
scaff_group010	NW_020130490.1	48450	388216719
scaff_group010	NW_020130491.1	48440	388265159
scaff_group010	NW_020130492.1	66019	388331178
scaff_group010	NW_020130493.1	48407	388379585
scaff_group010	NW_020130494.1	48370	388427955
scaff_group010	NW_020130495.1	125816	388553771
scaff_group010	NW_020130496.1	48268	388602039
scaff_group010	NW_020130497.1	59669	388661708
scaff_group010	NW_020130498.1	48233	388709941
scaff_group010	NW_020130499.1	102117	388812058
scaff_group010	NW_020130500.1	89001	388901059
scaff_group010	NW_020130501.1	58590	388959649
scaff_group010	NW_020130502.1	55058	389014707
scaff_group010	NW_020130503.1	48169	389062876
scaff_group010	NW_020130504.1	48167	389111043
scaff_group010	NW_020130505.1	88840	389199883
scaff_group010	NW_020130506.1	48143	389248026
scaff_group010	NW_020130507.1	83250	389331276
scaff_group010	NW_020130508.1	56599	389387875
scaff_group010	NW_020130509.1	111277	389499152
scaff_group010	NW_020130510.1	110608	389609760
scaff_group010	NW_020130511.1	57271	389667031
scaff_group010	NW_020130512.1	99707	389766738
scaff_group010	NW_020130513.1	47978	389814716
scaff_group010	NW_020130514.1	51060	389865776
scaff_group010	NW_020130515.1	47954	389913730
scaff_group010	NW_020130516.1	47937	389961667
scaff_group010	NW_020130517.1	47900	390009567
scaff_group010	NW_020130518.1	54201	390063768
scaff_group010	NW_020130519.1	51865	390115633
scaff_group010	NW_020130520.1	47877	390163510
scaff_group010	NW_020130521.1	112469	390275979
scaff_group010	NW_020130522.1	77609	390353588
scaff_group010	NW_020130523.1	47687	390401275
scaff_group010	NW_020130524.1	47676	390448951
scaff_group010	NW_020130525.1	150221	390599172
scaff_group010	NW_020130526.1	77316	390676488
scaff_group010	NW_020130527.1	79979	390756467
scaff_group010	NW_020130528.1	47494	390803961
scaff_group010	NW_020130529.1	130861	390934822
scaff_group010	NW_020130530.1	68523	391003345
scaff_group010	NW_020130531.1	47398	391050743
scaff_group010	NW_020130532.1	47381	391098124
scaff_group010	NW_020130533.1	108782	391206906
scaff_group010	NW_020130534.1	47318	391254224
scaff_group010	NW_020130535.1	63085	391317309
scaff_group010	NW_020130536.1	51532	391368841
scaff_group010	NW_020130537.1	47270	391416111
scaff_group010	NW_020130538.1	112955	391529066
scaff_group010	NW_020130539.1	64991	391594057
scaff_group010	NW_020130540.1	49745	391643802
scaff_group010	NW_020130541.1	52751	391696553
scaff_group010	NW_020130542.1	47156	391743709
scaff_group010	NW_020130543.1	51379	391795088
scaff_group010	NW_020130544.1	136194	391931282
scaff_group010	NW_020130545.1	47054	391978336
scaff_group010	NW_020130546.1	46975	392025311
scaff_group010	NW_020130547.1	62784	392088095
scaff_group010	NW_020130548.1	46935	392135030
scaff_group010	NW_020130549.1	46909	392181939
scaff_group010	NW_020130550.1	46905	392228844
scaff_group010	NW_020130551.1	85514	392314358
scaff_group010	NW_020130552.1	46853	392361211
scaff_group010	NW_020130553.1	90593	392451804
scaff_group010	NW_020130554.1	72675	392524479
scaff_group010	NW_020130555.1	46749	392571228
scaff_group010	NW_020130556.1	69860	392641088
scaff_group010	NW_020130557.1	110700	392751788
scaff_group010	NW_020130558.1	61751	392813539
scaff_group010	NW_020130559.1	67996	392881535
scaff_group010	NW_020130560.1	51697	392933232
scaff_group010	NW_020130561.1	87033	393020265
scaff_group010	NW_020130562.1	46596	393066861
scaff_group010	NW_020130563.1	46552	393113413
scaff_group010	NW_020130564.1	46536	393159949
scaff_group010	NW_020130565.1	73586	393233535
scaff_group010	NW_020130566.1	111347	393344882
scaff_group010	NW_020130567.1	46446	393391328
scaff_group010	NW_020130568.1	62850	393454178
scaff_group010	NW_020130569.1	46405	393500583
scaff_group010	NW_020130570.1	48750	393549333
scaff_group010	NW_020130571.1	92321	393641654
scaff_group010	NW_020130572.1	71890	393713544
scaff_group010	NW_020130573.1	46349	393759893
scaff_group010	NW_020130574.1	49740	393809633
scaff_group010	NW_020130575.1	49735	393859368
scaff_group010	NW_020130576.1	46204	393905572
scaff_group010	NW_020130577.1	46193	393951765
scaff_group010	NW_020130578.1	67451	394019216
scaff_group010	NW_020130579.1	107387	394126603
scaff_group010	NW_020130580.1	64307	394190910
scaff_group010	NW_020130581.1	45982	394236892
scaff_group010	NW_020130582.1	64123	394301015
scaff_group010	NW_020130583.1	87503	394388518
scaff_group010	NW_020130584.1	45959	394434477
scaff_group010	NW_020130585.1	45954	394480431
scaff_group010	NW_020130586.1	318783	394799214
scaff_group010	NW_020130587.1	45911	394845125
scaff_group010	NW_020130588.1	45865	394890990
scaff_group010	NW_020130589.1	45795	394936785
scaff_group010	NW_020130590.1	45770	394982555
scaff_group010	NW_020130591.1	57155	395039710
scaff_group010	NW_020130592.1	45667	395085377
scaff_group010	NW_020130593.1	124262	395209639
scaff_group010	NW_020130594.1	45599	395255238
scaff_group010	NW_020130595.1	131621	395386859
scaff_group010	NW_020130596.1	45557	395432416
scaff_group010	NW_020130597.1	148346	395580762
scaff_group010	NW_020130598.1	45521	395626283
scaff_group010	NW_020130599.1	45485	395671768
scaff_group010	NW_020130600.1	45464	395717232
scaff_group010	NW_020130601.1	45411	395762643
scaff_group010	NW_020130602.1	112667	395875310
scaff_group010	NW_020130603.1	45241	395920551
scaff_group010	NW_020130604.1	45221	395965772
scaff_group010	NW_020130605.1	45187	396010959
scaff_group010	NW_020130606.1	117640	396128599
scaff_group010	NW_020130607.1	61896	396190495
scaff_group010	NW_020130608.1	45164	396235659
scaff_group010	NW_020130609.1	45151	396280810
scaff_group010	NW_020130610.1	58869	396339679
scaff_group010	NW_020130611.1	45027	396384706
scaff_group010	NW_020130612.1	141718	396526424
scaff_group010	NW_020130613.1	123693	396650117
scaff_group010	NW_020130614.1	108106	396758223
scaff_group010	NW_020130615.1	44909	396803132
scaff_group010	NW_020130616.1	62934	396866066
scaff_group010	NW_020130617.1	53961	396920027
scaff_group010	NW_020130618.1	44836	396964863
scaff_group010	NW_020130619.1	68434	397033297
scaff_group010	NW_020130620.1	50964	397084261
scaff_group010	NW_020130621.1	44796	397129057
scaff_group010	NW_020130622.1	66320	397195377
scaff_group010	NW_020130623.1	44745	397240122
scaff_group010	NW_020130624.1	97111	397337233
scaff_group010	NW_020130625.1	55881	397393114
scaff_group010	NW_020130626.1	44607	397437721
scaff_group010	NW_020130627.1	44572	397482293
scaff_group010	NW_020130628.1	135123	397617416
scaff_group010	NW_020130629.1	44538	397661954
scaff_group010	NW_020130630.1	44511	397706465
scaff_group010	NW_020130631.1	62136	397768601
scaff_group010	NW_020130632.1	44434	397813035
scaff_group010	NW_020130633.1	44408	397857443
scaff_group010	NW_020130634.1	44377	397901820
scaff_group010	NW_020130635.1	44360	397946180
scaff_group010	NW_020130636.1	44216	397990396
scaff_group010	NW_020130637.1	63973	398054369
scaff_group010	NW_020130638.1	44120	398098489
scaff_group010	NW_020130639.1	80954	398179443
scaff_group010	NW_020130640.1	55586	398235029
scaff_group010	NW_020130641.1	58833	398293862
scaff_group010	NW_020130642.1	44075	398337937
scaff_group010	NW_020130643.1	52194	398390131
scaff_group010	NW_020130644.1	71937	398462068
scaff_group010	NW_020130645.1	81448	398543516
scaff_group010	NW_020130646.1	43981	398587497
scaff_group010	NW_020130647.1	43943	398631440
scaff_group010	NW_020130648.1	61247	398692687
scaff_group010	NW_020130649.1	43905	398736592
scaff_group010	NW_020130650.1	58253	398794845
scaff_group010	NW_020130651.1	64817	398859662
scaff_group010	NW_020130652.1	67221	398926883
scaff_group010	NW_020130653.1	70934	398997817
scaff_group010	NW_020130654.1	81381	399079198
scaff_group010	NW_020130655.1	43792	399122990
scaff_group010	NW_020130656.1	84943	399207933
scaff_group010	NW_020130657.1	43702	399251635
scaff_group010	NW_020130658.1	43697	399295332
scaff_group010	NW_020130659.1	43694	399339026
scaff_group010	NW_020130660.1	43692	399382718
scaff_group010	NW_020130661.1	153993	399536711
scaff_group010	NW_020130662.1	43688	399580399
scaff_group010	NW_020130663.1	106137	399686536
scaff_group010	NW_020130664.1	56758	399743294
scaff_group010	NW_020130665.1	43659	399786953
scaff_group010	NW_020130666.1	43653	399830606
scaff_group010	NW_020130667.1	75554	399906160
scaff_group010	NW_020130668.1	79407	399985567
scaff_group010	NW_020130669.1	43508	400029075
scaff_group010	NW_020130670.1	60018	400089093
scaff_group010	NW_020130671.1	43486	400132579
scaff_group010	NW_020130672.1	43479	400176058
scaff_group010	NW_020130673.1	43474	400219532
scaff_group010	NW_020130674.1	146362	400365894
scaff_group010	NW_020130675.1	72685	400438579
scaff_group010	NW_020130676.1	43400	400481979
scaff_group010	NW_020130677.1	43385	400525364
scaff_group010	NW_020130678.1	43321	400568685
scaff_group010	NW_020130679.1	48630	400617315
scaff_group010	NW_020130680.1	43270	400660585
scaff_group010	NW_020130681.1	43251	400703836
scaff_group010	NW_020130682.1	44415	400748251
scaff_group010	NW_020130683.1	43228	400791479
scaff_group010	NW_020130684.1	86724	400878203
scaff_group010	NW_020130685.1	43185	400921388
scaff_group010	NW_020130686.1	43168	400964556
scaff_group010	NW_020130687.1	103549	401068105
scaff_group010	NW_020130688.1	67858	401135963
scaff_group010	NW_020130689.1	64058	401200021
scaff_group010	NW_020130690.1	197018	401397039
scaff_group010	NW_020130691.1	43116	401440155
scaff_group010	NW_020130692.1	112634	401552789
scaff_group010	NW_020130693.1	49819	401602608
scaff_group010	NW_020130694.1	80187	401682795
scaff_group010	NW_020130695.1	43074	401725869
scaff_group010	NW_020130696.1	43045	401768914
scaff_group010	NW_020130697.1	49395	401818309
scaff_group010	NW_020130698.1	87531	401905840
scaff_group010	NW_020130699.1	43030	401948870
scaff_group010	NW_020130700.1	42994	401991864
scaff_group010	NW_020130701.1	45380	402037244
scaff_group010	NW_020130702.1	42879	402080123
scaff_group010	NW_020130703.1	51645	402131768
scaff_group010	NW_020130704.1	42864	402174632
scaff_group010	NW_020130705.1	42860	402217492
scaff_group010	NW_020130706.1	86580	402304072
scaff_group010	NW_020130707.1	64427	402368499
scaff_group010	NW_020130708.1	51170	402419669
scaff_group010	NW_020130709.1	42780	402462449
scaff_group010	NW_020130710.1	42777	402505226
scaff_group010	NW_020130711.1	51394	402556620
scaff_group010	NW_020130712.1	42692	402599312
scaff_group010	NW_020130713.1	42647	402641959
scaff_group010	NW_020130714.1	42628	402684587
scaff_group010	NW_020130715.1	251088	402935675
scaff_group010	NW_020130716.1	42615	402978290
scaff_group010	NW_020130717.1	112144	403090434
scaff_group010	NW_020130718.1	54187	403144621
scaff_group010	NW_020130719.1	42569	403187190
scaff_group010	NW_020130720.1	42542	403229732
scaff_group010	NW_020130721.1	42531	403272263
scaff_group010	NW_020130722.1	112836	403385099
scaff_group010	NW_020130723.1	42429	403427528
scaff_group010	NW_020130724.1	42419	403469947
scaff_group010	NW_020130725.1	89020	403558967
scaff_group010	NW_020130726.1	65021	403623988
scaff_group010	NW_020130727.1	42404	403666392
scaff_group010	NW_020130728.1	57288	403723680
scaff_group010	NW_020130729.1	42396	403766076
scaff_group010	NW_020130730.1	42378	403808454
scaff_group010	NW_020130731.1	92092	403900546
scaff_group010	NW_020130732.1	75282	403975828
scaff_group010	NW_020130733.1	78480	404054308
scaff_group010	NW_020130734.1	42243	404096551
scaff_group010	NW_020130735.1	137484	404234035
scaff_group010	NW_020130736.1	249720	404483755
scaff_group010	NW_020130737.1	42152	404525907
scaff_group010	NW_020130738.1	62082	404587989
scaff_group010	NW_020130739.1	42109	404630098
scaff_group010	NW_020130740.1	42080	404672178
scaff_group010	NW_020130741.1	51025	404723203
scaff_group010	NW_020130742.1	52037	404775240
scaff_group010	NW_020130743.1	67705	404842945
scaff_group010	NW_020130744.1	63384	404906329
scaff_group010	NW_020130745.1	41931	404948260
scaff_group010	NW_020130746.1	80851	405029111
scaff_group010	NW_020130747.1	41853	405070964
scaff_group010	NW_020130748.1	41803	405112767
scaff_group010	NW_020130749.1	41790	405154557
scaff_group010	NW_020130750.1	41774	405196331
scaff_group010	NW_020130751.1	41730	405238061
scaff_group010	NW_020130752.1	41691	405279752
scaff_group010	NW_020130753.1	41667	405321419
scaff_group010	NW_020130754.1	58384	405379803
scaff_group010	NW_020130755.1	41661	405421464
scaff_group010	NW_020130756.1	43072	405464536
scaff_group010	NW_020130757.1	84591	405549127
scaff_group010	NW_020130758.1	48486	405597613
scaff_group010	NW_020130759.1	41548	405639161
scaff_group010	NW_020130760.1	44749	405683910
scaff_group010	NW_020130761.1	41498	405725408
scaff_group010	NW_020130762.1	75019	405800427
scaff_group010	NW_020130763.1	41482	405841909
scaff_group010	NW_020130764.1	41477	405883386
scaff_group010	NW_020130765.1	47560	405930946
scaff_group010	NW_020130766.1	41401	405972347
scaff_group010	NW_020130767.1	41390	406013737
scaff_group010	NW_020130768.1	90977	406104714
scaff_group010	NW_020130769.1	41360	406146074
scaff_group010	NW_020130770.1	41356	406187430
scaff_group010	NW_020130771.1	77213	406264643
scaff_group010	NW_020130772.1	41346	406305989
scaff_group010	NW_020130773.1	41341	406347330
scaff_group010	NW_020130774.1	51128	406398458
scaff_group010	NW_020130775.1	41291	406439749
scaff_group010	NW_020130776.1	41252	406481001
scaff_group010	NW_020130777.1	41199	406522200
scaff_group010	NW_020130778.1	41190	406563390
scaff_group010	NW_020130779.1	55864	406619254
scaff_group010	NW_020130780.1	73801	406693055
scaff_group010	NW_020130781.1	41141	406734196
scaff_group010	NW_020130782.1	41106	406775302
scaff_group010	NW_020130783.1	41094	406816396
scaff_group010	NW_020130784.1	41086	406857482
scaff_group010	NW_020130785.1	41072	406898554
scaff_group010	NW_020130786.1	41071	406939625
scaff_group010	NW_020130787.1	82535	407022160
scaff_group010	NW_020130788.1	41048	407063208
scaff_group010	NW_020130789.1	41046	407104254
scaff_group010	NW_020130790.1	83960	407188214
scaff_group010	NW_020130791.1	42525	407230739
scaff_group010	NW_020130792.1	40995	407271734
scaff_group010	NW_020130793.1	88242	407359976
scaff_group010	NW_020130794.1	40927	407400903
scaff_group010	NW_020130795.1	59866	407460769
scaff_group010	NW_020130796.1	58612	407519381
scaff_group010	NW_020130797.1	60718	407580099
scaff_group010	NW_020130798.1	69454	407649553
scaff_group010	NW_020130799.1	40815	407690368
scaff_group010	NW_020130800.1	48624	407738992
scaff_group010	NW_020130801.1	40761	407779753
scaff_group010	NW_020130802.1	40722	407820475
scaff_group010	NW_020130803.1	40710	407861185
scaff_group010	NW_020130804.1	40696	407901881
scaff_group010	NW_020130805.1	40624	407942505
scaff_group010	NW_020130806.1	40614	407983119
scaff_group010	NW_020130807.1	65592	408048711
scaff_group010	NW_020130808.1	57216	408105927
scaff_group010	NW_020130809.1	50048	408155975
scaff_group010	NW_020130810.1	40521	408196496
scaff_group010	NW_020130811.1	40471	408236967
scaff_group010	NW_020130812.1	60415	408297382
scaff_group010	NW_020130813.1	40449	408337831
scaff_group010	NW_020130814.1	49438	408387269
scaff_group010	NW_020130815.1	40427	408427696
scaff_group010	NW_020130816.1	42659	408470355
scaff_group010	NW_020130817.1	75298	408545653
scaff_group010	NW_020130818.1	40369	408586022
scaff_group010	NW_020130819.1	69646	408655668
scaff_group010	NW_020130820.1	40327	408695995
scaff_group010	NW_020130821.1	70472	408766467
scaff_group010	NW_020130822.1	61825	408828292
scaff_group010	NW_020130823.1	70089	408898381
scaff_group010	NW_020130824.1	82848	408981229
scaff_group010	NW_020130825.1	40119	409021348
scaff_group010	NW_020130826.1	91503	409112851
scaff_group010	NW_020130827.1	40067	409152918
scaff_group010	NW_020130828.1	40031	409192949
scaff_group010	NW_020130829.1	65655	409258604
scaff_group010	NW_020130830.1	39999	409298603
scaff_group010	NW_020130831.1	39993	409338596
scaff_group010	NW_020130832.1	100745	409439341
scaff_group010	NW_020130833.1	57057	409496398
scaff_group010	NW_020130834.1	70373	409566771
scaff_group010	NW_020130835.1	39972	409606743
scaff_group010	NW_020130836.1	39962	409646705
scaff_group010	NW_020130837.1	56733	409703438
scaff_group010	NW_020130838.1	87069	409790507
scaff_group010	NW_020130839.1	39936	409830443
scaff_group010	NW_020130840.1	76948	409907391
scaff_group010	NW_020130841.1	55163	409962554
scaff_group010	NW_020130842.1	39907	410002461
scaff_group010	NW_020130843.1	56450	410058911
scaff_group010	NW_020130844.1	39864	410098775
scaff_group010	NW_020130845.1	39855	410138630
scaff_group010	NW_020130846.1	39854	410178484
scaff_group010	NW_020130847.1	39818	410218302
scaff_group010	NW_020130848.1	50560	410268862
scaff_group010	NW_020130849.1	39698	410308560
scaff_group010	NW_020130850.1	46518	410355078
scaff_group010	NW_020130851.1	39653	410394731
scaff_group010	NW_020130852.1	39633	410434364
scaff_group010	NW_020130853.1	39614	410473978
scaff_group010	NW_020130854.1	57026	410531004
scaff_group010	NW_020130855.1	50837	410581841
scaff_group010	NW_020130856.1	39597	410621438
scaff_group010	NW_020130857.1	142607	410764045
scaff_group010	NW_020130858.1	39492	410803537
scaff_group010	NW_020130859.1	39483	410843020
scaff_group010	NW_020130860.1	39462	410882482
scaff_group010	NW_020130861.1	160287	411042769
scaff_group010	NW_020130862.1	69967	411112736
scaff_group010	NW_020130863.1	76417	411189153
scaff_group010	NW_020130864.1	50002	411239155
scaff_group010	NW_020130865.1	39422	411278577
scaff_group010	NW_020130866.1	76550	411355127
scaff_group010	NW_020130867.1	39412	411394539
scaff_group010	NW_020130868.1	46853	411441392
scaff_group010	NW_020130869.1	75475	411516867
scaff_group010	NW_020130870.1	39275	411556142
scaff_group010	NW_020130871.1	39233	411595375
scaff_group010	NW_020130872.1	39224	411634599
scaff_group010	NW_020130873.1	39220	411673819
scaff_group010	NW_020130874.1	47224	411721043
scaff_group010	NW_020130875.1	39095	411760138
scaff_group010	NW_020130876.1	39080	411799218
scaff_group010	NW_020130877.1	39071	411838289
scaff_group010	NW_020130878.1	39047	411877336
scaff_group010	NW_020130879.1	39037	411916373
scaff_group010	NW_020130880.1	78264	411994637
scaff_group010	NW_020130881.1	64605	412059242
scaff_group010	NW_020130882.1	43875	412103117
scaff_group010	NW_020130883.1	59626	412162743
scaff_group010	NW_020130884.1	61910	412224653
scaff_group010	NW_020130885.1	38918	412263571
scaff_group010	NW_020130886.1	38917	412302488
scaff_group010	NW_020130887.1	66419	412368907
scaff_group010	NW_020130888.1	53912	412422819
scaff_group010	NW_020130889.1	38871	412461690
scaff_group010	NW_020130890.1	70561	412532251
scaff_group010	NW_020130891.1	71869	412604120
scaff_group010	NW_020130892.1	38802	412642922
scaff_group010	NW_020130893.1	38802	412681724
scaff_group010	NW_020130894.1	44926	412726650
scaff_group010	NW_020130895.1	38773	412765423
scaff_group010	NW_020130896.1	64011	412829434
scaff_group010	NW_020130897.1	38748	412868182
scaff_group010	NW_020130898.1	38738	412906920
scaff_group010	NW_020130899.1	38720	412945640
scaff_group010	NW_020130900.1	38698	412984338
scaff_group010	NW_020130901.1	38640	413022978
scaff_group010	NW_020130902.1	38636	413061614
scaff_group010	NW_020130903.1	38623	413100237
scaff_group010	NW_020130904.1	38612	413138849
scaff_group010	NW_020130905.1	77102	413215951
scaff_group010	NW_020130906.1	38577	413254528
scaff_group010	NW_020130907.1	59600	413314128
scaff_group010	NW_020130908.1	38543	413352671
scaff_group010	NW_020130909.1	59825	413412496
scaff_group010	NW_020130910.1	61519	413474015
scaff_group010	NW_020130911.1	38468	413512483
scaff_group010	NW_020130912.1	38464	413550947
scaff_group010	NW_020130913.1	38452	413589399
scaff_group010	NW_020130914.1	38437	413627836
scaff_group010	NW_020130915.1	38434	413666270
scaff_group010	NW_020130916.1	38416	413704686
scaff_group010	NW_020130917.1	38408	413743094
scaff_group010	NW_020130918.1	38381	413781475
scaff_group010	NW_020130919.1	49080	413830555
scaff_group010	NW_020130920.1	38269	413868824
scaff_group010	NW_020130921.1	38262	413907086
scaff_group010	NW_020130922.1	38219	413945305
scaff_group010	NW_020130923.1	142865	414088170
scaff_group010	NW_020130924.1	68056	414156226
scaff_group010	NW_020130925.1	46390	414202616
scaff_group010	NW_020130926.1	98780	414301396
scaff_group010	NW_020130927.1	38191	414339587
scaff_group010	NW_020130928.1	38157	414377744
scaff_group010	NW_020130929.1	38150	414415894
scaff_group010	NW_020130930.1	38117	414454011
scaff_group010	NW_020130931.1	38116	414492127
scaff_group010	NW_020130932.1	38065	414530192
scaff_group010	NW_020130933.1	100743	414630935
scaff_group010	NW_020130934.1	85716	414716651
scaff_group010	NW_020130935.1	37988	414754639
scaff_group010	NW_020130936.1	37977	414792616
scaff_group010	NW_020130937.1	37966	414830582
scaff_group010	NW_020130938.1	97537	414928119
scaff_group010	NW_020130939.1	37918	414966037
scaff_group010	NW_020130940.1	37904	415003941
scaff_group010	NW_020130941.1	37889	415041830
scaff_group010	NW_020130942.1	37884	415079714
scaff_group010	NW_020130943.1	70436	415150150
scaff_group010	NW_020130944.1	49701	415199851
scaff_group010	NW_020130945.1	47209	415247060
scaff_group010	NW_020130946.1	37782	415284842
scaff_group010	NW_020130947.1	37772	415322614
scaff_group010	NW_020130948.1	76078	415398692
scaff_group010	NW_020130949.1	84161	415482853
scaff_group010	NW_020130950.1	37739	415520592
scaff_group010	NW_020130951.1	68184	415588776
scaff_group010	NW_020130952.1	51859	415640635
scaff_group010	NW_020130953.1	37665	415678300
scaff_group010	NW_020130954.1	52456	415730756
scaff_group010	NW_020130955.1	73626	415804382
scaff_group010	NW_020130956.1	67897	415872279
scaff_group010	NW_020130957.1	37584	415909863
scaff_group010	NW_020130958.1	37540	415947403
scaff_group010	NW_020130959.1	37525	415984928
scaff_group010	NW_020130960.1	37507	416022435
scaff_group010	NW_020130961.1	95777	416118212
scaff_group010	NW_020130962.1	37485	416155697
scaff_group010	NW_020130963.1	37467	416193164
scaff_group010	NW_020130964.1	37467	416230631
scaff_group010	NW_020130965.1	37463	416268094
scaff_group010	NW_020130966.1	37459	416305553
scaff_group010	NW_020130967.1	50340	416355893
scaff_group010	NW_020130968.1	57374	416413267
scaff_group010	NW_020130969.1	37402	416450669
scaff_group010	NW_020130970.1	58974	416509643
scaff_group010	NW_020130971.1	37360	416547003
scaff_group010	NW_020130972.1	37335	416584338
scaff_group010	NW_020130973.1	246197	416830535
scaff_group010	NW_020130974.1	63437	416893972
scaff_group010	NW_020130975.1	65732	416959704
scaff_group010	NW_020130976.1	73978	417033682
scaff_group010	NW_020130977.1	37230	417070912
scaff_group010	NW_020130978.1	37220	417108132
scaff_group010	NW_020130979.1	37201	417145333
scaff_group010	NW_020130980.1	37188	417182521
scaff_group010	NW_020130981.1	69022	417251543
scaff_group010	NW_020130982.1	37140	417288683
scaff_group010	NW_020130983.1	37123	417325806
scaff_group010	NW_020130984.1	80896	417406702
scaff_group010	NW_020130985.1	37068	417443770
scaff_group010	NW_020130986.1	37063	417480833
scaff_group010	NW_020130987.1	63504	417544337
scaff_group010	NW_020130988.1	36996	417581333
scaff_group010	NW_020130989.1	36987	417618320
scaff_group010	NW_020130990.1	36976	417655296
scaff_group010	NW_020130991.1	36971	417692267
scaff_group010	NW_020130992.1	39065	417731332
scaff_group010	NW_020130993.1	36854	417768186
scaff_group010	NW_020130994.1	36834	417805020
scaff_group010	NW_020130995.1	45559	417850579
scaff_group010	NW_020130996.1	36716	417887295
scaff_group010	NW_020130997.1	36680	417923975
scaff_group010	NW_020130998.1	36677	417960652
scaff_group010	NW_020130999.1	36630	417997282
scaff_group010	NW_020131000.1	61787	418059069
scaff_group010	NW_020131001.1	67923	418126992
scaff_group011	NW_020131002.1	62655	418189647
scaff_group011	NW_020131003.1	55165	418244812
scaff_group011	NW_020131004.1	36515	418281327
scaff_group011	NW_020131005.1	36492	418317819
scaff_group011	NW_020131006.1	36429	418354248
scaff_group011	NW_020131007.1	36420	418390668
scaff_group011	NW_020131008.1	36369	418427037
scaff_group011	NW_020131009.1	36357	418463394
scaff_group011	NW_020131010.1	63896	418527290
scaff_group011	NW_020131011.1	115446	418642736
scaff_group011	NW_020131012.1	36303	418679039
scaff_group011	NW_020131013.1	36291	418715330
scaff_group011	NW_020131014.1	36249	418751579
scaff_group011	NW_020131015.1	36195	418787774
scaff_group011	NW_020131016.1	84902	418872676
scaff_group011	NW_020131017.1	50199	418922875
scaff_group011	NW_020131018.1	36154	418959029
scaff_group011	NW_020131019.1	76703	419035732
scaff_group011	NW_020131020.1	36106	419071838
scaff_group011	NW_020131021.1	36092	419107930
scaff_group011	NW_020131022.1	36041	419143971
scaff_group011	NW_020131023.1	89214	419233185
scaff_group011	NW_020131024.1	35999	419269184
scaff_group011	NW_020131025.1	59180	419328364
scaff_group011	NW_020131026.1	35949	419364313
scaff_group011	NW_020131027.1	35924	419400237
scaff_group011	NW_020131028.1	43264	419443501
scaff_group011	NW_020131029.1	35882	419479383
scaff_group011	NW_020131030.1	117069	419596452
scaff_group011	NW_020131031.1	35815	419632267
scaff_group011	NW_020131032.1	106571	419738838
scaff_group011	NW_020131033.1	35813	419774651
scaff_group011	NW_020131034.1	59364	419834015
scaff_group011	NW_020131035.1	35773	419869788
scaff_group011	NW_020131036.1	46138	419915926
scaff_group011	NW_020131037.1	40902	419956828
scaff_group011	NW_020131038.1	35693	419992521
scaff_group011	NW_020131039.1	49253	420041774
scaff_group011	NW_020131040.1	35644	420077418
scaff_group011	NW_020131041.1	84556	420161974
scaff_group011	NW_020131042.1	44498	420206472
scaff_group011	NW_020131043.1	54211	420260683
scaff_group011	NW_020131044.1	35583	420296266
scaff_group011	NW_020131045.1	47161	420343427
scaff_group011	NW_020131046.1	82940	420426367
scaff_group011	NW_020131047.1	35515	420461882
scaff_group011	NW_020131048.1	35506	420497388
scaff_group011	NW_020131049.1	35484	420532872
scaff_group011	NW_020131050.1	35474	420568346
scaff_group011	NW_020131051.1	35412	420603758
scaff_group011	NW_020131052.1	50402	420654160
scaff_group011	NW_020131053.1	97834	420751994
scaff_group011	NW_020131054.1	68450	420820444
scaff_group011	NW_020131055.1	48711	420869155
scaff_group011	NW_020131056.1	35338	420904493
scaff_group011	NW_020131057.1	71945	420976438
scaff_group011	NW_020131058.1	35236	421011674
scaff_group011	NW_020131059.1	35225	421046899
scaff_group011	NW_020131060.1	35119	421082018
scaff_group011	NW_020131061.1	49104	421131122
scaff_group011	NW_020131062.1	35055	421166177
scaff_group011	NW_020131063.1	57161	421223338
scaff_group011	NW_020131064.1	38597	421261935
scaff_group011	NW_020131065.1	34988	421296923
scaff_group011	NW_020131066.1	36037	421332960
scaff_group011	NW_020131067.1	38013	421370973
scaff_group011	NW_020131068.1	36026	421406999
scaff_group011	NW_020131069.1	43964	421450963
scaff_group011	NW_020131070.1	34948	421485911
scaff_group011	NW_020131071.1	34913	421520824
scaff_group011	NW_020131072.1	53421	421574245
scaff_group011	NW_020131073.1	34890	421609135
scaff_group011	NW_020131074.1	34884	421644019
scaff_group011	NW_020131075.1	34876	421678895
scaff_group011	NW_020131076.1	79944	421758839
scaff_group011	NW_020131077.1	79523	421838362
scaff_group011	NW_020131078.1	34814	421873176
scaff_group011	NW_020131079.1	34809	421907985
scaff_group011	NW_020131080.1	66213	421974198
scaff_group011	NW_020131081.1	34729	422008927
scaff_group011	NW_020131082.1	34726	422043653
scaff_group011	NW_020131083.1	41300	422084953
scaff_group011	NW_020131084.1	117361	422202314
scaff_group011	NW_020131085.1	34685	422236999
scaff_group011	NW_020131086.1	61768	422298767
scaff_group011	NW_020131087.1	34664	422333431
scaff_group011	NW_020131088.1	171152	422504583
scaff_group011	NW_020131089.1	51339	422555922
scaff_group011	NW_020131090.1	34611	422590533
scaff_group011	NW_020131091.1	34578	422625111
scaff_group011	NW_020131092.1	34550	422659661
scaff_group011	NW_020131093.1	66951	422726612
scaff_group011	NW_020131094.1	82106	422808718
scaff_group011	NW_020131095.1	34501	422843219
scaff_group011	NW_020131096.1	63083	422906302
scaff_group011	NW_020131097.1	34491	422940793
scaff_group011	NW_020131098.1	43437	422984230
scaff_group011	NW_020131099.1	42299	423026529
scaff_group011	NW_020131100.1	34335	423060864
scaff_group011	NW_020131101.1	45934	423106798
scaff_group011	NW_020131102.1	82965	423189763
scaff_group011	NW_020131103.1	34281	423224044
scaff_group011	NW_020131104.1	41147	423265191
scaff_group011	NW_020131105.1	56980	423322171
scaff_group011	NW_020131106.1	34220	423356391
scaff_group011	NW_020131107.1	34217	423390608
scaff_group011	NW_020131108.1	34216	423424824
scaff_group011	NW_020131109.1	34177	423459001
scaff_group011	NW_020131110.1	76598	423535599
scaff_group011	NW_020131111.1	81829	423617428
scaff_group011	NW_020131112.1	59295	423676723
scaff_group011	NW_020131113.1	86107	423762830
scaff_group011	NW_020131114.1	34079	423796909
scaff_group011	NW_020131115.1	44385	423841294
scaff_group011	NW_020131116.1	34052	423875346
scaff_group011	NW_020131117.1	34045	423909391
scaff_group011	NW_020131118.1	34024	423943415
scaff_group011	NW_020131119.1	33994	423977409
scaff_group011	NW_020131120.1	33991	424011400
scaff_group011	NW_020131121.1	33979	424045379
scaff_group011	NW_020131122.1	42917	424088296
scaff_group011	NW_020131123.1	56898	424145194
scaff_group011	NW_020131124.1	33911	424179105
scaff_group011	NW_020131125.1	99094	424278199
scaff_group011	NW_020131126.1	33885	424312084
scaff_group011	NW_020131127.1	44452	424356536
scaff_group011	NW_020131128.1	33781	424390317
scaff_group011	NW_020131129.1	33770	424424087
scaff_group011	NW_020131130.1	44241	424468328
scaff_group011	NW_020131131.1	50368	424518696
scaff_group011	NW_020131132.1	77047	424595743
scaff_group011	NW_020131133.1	33692	424629435
scaff_group011	NW_020131134.1	44734	424674169
scaff_group011	NW_020131135.1	33663	424707832
scaff_group011	NW_020131136.1	84045	424791877
scaff_group011	NW_020131137.1	43085	424834962
scaff_group011	NW_020131138.1	59524	424894486
scaff_group011	NW_020131139.1	33532	424928018
scaff_group011	NW_020131140.1	55747	424983765
scaff_group011	NW_020131141.1	41727	425025492
scaff_group011	NW_020131142.1	33443	425058935
scaff_group011	NW_020131143.1	52189	425111124
scaff_group011	NW_020131144.1	56587	425167711
scaff_group011	NW_020131145.1	60768	425228479
scaff_group011	NW_020131146.1	33371	425261850
scaff_group011	NW_020131147.1	40551	425302401
scaff_group011	NW_020131148.1	54180	425356581
scaff_group011	NW_020131149.1	56802	425413383
scaff_group011	NW_020131150.1	33292	425446675
scaff_group011	NW_020131151.1	33280	425479955
scaff_group011	NW_020131152.1	33277	425513232
scaff_group011	NW_020131153.1	33245	425546477
scaff_group011	NW_020131154.1	63949	425610426
scaff_group011	NW_020131155.1	51764	425662190
scaff_group011	NW_020131156.1	33183	425695373
scaff_group011	NW_020131157.1	33152	425728525
scaff_group011	NW_020131158.1	71921	425800446
scaff_group011	NW_020131159.1	33144	425833590
scaff_group011	NW_020131160.1	33129	425866719
scaff_group011	NW_020131161.1	33111	425899830
scaff_group011	NW_020131162.1	33099	425932929
scaff_group011	NW_020131163.1	53093	425986022
scaff_group011	NW_020131164.1	38529	426024551
scaff_group011	NW_020131165.1	33093	426057644
scaff_group011	NW_020131166.1	33073	426090717
scaff_group011	NW_020131167.1	33067	426123784
scaff_group011	NW_020131168.1	33049	426156833
scaff_group011	NW_020131169.1	33033	426189866
scaff_group011	NW_020131170.1	55441	426245307
scaff_group011	NW_020131171.1	33011	426278318
scaff_group011	NW_020131172.1	32999	426311317
scaff_group011	NW_020131173.1	32982	426344299
scaff_group011	NW_020131174.1	44613	426388912
scaff_group011	NW_020131175.1	32944	426421856
scaff_group011	NW_020131176.1	66505	426488361
scaff_group011	NW_020131177.1	32881	426521242
scaff_group011	NW_020131178.1	32842	426554084
scaff_group011	NW_020131179.1	58368	426612452
scaff_group011	NW_020131180.1	32762	426645214
scaff_group011	NW_020131181.1	32761	426677975
scaff_group011	NW_020131182.1	114946	426792921
scaff_group011	NW_020131183.1	32747	426825668
scaff_group011	NW_020131184.1	47982	426873650
scaff_group011	NW_020131185.1	32727	426906377
scaff_group011	NW_020131186.1	32720	426939097
scaff_group011	NW_020131187.1	32716	426971813
scaff_group011	NW_020131188.1	60214	427032027
scaff_group011	NW_020131189.1	32704	427064731
scaff_group011	NW_020131190.1	32634	427097365
scaff_group011	NW_020131191.1	44211	427141576
scaff_group011	NW_020131192.1	32617	427174193
scaff_group011	NW_020131193.1	32580	427206773
scaff_group011	NW_020131194.1	64627	427271400
scaff_group011	NW_020131195.1	47767	427319167
scaff_group011	NW_020131196.1	32541	427351708
scaff_group011	NW_020131197.1	32518	427384226
scaff_group011	NW_020131198.1	36382	427420608
scaff_group011	NW_020131199.1	34418	427455026
scaff_group011	NW_020131200.1	43163	427498189
scaff_group011	NW_020131201.1	39354	427537543
scaff_group011	NW_020131202.1	35084	427572627
scaff_group011	NW_020131203.1	32399	427605026
scaff_group011	NW_020131204.1	32378	427637404
scaff_group011	NW_020131205.1	32375	427669779
scaff_group011	NW_020131206.1	32363	427702142
scaff_group011	NW_020131207.1	32345	427734487
scaff_group011	NW_020131208.1	32327	427766814
scaff_group011	NW_020131209.1	66775	427833589
scaff_group011	NW_020131210.1	36322	427869911
scaff_group011	NW_020131211.1	32310	427902221
scaff_group011	NW_020131212.1	53154	427955375
scaff_group011	NW_020131213.1	56101	428011476
scaff_group011	NW_020131214.1	32247	428043723
scaff_group011	NW_020131215.1	60451	428104174
scaff_group011	NW_020131216.1	32214	428136388
scaff_group011	NW_020131217.1	43550	428179938
scaff_group011	NW_020131218.1	32191	428212129
scaff_group011	NW_020131219.1	32107	428244236
scaff_group011	NW_020131220.1	32107	428276343
scaff_group011	NW_020131221.1	32084	428308427
scaff_group011	NW_020131222.1	32068	428340495
scaff_group011	NW_020131223.1	32049	428372544
scaff_group011	NW_020131224.1	32037	428404581
scaff_group011	NW_020131225.1	36959	428441540
scaff_group011	NW_020131226.1	74802	428516342
scaff_group011	NW_020131227.1	146594	428662936
scaff_group011	NW_020131228.1	64317	428727253
scaff_group011	NW_020131229.1	32001	428759254
scaff_group011	NW_020131230.1	31996	428791250
scaff_group011	NW_020131231.1	31948	428823198
scaff_group011	NW_020131232.1	46737	428869935
scaff_group011	NW_020131233.1	31906	428901841
scaff_group011	NW_020131234.1	44065	428945906
scaff_group011	NW_020131235.1	31795	428977701
scaff_group011	NW_020131236.1	31780	429009481
scaff_group011	NW_020131237.1	31760	429041241
scaff_group011	NW_020131238.1	31743	429072984
scaff_group011	NW_020131239.1	47000	429119984
scaff_group011	NW_020131240.1	31671	429151655
scaff_group011	NW_020131241.1	31652	429183307
scaff_group011	NW_020131242.1	31636	429214943
scaff_group011	NW_020131243.1	63284	429278227
scaff_group011	NW_020131244.1	38283	429316510
scaff_group011	NW_020131245.1	31607	429348117
scaff_group011	NW_020131246.1	37916	429386033
scaff_group011	NW_020131247.1	60486	429446519
scaff_group011	NW_020131248.1	21551	429468070
scaff_group011	NW_020131249.1	49530	429517600
scaff_group011	NW_020131250.1	31525	429549125
scaff_group011	NW_020131251.1	31505	429580630
scaff_group011	NW_020131252.1	31467	429612097
scaff_group011	NW_020131253.1	31461	429643558
scaff_group011	NW_020131254.1	31455	429675013
scaff_group011	NW_020131255.1	31411	429706424
scaff_group011	NW_020131256.1	69764	429776188
scaff_group011	NW_020131257.1	62412	429838600
scaff_group011	NW_020131258.1	67277	429905877
scaff_group011	NW_020131259.1	58227	429964104
scaff_group011	NW_020131260.1	31379	429995483
scaff_group011	NW_020131261.1	31328	430026811
scaff_group011	NW_020131262.1	31290	430058101
scaff_group011	NW_020131263.1	31265	430089366
scaff_group011	NW_020131264.1	34727	430124093
scaff_group011	NW_020131265.1	31233	430155326
scaff_group011	NW_020131266.1	31227	430186553
scaff_group011	NW_020131267.1	153447	430340000
scaff_group011	NW_020131268.1	35759	430375759
scaff_group011	NW_020131269.1	109630	430485389
scaff_group011	NW_020131270.1	73156	430558545
scaff_group011	NW_020131271.1	43199	430601744
scaff_group011	NW_020131272.1	41232	430642976
scaff_group011	NW_020131273.1	31131	430674107
scaff_group011	NW_020131274.1	31124	430705231
scaff_group011	NW_020131275.1	114083	430819314
scaff_group011	NW_020131276.1	72709	430892023
scaff_group011	NW_020131277.1	154318	431046341
scaff_group011	NW_020131278.1	74653	431120994
scaff_group011	NW_020131279.1	31047	431152041
scaff_group011	NW_020131280.1	31025	431183066
scaff_group011	NW_020131281.1	72786	431255852
scaff_group011	NW_020131282.1	35516	431291368
scaff_group011	NW_020131283.1	30981	431322349
scaff_group011	NW_020131284.1	84251	431406600
scaff_group011	NW_020131285.1	97689	431504289
scaff_group011	NW_020131286.1	71351	431575640
scaff_group011	NW_020131287.1	30932	431606572
scaff_group011	NW_020131288.1	30919	431637491
scaff_group011	NW_020131289.1	30912	431668403
scaff_group011	NW_020131290.1	54379	431722782
scaff_group011	NW_020131291.1	45663	431768445
scaff_group011	NW_020131292.1	30873	431799318
scaff_group011	NW_020131293.1	43600	431842918
scaff_group011	NW_020131294.1	30860	431873778
scaff_group011	NW_020131295.1	37050	431910828
scaff_group011	NW_020131296.1	44875	431955703
scaff_group011	NW_020131297.1	30787	431986490
scaff_group011	NW_020131298.1	49487	432035977
scaff_group011	NW_020131299.1	30740	432066717
scaff_group011	NW_020131300.1	30733	432097450
scaff_group011	NW_020131301.1	36075	432133525
scaff_group011	NW_020131302.1	30672	432164197
scaff_group011	NW_020131303.1	30648	432194845
scaff_group011	NW_020131304.1	30557	432225402
scaff_group011	NW_020131305.1	30540	432255942
scaff_group011	NW_020131306.1	36452	432292394
scaff_group011	NW_020131307.1	30521	432322915
scaff_group011	NW_020131308.1	30512	432353427
scaff_group011	NW_020131309.1	35218	432388645
scaff_group011	NW_020131310.1	116892	432505537
scaff_group011	NW_020131311.1	52388	432557925
scaff_group011	NW_020131312.1	30400	432588325
scaff_group011	NW_020131313.1	100690	432689015
scaff_group011	NW_020131314.1	66695	432755710
scaff_group011	NW_020131315.1	30370	432786080
scaff_group011	NW_020131316.1	30342	432816422
scaff_group011	NW_020131317.1	30334	432846756
scaff_group011	NW_020131318.1	39717	432886473
scaff_group011	NW_020131319.1	30289	432916762
scaff_group011	NW_020131320.1	51851	432968613
scaff_group011	NW_020131321.1	48691	433017304
scaff_group011	NW_020131322.1	30281	433047585
scaff_group011	NW_020131323.1	30280	433077865
scaff_group011	NW_020131324.1	30233	433108098
scaff_group011	NW_020131325.1	30229	433138327
scaff_group011	NW_020131326.1	40558	433178885
scaff_group011	NW_020131327.1	30211	433209096
scaff_group011	NW_020131328.1	44340	433253436
scaff_group011	NW_020131329.1	30170	433283606
scaff_group011	NW_020131330.1	30164	433313770
scaff_group011	NW_020131331.1	156971	433470741
scaff_group011	NW_020131332.1	45445	433516186
scaff_group011	NW_020131333.1	87732	433603918
scaff_group011	NW_020131334.1	33993	433637911
scaff_group011	NW_020131335.1	30123	433668034
scaff_group011	NW_020131336.1	30107	433698141
scaff_group011	NW_020131337.1	30080	433728221
scaff_group011	NW_020131338.1	30043	433758264
scaff_group011	NW_020131339.1	45277	433803541
scaff_group011	NW_020131340.1	29988	433833529
scaff_group011	NW_020131341.1	46537	433880066
scaff_group011	NW_020131342.1	31333	433911399
scaff_group011	NW_020131343.1	53904	433965303
scaff_group011	NW_020131344.1	29938	433995241
scaff_group011	NW_020131345.1	29930	434025171
scaff_group011	NW_020131346.1	29913	434055084
scaff_group011	NW_020131347.1	77249	434132333
scaff_group011	NW_020131348.1	29886	434162219
scaff_group011	NW_020131349.1	58043	434220262
scaff_group011	NW_020131350.1	29872	434250134
scaff_group011	NW_020131351.1	48876	434299010
scaff_group011	NW_020131352.1	54989	434353999
scaff_group011	NW_020131353.1	29820	434383819
scaff_group011	NW_020131354.1	29810	434413629
scaff_group011	NW_020131355.1	29802	434443431
scaff_group011	NW_020131356.1	29783	434473214
scaff_group011	NW_020131357.1	29769	434502983
scaff_group011	NW_020131358.1	29752	434532735
scaff_group011	NW_020131359.1	62724	434595459
scaff_group011	NW_020131360.1	29732	434625191
scaff_group011	NW_020131361.1	29723	434654914
scaff_group011	NW_020131362.1	29709	434684623
scaff_group011	NW_020131363.1	29702	434714325
scaff_group011	NW_020131364.1	70213	434784538
scaff_group011	NW_020131365.1	46510	434831048
scaff_group011	NW_020131366.1	29633	434860681
scaff_group011	NW_020131367.1	29616	434890297
scaff_group011	NW_020131368.1	29614	434919911
scaff_group011	NW_020131369.1	29597	434949508
scaff_group011	NW_020131370.1	29596	434979104
scaff_group011	NW_020131371.1	50643	435029747
scaff_group011	NW_020131372.1	29581	435059328
scaff_group011	NW_020131373.1	29570	435088898
scaff_group011	NW_020131374.1	29510	435118408
scaff_group011	NW_020131375.1	29481	435147889
scaff_group011	NW_020131376.1	31123	435179012
scaff_group011	NW_020131377.1	29414	435208426
scaff_group011	NW_020131378.1	41567	435249993
scaff_group011	NW_020131379.1	29413	435279406
scaff_group011	NW_020131380.1	34278	435313684
scaff_group011	NW_020131381.1	29397	435343081
scaff_group011	NW_020131382.1	46737	435389818
scaff_group011	NW_020131383.1	52334	435442152
scaff_group011	NW_020131384.1	29387	435471539
scaff_group011	NW_020131385.1	37251	435508790
scaff_group011	NW_020131386.1	29333	435538123
scaff_group011	NW_020131387.1	89634	435627757
scaff_group011	NW_020131388.1	29328	435657085
scaff_group011	NW_020131389.1	29323	435686408
scaff_group011	NW_020131390.1	29320	435715728
scaff_group011	NW_020131391.1	29318	435745046
scaff_group011	NW_020131392.1	50445	435795491
scaff_group011	NW_020131393.1	29311	435824802
scaff_group011	NW_020131394.1	29304	435854106
scaff_group011	NW_020131395.1	29288	435883394
scaff_group011	NW_020131396.1	125510	436008904
scaff_group011	NW_020131397.1	59295	436068199
scaff_group011	NW_020131398.1	29266	436097465
scaff_group011	NW_020131399.1	29240	436126705
scaff_group011	NW_020131400.1	50137	436176842
scaff_group011	NW_020131401.1	29211	436206053
scaff_group011	NW_020131402.1	146204	436352257
scaff_group011	NW_020131403.1	55858	436408115
scaff_group011	NW_020131404.1	101567	436509682
scaff_group011	NW_020131405.1	55964	436565646
scaff_group011	NW_020131406.1	29134	436594780
scaff_group011	NW_020131407.1	47573	436642353
scaff_group011	NW_020131408.1	29083	436671436
scaff_group011	NW_020131409.1	29070	436700506
scaff_group011	NW_020131410.1	35578	436736084
scaff_group011	NW_020131411.1	49167	436785251
scaff_group011	NW_020131412.1	30357	436815608
scaff_group011	NW_020131413.1	80841	436896449
scaff_group011	NW_020131414.1	28957	436925406
scaff_group011	NW_020131415.1	28956	436954362
scaff_group011	NW_020131416.1	86617	437040979
scaff_group011	NW_020131417.1	28927	437069906
scaff_group011	NW_020131418.1	28926	437098832
scaff_group011	NW_020131419.1	28922	437127754
scaff_group011	NW_020131420.1	28912	437156666
scaff_group011	NW_020131421.1	28910	437185576
scaff_group011	NW_020131422.1	28902	437214478
scaff_group011	NW_020131423.1	28883	437243361
scaff_group011	NW_020131424.1	28869	437272230
scaff_group011	NW_020131425.1	28867	437301097
scaff_group011	NW_020131426.1	54056	437355153
scaff_group011	NW_020131427.1	28860	437384013
scaff_group011	NW_020131428.1	28827	437412840
scaff_group011	NW_020131429.1	28823	437441663
scaff_group011	NW_020131430.1	28802	437470465
scaff_group011	NW_020131431.1	28800	437499265
scaff_group011	NW_020131432.1	28759	437528024
scaff_group011	NW_020131433.1	28750	437556774
scaff_group011	NW_020131434.1	28738	437585512
scaff_group011	NW_020131435.1	39054	437624566
scaff_group011	NW_020131436.1	75127	437699693
scaff_group011	NW_020131437.1	28685	437728378
scaff_group011	NW_020131438.1	28671	437757049
scaff_group011	NW_020131439.1	99525	437856574
scaff_group011	NW_020131440.1	55735	437912309
scaff_group011	NW_020131441.1	28631	437940940
scaff_group011	NW_020131442.1	28621	437969561
scaff_group011	NW_020131443.1	28579	437998140
scaff_group011	NW_020131444.1	42966	438041106
scaff_group011	NW_020131445.1	28566	438069672
scaff_group011	NW_020131446.1	28513	438098185
scaff_group011	NW_020131447.1	90203	438188388
scaff_group011	NW_020131448.1	28498	438216886
scaff_group011	NW_020131449.1	52024	438268910
scaff_group011	NW_020131450.1	28440	438297350
scaff_group011	NW_020131451.1	28436	438325786
scaff_group011	NW_020131452.1	28432	438354218
scaff_group011	NW_020131453.1	50856	438405074
scaff_group011	NW_020131454.1	54260	438459334
scaff_group011	NW_020131455.1	28405	438487739
scaff_group011	NW_020131456.1	28399	438516138
scaff_group011	NW_020131457.1	28389	438544527
scaff_group011	NW_020131458.1	28385	438572912
scaff_group011	NW_020131459.1	56554	438629466
scaff_group011	NW_020131460.1	28339	438657805
scaff_group011	NW_020131461.1	61053	438718858
scaff_group011	NW_020131462.1	103570	438822428
scaff_group011	NW_020131463.1	47662	438870090
scaff_group011	NW_020131464.1	39670	438909760
scaff_group011	NW_020131465.1	28222	438937982
scaff_group011	NW_020131466.1	28221	438966203
scaff_group011	NW_020131467.1	81657	439047860
scaff_group011	NW_020131468.1	51468	439099328
scaff_group011	NW_020131469.1	44604	439143932
scaff_group011	NW_020131470.1	28128	439172060
scaff_group011	NW_020131471.1	28114	439200174
scaff_group011	NW_020131472.1	28071	439228245
scaff_group011	NW_020131473.1	28060	439256305
scaff_group011	NW_020131474.1	28057	439284362
scaff_group011	NW_020131475.1	28049	439312411
scaff_group011	NW_020131476.1	28034	439340445
scaff_group011	NW_020131477.1	44080	439384525
scaff_group011	NW_020131478.1	28011	439412536
scaff_group011	NW_020131479.1	28008	439440544
scaff_group011	NW_020131480.1	32123	439472667
scaff_group011	NW_020131481.1	27955	439500622
scaff_group011	NW_020131482.1	46446	439547068
scaff_group011	NW_020131483.1	43143	439590211
scaff_group011	NW_020131484.1	27921	439618132
scaff_group011	NW_020131485.1	27918	439646050
scaff_group011	NW_020131486.1	58880	439704930
scaff_group011	NW_020131487.1	27895	439732825
scaff_group011	NW_020131488.1	27872	439760697
scaff_group011	NW_020131489.1	27840	439788537
scaff_group011	NW_020131490.1	53974	439842511
scaff_group011	NW_020131491.1	27807	439870318
scaff_group011	NW_020131492.1	40541	439910859
scaff_group011	NW_020131493.1	43375	439954234
scaff_group011	NW_020131494.1	27748	439981982
scaff_group011	NW_020131495.1	27739	440009721
scaff_group011	NW_020131496.1	43839	440053560
scaff_group011	NW_020131497.1	62922	440116482
scaff_group011	NW_020131498.1	27731	440144213
scaff_group011	NW_020131499.1	27689	440171902
scaff_group011	NW_020131500.1	27689	440199591
scaff_group011	NW_020131501.1	78248	440277839
scaff_group011	NW_020131502.1	27630	440305469
scaff_group011	NW_020131503.1	36231	440341700
scaff_group011	NW_020131504.1	27617	440369317
scaff_group011	NW_020131505.1	27602	440396919
scaff_group011	NW_020131506.1	52318	440449237
scaff_group011	NW_020131507.1	63643	440512880
scaff_group011	NW_020131508.1	27564	440540444
scaff_group011	NW_020131509.1	27557	440568001
scaff_group011	NW_020131510.1	27555	440595556
scaff_group011	NW_020131511.1	27550	440623106
scaff_group011	NW_020131512.1	27546	440650652
scaff_group011	NW_020131513.1	49855	440700507
scaff_group011	NW_020131514.1	27537	440728044
scaff_group011	NW_020131515.1	27532	440755576
scaff_group011	NW_020131516.1	50038	440805614
scaff_group011	NW_020131517.1	71407	440877021
scaff_group011	NW_020131518.1	34070	440911091
scaff_group011	NW_020131519.1	27496	440938587
scaff_group011	NW_020131520.1	27494	440966081
scaff_group011	NW_020131521.1	32767	440998848
scaff_group011	NW_020131522.1	27456	441026304
scaff_group011	NW_020131523.1	27451	441053755
scaff_group011	NW_020131524.1	27443	441081198
scaff_group011	NW_020131525.1	27441	441108639
scaff_group011	NW_020131526.1	27410	441136049
scaff_group011	NW_020131527.1	35987	441172036
scaff_group011	NW_020131528.1	68945	441240981
scaff_group011	NW_020131529.1	43803	441284784
scaff_group011	NW_020131530.1	53842	441338626
scaff_group011	NW_020131531.1	60273	441398899
scaff_group011	NW_020131532.1	27333	441426232
scaff_group011	NW_020131533.1	61907	441488139
scaff_group011	NW_020131534.1	27325	441515464
scaff_group011	NW_020131535.1	29173	441544637
scaff_group011	NW_020131536.1	30911	441575548
scaff_group011	NW_020131537.1	27231	441602779
scaff_group011	NW_020131538.1	27224	441630003
scaff_group011	NW_020131539.1	27224	441657227
scaff_group011	NW_020131540.1	246315	441903542
scaff_group011	NW_020131541.1	73874	441977416
scaff_group011	NW_020131542.1	27142	442004558
scaff_group011	NW_020131543.1	27123	442031681
scaff_group011	NW_020131544.1	56185	442087866
scaff_group011	NW_020131545.1	35451	442123317
scaff_group011	NW_020131546.1	27046	442150363
scaff_group011	NW_020131547.1	27045	442177408
scaff_group011	NW_020131548.1	27038	442204446
scaff_group011	NW_020131549.1	56230	442260676
scaff_group011	NW_020131550.1	40061	442300737
scaff_group011	NW_020131551.1	26993	442327730
scaff_group011	NW_020131552.1	26989	442354719
scaff_group011	NW_020131553.1	33128	442387847
scaff_group011	NW_020131554.1	26950	442414797
scaff_group011	NW_020131555.1	26933	442441730
scaff_group011	NW_020131556.1	26931	442468661
scaff_group011	NW_020131557.1	26930	442495591
scaff_group011	NW_020131558.1	26921	442522512
scaff_group011	NW_020131559.1	56511	442579023
scaff_group011	NW_020131560.1	26882	442605905
scaff_group011	NW_020131561.1	61304	442667209
scaff_group011	NW_020131562.1	26856	442694065
scaff_group011	NW_020131563.1	38334	442732399
scaff_group011	NW_020131564.1	26844	442759243
scaff_group011	NW_020131565.1	26836	442786079
scaff_group011	NW_020131566.1	26834	442812913
scaff_group011	NW_020131567.1	26815	442839728
scaff_group011	NW_020131568.1	26814	442866542
scaff_group011	NW_020131569.1	38539	442905081
scaff_group011	NW_020131570.1	50267	442955348
scaff_group011	NW_020131571.1	106605	443061953
scaff_group011	NW_020131572.1	26754	443088707
scaff_group011	NW_020131573.1	26749	443115456
scaff_group011	NW_020131574.1	26740	443142196
scaff_group011	NW_020131575.1	26724	443168920
scaff_group011	NW_020131576.1	26721	443195641
scaff_group011	NW_020131577.1	26719	443222360
scaff_group011	NW_020131578.1	26703	443249063
scaff_group011	NW_020131579.1	41162	443290225
scaff_group011	NW_020131580.1	26678	443316903
scaff_group011	NW_020131581.1	26673	443343576
scaff_group011	NW_020131582.1	26668	443370244
scaff_group011	NW_020131583.1	26650	443396894
scaff_group011	NW_020131584.1	29271	443426165
scaff_group011	NW_020131585.1	26635	443452800
scaff_group011	NW_020131586.1	26619	443479419
scaff_group011	NW_020131587.1	27754	443507173
scaff_group011	NW_020131588.1	28912	443536085
scaff_group011	NW_020131589.1	57686	443593771
scaff_group011	NW_020131590.1	26553	443620324
scaff_group011	NW_020131591.1	26551	443646875
scaff_group011	NW_020131592.1	26539	443673414
scaff_group011	NW_020131593.1	45495	443718909
scaff_group011	NW_020131594.1	26528	443745437
scaff_group011	NW_020131595.1	26524	443771961
scaff_group011	NW_020131596.1	34581	443806542
scaff_group011	NW_020131597.1	77558	443884100
scaff_group011	NW_020131598.1	46549	443930649
scaff_group011	NW_020131599.1	26458	443957107
scaff_group011	NW_020131600.1	34756	443991863
scaff_group011	NW_020131601.1	39112	444030975
scaff_group011	NW_020131602.1	26399	444057374
scaff_group011	NW_020131603.1	31694	444089068
scaff_group011	NW_020131604.1	26382	444115450
scaff_group011	NW_020131605.1	42935	444158385
scaff_group011	NW_020131606.1	28184	444186569
scaff_group011	NW_020131607.1	26297	444212866
scaff_group011	NW_020131608.1	43994	444256860
scaff_group011	NW_020131609.1	57133	444313993
scaff_group011	NW_020131610.1	26270	444340263
scaff_group011	NW_020131611.1	84268	444424531
scaff_group011	NW_020131612.1	44658	444469189
scaff_group011	NW_020131613.1	46184	444515373
scaff_group011	NW_020131614.1	26190	444541563
scaff_group011	NW_020131615.1	26167	444567730
scaff_group011	NW_020131616.1	31360	444599090
scaff_group011	NW_020131617.1	58484	444657574
scaff_group011	NW_020131618.1	36363	444693937
scaff_group011	NW_020131619.1	36771	444730708
scaff_group011	NW_020131620.1	26074	444756782
scaff_group011	NW_020131621.1	44474	444801256
scaff_group011	NW_020131622.1	26051	444827307
scaff_group011	NW_020131623.1	26006	444853313
scaff_group011	NW_020131624.1	25994	444879307
scaff_group011	NW_020131625.1	34972	444914279
scaff_group011	NW_020131626.1	25946	444940225
scaff_group011	NW_020131627.1	58851	444999076
scaff_group011	NW_020131628.1	25909	445024985
scaff_group011	NW_020131629.1	41788	445066773
scaff_group011	NW_020131630.1	56517	445123290
scaff_group011	NW_020131631.1	25835	445149125
scaff_group011	NW_020131632.1	25831	445174956
scaff_group011	NW_020131633.1	25817	445200773
scaff_group011	NW_020131634.1	60185	445260958
scaff_group011	NW_020131635.1	25807	445286765
scaff_group011	NW_020131636.1	29511	445316276
scaff_group011	NW_020131637.1	32840	445349116
scaff_group011	NW_020131638.1	48076	445397192
scaff_group011	NW_020131639.1	25781	445422973
scaff_group011	NW_020131640.1	25773	445448746
scaff_group011	NW_020131641.1	25770	445474516
scaff_group011	NW_020131642.1	25762	445500278
scaff_group011	NW_020131643.1	28572	445528850
scaff_group011	NW_020131644.1	40724	445569574
scaff_group011	NW_020131645.1	25690	445595264
scaff_group011	NW_020131646.1	25679	445620943
scaff_group011	NW_020131647.1	25673	445646616
scaff_group011	NW_020131648.1	40933	445687549
scaff_group011	NW_020131649.1	99269	445786818
scaff_group011	NW_020131650.1	52086	445838904
scaff_group011	NW_020131651.1	25646	445864550
scaff_group011	NW_020131652.1	28328	445892878
scaff_group011	NW_020131653.1	73814	445966692
scaff_group011	NW_020131654.1	25610	445992302
scaff_group011	NW_020131655.1	64530	446056832
scaff_group011	NW_020131656.1	112371	446169203
scaff_group011	NW_020131657.1	27059	446196262
scaff_group011	NW_020131658.1	29702	446225964
scaff_group011	NW_020131659.1	25533	446251497
scaff_group011	NW_020131660.1	28950	446280447
scaff_group011	NW_020131661.1	25484	446305931
scaff_group011	NW_020131662.1	25473	446331404
scaff_group011	NW_020131663.1	26580	446357984
scaff_group011	NW_020131664.1	25458	446383442
scaff_group011	NW_020131665.1	42329	446425771
scaff_group011	NW_020131666.1	25420	446451191
scaff_group011	NW_020131667.1	25417	446476608
scaff_group011	NW_020131668.1	48741	446525349
scaff_group011	NW_020131669.1	25387	446550736
scaff_group011	NW_020131670.1	58746	446609482
scaff_group011	NW_020131671.1	55416	446664898
scaff_group011	NW_020131672.1	55879	446720777
scaff_group011	NW_020131673.1	25309	446746086
scaff_group011	NW_020131674.1	37692	446783778
scaff_group011	NW_020131675.1	25302	446809080
scaff_group011	NW_020131676.1	25275	446834355
scaff_group011	NW_020131677.1	25274	446859629
scaff_group011	NW_020131678.1	25249	446884878
scaff_group011	NW_020131679.1	56768	446941646
scaff_group011	NW_020131680.1	30587	446972233
scaff_group011	NW_020131681.1	40889	447013122
scaff_group011	NW_020131682.1	25223	447038345
scaff_group011	NW_020131683.1	35472	447073817
scaff_group011	NW_020131684.1	25187	447099004
scaff_group011	NW_020131685.1	37621	447136625
scaff_group011	NW_020131686.1	25170	447161795
scaff_group011	NW_020131687.1	25158	447186953
scaff_group011	NW_020131688.1	47119	447234072
scaff_group011	NW_020131689.1	25149	447259221
scaff_group011	NW_020131690.1	25097	447284318
scaff_group011	NW_020131691.1	46849	447331167
scaff_group011	NW_020131692.1	36148	447367315
scaff_group011	NW_020131693.1	25074	447392389
scaff_group011	NW_020131694.1	25064	447417453
scaff_group011	NW_020131695.1	25028	447442481
scaff_group011	NW_020131696.1	28645	447471126
scaff_group011	NW_020131697.1	34252	447505378
scaff_group011	NW_020131698.1	25000	447530378
scaff_group011	NW_020131699.1	31935	447562313
scaff_group011	NW_020131700.1	24980	447587293
scaff_group011	NW_020131701.1	24979	447612272
scaff_group011	NW_020131702.1	24972	447637244
scaff_group011	NW_020131703.1	24958	447662202
scaff_group011	NW_020131704.1	24957	447687159
scaff_group011	NW_020131705.1	51348	447738507
scaff_group011	NW_020131706.1	24946	447763453
scaff_group011	NW_020131707.1	24937	447788390
scaff_group011	NW_020131708.1	24925	447813315
scaff_group011	NW_020131709.1	28511	447841826
scaff_group011	NW_020131710.1	24920	447866746
scaff_group011	NW_020131711.1	24904	447891650
scaff_group011	NW_020131712.1	105962	447997612
scaff_group011	NW_020131713.1	24880	448022492
scaff_group011	NW_020131714.1	24860	448047352
scaff_group011	NW_020131715.1	24844	448072196
scaff_group011	NW_020131716.1	40978	448113174
scaff_group011	NW_020131717.1	58339	448171513
scaff_group011	NW_020131718.1	31867	448203380
scaff_group011	NW_020131719.1	46962	448250342
scaff_group011	NW_020131720.1	69836	448320178
scaff_group011	NW_020131721.1	55830	448376008
scaff_group011	NW_020131722.1	24792	448400800
scaff_group011	NW_020131723.1	24787	448425587
scaff_group011	NW_020131724.1	24781	448450368
scaff_group011	NW_020131725.1	40476	448490844
scaff_group011	NW_020131726.1	24735	448515579
scaff_group011	NW_020131727.1	24730	448540309
scaff_group011	NW_020131728.1	24676	448564985
scaff_group011	NW_020131729.1	24675	448589660
scaff_group011	NW_020131730.1	24665	448614325
scaff_group011	NW_020131731.1	24661	448638986
scaff_group011	NW_020131732.1	24659	448663645
scaff_group011	NW_020131733.1	24650	448688295
scaff_group011	NW_020131734.1	44340	448732635
scaff_group011	NW_020131735.1	31412	448764047
scaff_group011	NW_020131736.1	24583	448788630
scaff_group011	NW_020131737.1	24577	448813207
scaff_group011	NW_020131738.1	53909	448867116
scaff_group011	NW_020131739.1	24571	448891687
scaff_group011	NW_020131740.1	24559	448916246
scaff_group011	NW_020131741.1	24543	448940789
scaff_group011	NW_020131742.1	24485	448965274
scaff_group011	NW_020131743.1	24474	448989748
scaff_group011	NW_020131744.1	45113	449034861
scaff_group011	NW_020131745.1	24458	449059319
scaff_group011	NW_020131746.1	61036	449120355
scaff_group011	NW_020131747.1	24385	449144740
scaff_group011	NW_020131748.1	52670	449197410
scaff_group011	NW_020131749.1	24325	449221735
scaff_group011	NW_020131750.1	47944	449269679
scaff_group011	NW_020131751.1	24314	449293993
scaff_group011	NW_020131752.1	24275	449318268
scaff_group011	NW_020131753.1	24271	449342539
scaff_group011	NW_020131754.1	68526	449411065
scaff_group011	NW_020131755.1	24265	449435330
scaff_group011	NW_020131756.1	24244	449459574
scaff_group011	NW_020131757.1	24244	449483818
scaff_group011	NW_020131758.1	25486	449509304
scaff_group011	NW_020131759.1	24228	449533532
scaff_group011	NW_020131760.1	24202	449557734
scaff_group011	NW_020131761.1	24199	449581933
scaff_group011	NW_020131762.1	24199	449606132
scaff_group011	NW_020131763.1	24174	449630306
scaff_group011	NW_020131764.1	24124	449654430
scaff_group011	NW_020131765.1	24111	449678541
scaff_group011	NW_020131766.1	24101	449702642
scaff_group011	NW_020131767.1	24098	449726740
scaff_group011	NW_020131768.1	30567	449757307
scaff_group011	NW_020131769.1	24073	449781380
scaff_group011	NW_020131770.1	33698	449815078
scaff_group011	NW_020131771.1	27230	449842308
scaff_group011	NW_020131772.1	24047	449866355
scaff_group011	NW_020131773.1	24035	449890390
scaff_group011	NW_020131774.1	70951	449961341
scaff_group011	NW_020131775.1	24023	449985364
scaff_group011	NW_020131776.1	27709	450013073
scaff_group011	NW_020131777.1	44328	450057401
scaff_group011	NW_020131778.1	24011	450081412
scaff_group011	NW_020131779.1	23999	450105411
scaff_group011	NW_020131780.1	23993	450129404
scaff_group011	NW_020131781.1	107114	450236518
scaff_group011	NW_020131782.1	45479	450281997
scaff_group011	NW_020131783.1	40384	450322381
scaff_group011	NW_020131784.1	23972	450346353
scaff_group011	NW_020131785.1	56282	450402635
scaff_group011	NW_020131786.1	23937	450426572
scaff_group011	NW_020131787.1	47593	450474165
scaff_group011	NW_020131788.1	56133	450530298
scaff_group011	NW_020131789.1	23903	450554201
scaff_group011	NW_020131790.1	32059	450586260
scaff_group011	NW_020131791.1	23883	450610143
scaff_group011	NW_020131792.1	34888	450645031
scaff_group011	NW_020131793.1	23873	450668904
scaff_group011	NW_020131794.1	23871	450692775
scaff_group011	NW_020131795.1	23863	450716638
scaff_group011	NW_020131796.1	42649	450759287
scaff_group011	NW_020131797.1	23847	450783134
scaff_group011	NW_020131798.1	23842	450806976
scaff_group011	NW_020131799.1	43291	450850267
scaff_group011	NW_020131800.1	23832	450874099
scaff_group011	NW_020131801.1	76842	450950941
scaff_group011	NW_020131802.1	23817	450974758
scaff_group011	NW_020131803.1	23806	450998564
scaff_group011	NW_020131804.1	40980	451039544
scaff_group011	NW_020131805.1	23797	451063341
scaff_group011	NW_020131806.1	23763	451087104
scaff_group011	NW_020131807.1	23750	451110854
scaff_group011	NW_020131808.1	23737	451134591
scaff_group011	NW_020131809.1	23736	451158327
scaff_group011	NW_020131810.1	23733	451182060
scaff_group011	NW_020131811.1	23720	451205780
scaff_group011	NW_020131812.1	35047	451240827
scaff_group011	NW_020131813.1	23689	451264516
scaff_group011	NW_020131814.1	23654	451288170
scaff_group011	NW_020131815.1	23646	451311816
scaff_group011	NW_020131816.1	44653	451356469
scaff_group011	NW_020131817.1	23618	451380087
scaff_group011	NW_020131818.1	31068	451411155
scaff_group011	NW_020131819.1	23612	451434767
scaff_group011	NW_020131820.1	23612	451458379
scaff_group011	NW_020131821.1	59729	451518108
scaff_group011	NW_020131822.1	23590	451541698
scaff_group011	NW_020131823.1	23577	451565275
scaff_group011	NW_020131824.1	23565	451588840
scaff_group011	NW_020131825.1	34529	451623369
scaff_group011	NW_020131826.1	23555	451646924
scaff_group011	NW_020131827.1	52793	451699717
scaff_group011	NW_020131828.1	54750	451754467
scaff_group011	NW_020131829.1	23519	451777986
scaff_group011	NW_020131830.1	23508	451801494
scaff_group011	NW_020131831.1	40190	451841684
scaff_group011	NW_020131832.1	23433	451865117
scaff_group011	NW_020131833.1	23400	451888517
scaff_group011	NW_020131834.1	48612	451937129
scaff_group011	NW_020131835.1	23371	451960500
scaff_group011	NW_020131836.1	48003	452008503
scaff_group011	NW_020131837.1	23360	452031863
scaff_group011	NW_020131838.1	37429	452069292
scaff_group011	NW_020131839.1	23353	452092645
scaff_group011	NW_020131840.1	23346	452115991
scaff_group011	NW_020131841.1	23335	452139326
scaff_group011	NW_020131842.1	23332	452162658
scaff_group011	NW_020131843.1	31743	452194401
scaff_group011	NW_020131844.1	23332	452217733
scaff_group011	NW_020131845.1	23298	452241031
scaff_group011	NW_020131846.1	23298	452264329
scaff_group011	NW_020131847.1	78436	452342765
scaff_group011	NW_020131848.1	23237	452366002
scaff_group011	NW_020131849.1	32406	452398408
scaff_group011	NW_020131850.1	41109	452439517
scaff_group011	NW_020131851.1	41704	452481221
scaff_group011	NW_020131852.1	44203	452525424
scaff_group011	NW_020131853.1	23120	452548544
scaff_group011	NW_020131854.1	23113	452571657
scaff_group011	NW_020131855.1	23111	452594768
scaff_group011	NW_020131856.1	23108	452617876
scaff_group011	NW_020131857.1	23104	452640980
scaff_group011	NW_020131858.1	23098	452664078
scaff_group011	NW_020131859.1	23090	452687168
scaff_group011	NW_020131860.1	61067	452748235
scaff_group011	NW_020131861.1	23066	452771301
scaff_group011	NW_020131862.1	46269	452817570
scaff_group011	NW_020131863.1	23049	452840619
scaff_group011	NW_020131864.1	23021	452863640
scaff_group011	NW_020131865.1	23012	452886652
scaff_group011	NW_020131866.1	23006	452909658
scaff_group011	NW_020131867.1	31480	452941138
scaff_group011	NW_020131868.1	22998	452964136
scaff_group011	NW_020131869.1	22975	452987111
scaff_group011	NW_020131870.1	33685	453020796
scaff_group011	NW_020131871.1	22944	453043740
scaff_group011	NW_020131872.1	22935	453066675
scaff_group011	NW_020131873.1	48747	453115422
scaff_group011	NW_020131874.1	35584	453151006
scaff_group011	NW_020131875.1	38770	453189776
scaff_group011	NW_020131876.1	54140	453243916
scaff_group011	NW_020131877.1	61618	453305534
scaff_group011	NW_020131878.1	22852	453328386
scaff_group011	NW_020131879.1	31446	453359832
scaff_group011	NW_020131880.1	22801	453382633
scaff_group011	NW_020131881.1	36943	453419576
scaff_group011	NW_020131882.1	22767	453442343
scaff_group011	NW_020131883.1	22735	453465078
scaff_group011	NW_020131884.1	22723	453487801
scaff_group011	NW_020131885.1	22702	453510503
scaff_group011	NW_020131886.1	22686	453533189
scaff_group011	NW_020131887.1	22685	453555874
scaff_group011	NW_020131888.1	22680	453578554
scaff_group011	NW_020131889.1	22670	453601224
scaff_group011	NW_020131890.1	22655	453623879
scaff_group011	NW_020131891.1	22655	453646534
scaff_group011	NW_020131892.1	27076	453673610
scaff_group011	NW_020131893.1	22654	453696264
scaff_group011	NW_020131894.1	65641	453761905
scaff_group011	NW_020131895.1	31061	453792966
scaff_group011	NW_020131896.1	22621	453815587
scaff_group011	NW_020131897.1	25610	453841197
scaff_group011	NW_020131898.1	22619	453863816
scaff_group011	NW_020131899.1	54498	453918314
scaff_group011	NW_020131900.1	22603	453940917
scaff_group011	NW_020131901.1	22585	453963502
scaff_group011	NW_020131902.1	22573	453986075
scaff_group011	NW_020131903.1	41679	454027754
scaff_group011	NW_020131904.1	148008	454175762
scaff_group011	NW_020131905.1	39334	454215096
scaff_group011	NW_020131906.1	22514	454237610
scaff_group011	NW_020131907.1	31025	454268635
scaff_group011	NW_020131908.1	36720	454305355
scaff_group011	NW_020131909.1	22475	454327830
scaff_group011	NW_020131910.1	40097	454367927
scaff_group011	NW_020131911.1	53685	454421612
scaff_group011	NW_020131912.1	24590	454446202
scaff_group011	NW_020131913.1	49838	454496040
scaff_group011	NW_020131914.1	45839	454541879
scaff_group011	NW_020131915.1	22409	454564288
scaff_group011	NW_020131916.1	22406	454586694
scaff_group011	NW_020131917.1	22400	454609094
scaff_group011	NW_020131918.1	22399	454631493
scaff_group011	NW_020131919.1	22377	454653870
scaff_group011	NW_020131920.1	22373	454676243
scaff_group011	NW_020131921.1	22360	454698603
scaff_group011	NW_020131922.1	22317	454720920
scaff_group011	NW_020131923.1	22311	454743231
scaff_group011	NW_020131924.1	22294	454765525
scaff_group011	NW_020131925.1	22278	454787803
scaff_group011	NW_020131926.1	22273	454810076
scaff_group011	NW_020131927.1	22264	454832340
scaff_group011	NW_020131928.1	22260	454854600
scaff_group011	NW_020131929.1	50605	454905205
scaff_group011	NW_020131930.1	22238	454927443
scaff_group011	NW_020131931.1	26236	454953679
scaff_group011	NW_020131932.1	22193	454975872
scaff_group011	NW_020131933.1	33217	455009089
scaff_group011	NW_020131934.1	26047	455035136
scaff_group011	NW_020131935.1	44488	455079624
scaff_group011	NW_020131936.1	22155	455101779
scaff_group011	NW_020131937.1	22149	455123928
scaff_group011	NW_020131938.1	46714	455170642
scaff_group011	NW_020131939.1	22107	455192749
scaff_group011	NW_020131940.1	35622	455228371
scaff_group011	NW_020131941.1	30157	455258528
scaff_group011	NW_020131942.1	22090	455280618
scaff_group011	NW_020131943.1	22085	455302703
scaff_group011	NW_020131944.1	54747	455357450
scaff_group011	NW_020131945.1	22069	455379519
scaff_group011	NW_020131946.1	23928	455403447
scaff_group011	NW_020131947.1	83335	455486782
scaff_group011	NW_020131948.1	22003	455508785
scaff_group011	NW_020131949.1	28778	455537563
scaff_group011	NW_020131950.1	21960	455559523
scaff_group011	NW_020131951.1	21955	455581478
scaff_group011	NW_020131952.1	33919	455615397
scaff_group011	NW_020131953.1	21929	455637326
scaff_group011	NW_020131954.1	21921	455659247
scaff_group011	NW_020131955.1	30505	455689752
scaff_group011	NW_020131956.1	38487	455728239
scaff_group011	NW_020131957.1	29536	455757775
scaff_group011	NW_020131958.1	36670	455794445
scaff_group011	NW_020131959.1	21869	455816314
scaff_group011	NW_020131960.1	21867	455838181
scaff_group011	NW_020131961.1	36302	455874483
scaff_group011	NW_020131962.1	32942	455907425
scaff_group011	NW_020131963.1	49578	455957003
scaff_group011	NW_020131964.1	21819	455978822
scaff_group011	NW_020131965.1	21799	456000621
scaff_group011	NW_020131966.1	26350	456026971
scaff_group011	NW_020131967.1	21780	456048751
scaff_group011	NW_020131968.1	28540	456077291
scaff_group011	NW_020131969.1	21768	456099059
scaff_group011	NW_020131970.1	21761	456120820
scaff_group011	NW_020131971.1	21735	456142555
scaff_group011	NW_020131972.1	21735	456164290
scaff_group011	NW_020131973.1	21729	456186019
scaff_group011	NW_020131974.1	21728	456207747
scaff_group011	NW_020131975.1	33877	456241624
scaff_group011	NW_020131976.1	32087	456273711
scaff_group011	NW_020131977.1	46555	456320266
scaff_group011	NW_020131978.1	74264	456394530
scaff_group011	NW_020131979.1	21691	456416221
scaff_group011	NW_020131980.1	21686	456437907
scaff_group011	NW_020131981.1	21673	456459580
scaff_group011	NW_020131982.1	21669	456481249
scaff_group011	NW_020131983.1	21665	456502914
scaff_group011	NW_020131984.1	21658	456524572
scaff_group011	NW_020131985.1	23681	456548253
scaff_group011	NW_020131986.1	21650	456569903
scaff_group011	NW_020131987.1	21633	456591536
scaff_group011	NW_020131988.1	30852	456622388
scaff_group011	NW_020131989.1	30098	456652486
scaff_group011	NW_020131990.1	21576	456674062
scaff_group011	NW_020131991.1	31920	456705982
scaff_group011	NW_020131992.1	72925	456778907
scaff_group011	NW_020131993.1	21558	456800465
scaff_group011	NW_020131994.1	21557	456822022
scaff_group011	NW_020131995.1	21543	456843565
scaff_group011	NW_020131996.1	21538	456865103
scaff_group011	NW_020131997.1	32826	456897929
scaff_group011	NW_020131998.1	21488	456919417
scaff_group011	NW_020131999.1	53536	456972953
scaff_group011	NW_020132000.1	21448	456994401
scaff_group011	NW_020132001.1	21440	457015841
scaff_group011	NW_020132002.1	21423	457037264
scaff_group011	NW_020132003.1	21411	457058675
scaff_group011	NW_020132004.1	21411	457080086
scaff_group011	NW_020132005.1	21368	457101454
scaff_group011	NW_020132006.1	21356	457122810
scaff_group011	NW_020132007.1	35880	457158690
scaff_group011	NW_020132008.1	52766	457211456
scaff_group011	NW_020132009.1	32024	457243480
scaff_group011	NW_020132010.1	21288	457264768
scaff_group011	NW_020132011.1	34802	457299570
scaff_group011	NW_020132012.1	60484	457360054
scaff_group011	NW_020132013.1	46016	457406070
scaff_group011	NW_020132014.1	21239	457427309
scaff_group011	NW_020132015.1	34405	457461714
scaff_group011	NW_020132016.1	21237	457482951
scaff_group011	NW_020132017.1	39361	457522312
scaff_group011	NW_020132018.1	21232	457543544
scaff_group011	NW_020132019.1	44151	457587695
scaff_group011	NW_020132020.1	21194	457608889
scaff_group011	NW_020132021.1	32230	457641119
scaff_group011	NW_020132022.1	50899	457692018
scaff_group011	NW_020132023.1	21164	457713182
scaff_group011	NW_020132024.1	21153	457734335
scaff_group011	NW_020132025.1	21112	457755447
scaff_group011	NW_020132026.1	61380	457816827
scaff_group011	NW_020132027.1	21105	457837932
scaff_group011	NW_020132028.1	21101	457859033
scaff_group011	NW_020132029.1	21059	457880092
scaff_group011	NW_020132030.1	21041	457901133
scaff_group011	NW_020132031.1	36316	457937449
scaff_group011	NW_020132032.1	21014	457958463
scaff_group011	NW_020132033.1	21012	457979475
scaff_group011	NW_020132034.1	21010	458000485
scaff_group011	NW_020132035.1	21000	458021485
scaff_group011	NW_020132036.1	26459	458047944
scaff_group011	NW_020132037.1	20983	458068927
scaff_group011	NW_020132038.1	20960	458089887
scaff_group011	NW_020132039.1	20948	458110835
scaff_group011	NW_020132040.1	46033	458156868
scaff_group011	NW_020132041.1	49949	458206817
scaff_group011	NW_020132042.1	27122	458233939
scaff_group011	NW_020132043.1	20865	458254804
scaff_group011	NW_020132044.1	91149	458345953
scaff_group011	NW_020132045.1	20853	458366806
scaff_group011	NW_020132046.1	20847	458387653
scaff_group011	NW_020132047.1	20831	458408484
scaff_group011	NW_020132048.1	32886	458441370
scaff_group011	NW_020132049.1	20799	458462169
scaff_group011	NW_020132050.1	20773	458482942
scaff_group011	NW_020132051.1	20763	458503705
scaff_group011	NW_020132052.1	39580	458543285
scaff_group011	NW_020132053.1	20751	458564036
scaff_group011	NW_020132054.1	28711	458592747
scaff_group011	NW_020132055.1	55329	458648076
scaff_group011	NW_020132056.1	20694	458668770
scaff_group011	NW_020132057.1	20684	458689454
scaff_group011	NW_020132058.1	39557	458729011
scaff_group011	NW_020132059.1	20675	458749686
scaff_group011	NW_020132060.1	20644	458770330
scaff_group011	NW_020132061.1	20636	458790966
scaff_group011	NW_020132062.1	20627	458811593
scaff_group011	NW_020132063.1	25076	458836669
scaff_group011	NW_020132064.1	20600	458857269
scaff_group011	NW_020132065.1	20590	458877859
scaff_group011	NW_020132066.1	20568	458898427
scaff_group011	NW_020132067.1	29433	458927860
scaff_group011	NW_020132068.1	39863	458967723
scaff_group011	NW_020132069.1	31210	458998933
scaff_group011	NW_020132070.1	20535	459019468
scaff_group011	NW_020132071.1	20523	459039991
scaff_group011	NW_020132072.1	20519	459060510
scaff_group011	NW_020132073.1	20506	459081016
scaff_group011	NW_020132074.1	25586	459106602
scaff_group011	NW_020132075.1	20492	459127094
scaff_group011	NW_020132076.1	20479	459147573
scaff_group011	NW_020132077.1	20468	459168041
scaff_group011	NW_020132078.1	20462	459188503
scaff_group011	NW_020132079.1	38295	459226798
scaff_group011	NW_020132080.1	20435	459247233
scaff_group011	NW_020132081.1	20418	459267651
scaff_group011	NW_020132082.1	23495	459291146
scaff_group011	NW_020132083.1	20406	459311552
scaff_group011	NW_020132084.1	34067	459345619
scaff_group011	NW_020132085.1	41003	459386622
scaff_group011	NW_020132086.1	20364	459406986
scaff_group011	NW_020132087.1	20364	459427350
scaff_group011	NW_020132088.1	20354	459447704
scaff_group011	NW_020132089.1	20349	459468053
scaff_group011	NW_020132090.1	23103	459491156
scaff_group011	NW_020132091.1	27445	459518601
scaff_group011	NW_020132092.1	20339	459538940
scaff_group011	NW_020132093.1	89715	459628655
scaff_group011	NW_020132094.1	53613	459682268
scaff_group011	NW_020132095.1	20310	459702578
scaff_group011	NW_020132096.1	20301	459722879
scaff_group011	NW_020132097.1	20294	459743173
scaff_group011	NW_020132098.1	60841	459804014
scaff_group011	NW_020132099.1	20261	459824275
scaff_group011	NW_020132100.1	20258	459844533
scaff_group011	NW_020132101.1	40493	459885026
scaff_group011	NW_020132102.1	35894	459920920
scaff_group011	NW_020132103.1	20233	459941153
scaff_group012	NW_020132104.1	40126	459981279
scaff_group012	NW_020132105.1	36677	460017956
scaff_group012	NW_020132106.1	23220	460041176
scaff_group012	NW_020132107.1	20165	460061341
scaff_group012	NW_020132108.1	20161	460081502
scaff_group012	NW_020132109.1	20139	460101641
scaff_group012	NW_020132110.1	32717	460134358
scaff_group012	NW_020132111.1	31815	460166173
scaff_group012	NW_020132112.1	20098	460186271
scaff_group012	NW_020132113.1	29888	460216159
scaff_group012	NW_020132114.1	20096	460236255
scaff_group012	NW_020132115.1	20082	460256337
scaff_group012	NW_020132116.1	20076	460276413
scaff_group012	NW_020132117.1	33357	460309770
scaff_group012	NW_020132118.1	20068	460329838
scaff_group012	NW_020132119.1	20067	460349905
scaff_group012	NW_020132120.1	28239	460378144
scaff_group012	NW_020132121.1	36334	460414478
scaff_group012	NW_020132122.1	20013	460434491
scaff_group012	NW_020132123.1	30040	460464531
scaff_group012	NW_020132124.1	33909	460498440
scaff_group012	NW_020132125.1	19987	460518427
scaff_group012	NW_020132126.1	28671	460547098
scaff_group012	NW_020132127.1	19944	460567042
scaff_group012	NW_020132128.1	40972	460608014
scaff_group012	NW_020132129.1	19930	460627944
scaff_group012	NW_020132130.1	19928	460647872
scaff_group012	NW_020132131.1	19921	460667793
scaff_group012	NW_020132132.1	19911	460687704
scaff_group012	NW_020132133.1	19907	460707611
scaff_group012	NW_020132134.1	19878	460727489
scaff_group012	NW_020132135.1	19866	460747355
scaff_group012	NW_020132136.1	47303	460794658
scaff_group012	NW_020132137.1	19826	460814484
scaff_group012	NW_020132138.1	19817	460834301
scaff_group012	NW_020132139.1	19789	460854090
scaff_group012	NW_020132140.1	19788	460873878
scaff_group012	NW_020132141.1	19779	460893657
scaff_group012	NW_020132142.1	80208	460973865
scaff_group012	NW_020132143.1	19743	460993608
scaff_group012	NW_020132144.1	19731	461013339
scaff_group012	NW_020132145.1	19685	461033024
scaff_group012	NW_020132146.1	19682	461052706
scaff_group012	NW_020132147.1	19679	461072385
scaff_group012	NW_020132148.1	19670	461092055
scaff_group012	NW_020132149.1	19663	461111718
scaff_group012	NW_020132150.1	19658	461131376
scaff_group012	NW_020132151.1	25539	461156915
scaff_group012	NW_020132152.1	39729	461196644
scaff_group012	NW_020132153.1	37234	461233878
scaff_group012	NW_020132154.1	19604	461253482
scaff_group012	NW_020132155.1	19596	461273078
scaff_group012	NW_020132156.1	19591	461292669
scaff_group012	NW_020132157.1	19572	461312241
scaff_group012	NW_020132158.1	19534	461331775
scaff_group012	NW_020132159.1	19528	461351303
scaff_group012	NW_020132160.1	19528	461370831
scaff_group012	NW_020132161.1	19527	461390358
scaff_group012	NW_020132162.1	19526	461409884
scaff_group012	NW_020132163.1	19508	461429392
scaff_group012	NW_020132164.1	19502	461448894
scaff_group012	NW_020132165.1	19474	461468368
scaff_group012	NW_020132166.1	19473	461487841
scaff_group012	NW_020132167.1	19465	461507306
scaff_group012	NW_020132168.1	19427	461526733
scaff_group012	NW_020132169.1	51876	461578609
scaff_group012	NW_020132170.1	19413	461598022
scaff_group012	NW_020132171.1	19412	461617434
scaff_group012	NW_020132172.1	19398	461636832
scaff_group012	NW_020132173.1	19396	461656228
scaff_group012	NW_020132174.1	19396	461675624
scaff_group012	NW_020132175.1	19392	461695016
scaff_group012	NW_020132176.1	24465	461719481
scaff_group012	NW_020132177.1	19383	461738864
scaff_group012	NW_020132178.1	22562	461761426
scaff_group012	NW_020132179.1	19363	461780789
scaff_group012	NW_020132180.1	19333	461800122
scaff_group012	NW_020132181.1	19318	461819440
scaff_group012	NW_020132182.1	19318	461838758
scaff_group012	NW_020132183.1	19317	461858075
scaff_group012	NW_020132184.1	38596	461896671
scaff_group012	NW_020132185.1	19296	461915967
scaff_group012	NW_020132186.1	41880	461957847
scaff_group012	NW_020132187.1	36033	461993880
scaff_group012	NW_020132188.1	52447	462046327
scaff_group012	NW_020132189.1	19261	462065588
scaff_group012	NW_020132190.1	19233	462084821
scaff_group012	NW_020132191.1	19232	462104053
scaff_group012	NW_020132192.1	22964	462127017
scaff_group012	NW_020132193.1	23401	462150418
scaff_group012	NW_020132194.1	25625	462176043
scaff_group012	NW_020132195.1	19202	462195245
scaff_group012	NW_020132196.1	19159	462214404
scaff_group012	NW_020132197.1	19140	462233544
scaff_group012	NW_020132198.1	19130	462252674
scaff_group012	NW_020132199.1	25636	462278310
scaff_group012	NW_020132200.1	19076	462297386
scaff_group012	NW_020132201.1	19054	462316440
scaff_group012	NW_020132202.1	19030	462335470
scaff_group012	NW_020132203.1	19030	462354500
scaff_group012	NW_020132204.1	19012	462373512
scaff_group012	NW_020132205.1	238958	462612470
scaff_group012	NW_020132206.1	18997	462631467
scaff_group012	NW_020132207.1	18982	462650449
scaff_group012	NW_020132208.1	18956	462669405
scaff_group012	NW_020132209.1	18928	462688333
scaff_group012	NW_020132210.1	34948	462723281
scaff_group012	NW_020132211.1	56867	462780148
scaff_group012	NW_020132212.1	18869	462799017
scaff_group012	NW_020132213.1	27932	462826949
scaff_group012	NW_020132214.1	18833	462845782
scaff_group012	NW_020132215.1	18832	462864614
scaff_group012	NW_020132216.1	18815	462883429
scaff_group012	NW_020132217.1	39749	462923178
scaff_group012	NW_020132218.1	18806	462941984
scaff_group012	NW_020132219.1	35525	462977509
scaff_group012	NW_020132220.1	27101	463004610
scaff_group012	NW_020132221.1	28994	463033604
scaff_group012	NW_020132222.1	18726	463052330
scaff_group012	NW_020132223.1	18718	463071048
scaff_group012	NW_020132224.1	31545	463102593
scaff_group012	NW_020132225.1	18675	463121268
scaff_group012	NW_020132226.1	23496	463144764
scaff_group012	NW_020132227.1	38089	463182853
scaff_group012	NW_020132228.1	27162	463210015
scaff_group012	NW_020132229.1	18638	463228653
scaff_group012	NW_020132230.1	18629	463247282
scaff_group012	NW_020132231.1	18629	463265911
scaff_group012	NW_020132232.1	18605	463284516
scaff_group012	NW_020132233.1	39509	463324025
scaff_group012	NW_020132234.1	18594	463342619
scaff_group012	NW_020132235.1	43127	463385746
scaff_group012	NW_020132236.1	32105	463417851
scaff_group012	NW_020132237.1	18564	463436415
scaff_group012	NW_020132238.1	18556	463454971
scaff_group012	NW_020132239.1	23860	463478831
scaff_group012	NW_020132240.1	18535	463497366
scaff_group012	NW_020132241.1	18527	463515893
scaff_group012	NW_020132242.1	18511	463534404
scaff_group012	NW_020132243.1	18483	463552887
scaff_group012	NW_020132244.1	18482	463571369
scaff_group012	NW_020132245.1	18481	463589850
scaff_group012	NW_020132246.1	26666	463616516
scaff_group012	NW_020132247.1	18463	463634979
scaff_group012	NW_020132248.1	18460	463653439
scaff_group012	NW_020132249.1	18456	463671895
scaff_group012	NW_020132250.1	27663	463699558
scaff_group012	NW_020132251.1	18432	463717990
scaff_group012	NW_020132252.1	18426	463736416
scaff_group012	NW_020132253.1	18426	463754842
scaff_group012	NW_020132254.1	18402	463773244
scaff_group012	NW_020132255.1	32316	463805560
scaff_group012	NW_020132256.1	18392	463823952
scaff_group012	NW_020132257.1	29538	463853490
scaff_group012	NW_020132258.1	18377	463871867
scaff_group012	NW_020132259.1	18366	463890233
scaff_group012	NW_020132260.1	18358	463908591
scaff_group012	NW_020132261.1	18329	463926920
scaff_group012	NW_020132262.1	54295	463981215
scaff_group012	NW_020132263.1	18313	463999528
scaff_group012	NW_020132264.1	18301	464017829
scaff_group012	NW_020132265.1	18263	464036092
scaff_group012	NW_020132266.1	18241	464054333
scaff_group012	NW_020132267.1	18231	464072564
scaff_group012	NW_020132268.1	18227	464090791
scaff_group012	NW_020132269.1	39527	464130318
scaff_group012	NW_020132270.1	18219	464148537
scaff_group012	NW_020132271.1	18206	464166743
scaff_group012	NW_020132272.1	18203	464184946
scaff_group012	NW_020132273.1	18202	464203148
scaff_group012	NW_020132274.1	18163	464221311
scaff_group012	NW_020132275.1	18162	464239473
scaff_group012	NW_020132276.1	29376	464268849
scaff_group012	NW_020132277.1	18137	464286986
scaff_group012	NW_020132278.1	18131	464305117
scaff_group012	NW_020132279.1	62771	464367888
scaff_group012	NW_020132280.1	18119	464386007
scaff_group012	NW_020132281.1	18112	464404119
scaff_group012	NW_020132282.1	21084	464425203
scaff_group012	NW_020132283.1	34460	464459663
scaff_group012	NW_020132284.1	18081	464477744
scaff_group012	NW_020132285.1	18080	464495824
scaff_group012	NW_020132286.1	49026	464544850
scaff_group012	NW_020132287.1	18075	464562925
scaff_group012	NW_020132288.1	18073	464580998
scaff_group012	NW_020132289.1	18063	464599061
scaff_group012	NW_020132290.1	18059	464617120
scaff_group012	NW_020132291.1	18042	464635162
scaff_group012	NW_020132292.1	18028	464653190
scaff_group012	NW_020132293.1	18017	464671207
scaff_group012	NW_020132294.1	17979	464689186
scaff_group012	NW_020132295.1	17979	464707165
scaff_group012	NW_020132296.1	17971	464725136
scaff_group012	NW_020132297.1	25892	464751028
scaff_group012	NW_020132298.1	17942	464768970
scaff_group012	NW_020132299.1	20902	464789872
scaff_group012	NW_020132300.1	35178	464825050
scaff_group012	NW_020132301.1	17912	464842962
scaff_group012	NW_020132302.1	34541	464877503
scaff_group012	NW_020132303.1	17903	464895406
scaff_group012	NW_020132304.1	17902	464913308
scaff_group012	NW_020132305.1	42293	464955601
scaff_group012	NW_020132306.1	17888	464973489
scaff_group012	NW_020132307.1	17876	464991365
scaff_group012	NW_020132308.1	17866	465009231
scaff_group012	NW_020132309.1	17831	465027062
scaff_group012	NW_020132310.1	17830	465044892
scaff_group012	NW_020132311.1	22743	465067635
scaff_group012	NW_020132312.1	17813	465085448
scaff_group012	NW_020132313.1	17809	465103257
scaff_group012	NW_020132314.1	17803	465121060
scaff_group012	NW_020132315.1	36377	465157437
scaff_group012	NW_020132316.1	20427	465177864
scaff_group012	NW_020132317.1	17794	465195658
scaff_group012	NW_020132318.1	17778	465213436
scaff_group012	NW_020132319.1	17777	465231213
scaff_group012	NW_020132320.1	17771	465248984
scaff_group012	NW_020132321.1	17766	465266750
scaff_group012	NW_020132322.1	17764	465284514
scaff_group012	NW_020132323.1	17763	465302277
scaff_group012	NW_020132324.1	17762	465320039
scaff_group012	NW_020132325.1	17748	465337787
scaff_group012	NW_020132326.1	17747	465355534
scaff_group012	NW_020132327.1	17737	465373271
scaff_group012	NW_020132328.1	17726	465390997
scaff_group012	NW_020132329.1	17723	465408720
scaff_group012	NW_020132330.1	17706	465426426
scaff_group012	NW_020132331.1	17699	465444125
scaff_group012	NW_020132332.1	17699	465461824
scaff_group012	NW_020132333.1	17691	465479515
scaff_group012	NW_020132334.1	22946	465502461
scaff_group012	NW_020132335.1	17670	465520131
scaff_group012	NW_020132336.1	17651	465537782
scaff_group012	NW_020132337.1	17649	465555431
scaff_group012	NW_020132338.1	17649	465573080
scaff_group012	NW_020132339.1	27753	465600833
scaff_group012	NW_020132340.1	17627	465618460
scaff_group012	NW_020132341.1	17623	465636083
scaff_group012	NW_020132342.1	17608	465653691
scaff_group012	NW_020132343.1	17547	465671238
scaff_group012	NW_020132344.1	17547	465688785
scaff_group012	NW_020132345.1	17545	465706330
scaff_group012	NW_020132346.1	28266	465734596
scaff_group012	NW_020132347.1	17526	465752122
scaff_group012	NW_020132348.1	17500	465769622
scaff_group012	NW_020132349.1	17494	465787116
scaff_group012	NW_020132350.1	17489	465804605
scaff_group012	NW_020132351.1	17482	465822087
scaff_group012	NW_020132352.1	17472	465839559
scaff_group012	NW_020132353.1	17472	465857031
scaff_group012	NW_020132354.1	17464	465874495
scaff_group012	NW_020132355.1	24339	465898834
scaff_group012	NW_020132356.1	17450	465916284
scaff_group012	NW_020132357.1	33417	465949701
scaff_group012	NW_020132358.1	17447	465967148
scaff_group012	NW_020132359.1	23785	465990933
scaff_group012	NW_020132360.1	29504	466020437
scaff_group012	NW_020132361.1	32194	466052631
scaff_group012	NW_020132362.1	17382	466070013
scaff_group012	NW_020132363.1	17355	466087368
scaff_group012	NW_020132364.1	17328	466104696
scaff_group012	NW_020132365.1	17288	466121984
scaff_group012	NW_020132366.1	32666	466154650
scaff_group012	NW_020132367.1	42040	466196690
scaff_group012	NW_020132368.1	17230	466213920
scaff_group012	NW_020132369.1	24813	466238733
scaff_group012	NW_020132370.1	17213	466255946
scaff_group012	NW_020132371.1	26502	466282448
scaff_group012	NW_020132372.1	17202	466299650
scaff_group012	NW_020132373.1	17190	466316840
scaff_group012	NW_020132374.1	17186	466334026
scaff_group012	NW_020132375.1	17173	466351199
scaff_group012	NW_020132376.1	17167	466368366
scaff_group012	NW_020132377.1	17155	466385521
scaff_group012	NW_020132378.1	17148	466402669
scaff_group012	NW_020132379.1	17142	466419811
scaff_group012	NW_020132380.1	17133	466436944
scaff_group012	NW_020132381.1	17133	466454077
scaff_group012	NW_020132382.1	17110	466471187
scaff_group012	NW_020132383.1	17099	466488286
scaff_group012	NW_020132384.1	31550	466519836
scaff_group012	NW_020132385.1	17068	466536904
scaff_group012	NW_020132386.1	17059	466553963
scaff_group012	NW_020132387.1	17044	466571007
scaff_group012	NW_020132388.1	35873	466606880
scaff_group012	NW_020132389.1	29296	466636176
scaff_group012	NW_020132390.1	16986	466653162
scaff_group012	NW_020132391.1	16985	466670147
scaff_group012	NW_020132392.1	16983	466687130
scaff_group012	NW_020132393.1	16980	466704110
scaff_group012	NW_020132394.1	16962	466721072
scaff_group012	NW_020132395.1	16954	466738026
scaff_group012	NW_020132396.1	16952	466754978
scaff_group012	NW_020132397.1	29520	466784498
scaff_group012	NW_020132398.1	25921	466810419
scaff_group012	NW_020132399.1	16900	466827319
scaff_group012	NW_020132400.1	37181	466864500
scaff_group012	NW_020132401.1	19356	466883856
scaff_group012	NW_020132402.1	43744	466927600
scaff_group012	NW_020132403.1	16887	466944487
scaff_group012	NW_020132404.1	26506	466970993
scaff_group012	NW_020132405.1	16820	466987813
scaff_group012	NW_020132406.1	23445	467011258
scaff_group012	NW_020132407.1	20795	467032053
scaff_group012	NW_020132408.1	16776	467048829
scaff_group012	NW_020132409.1	16766	467065595
scaff_group012	NW_020132410.1	16742	467082337
scaff_group012	NW_020132411.1	16741	467099078
scaff_group012	NW_020132412.1	16736	467115814
scaff_group012	NW_020132413.1	16729	467132543
scaff_group012	NW_020132414.1	16729	467149272
scaff_group012	NW_020132415.1	24841	467174113
scaff_group012	NW_020132416.1	16718	467190831
scaff_group012	NW_020132417.1	16712	467207543
scaff_group012	NW_020132418.1	22335	467229878
scaff_group012	NW_020132419.1	25621	467255499
scaff_group012	NW_020132420.1	20996	467276495
scaff_group012	NW_020132421.1	16646	467293141
scaff_group012	NW_020132422.1	16646	467309787
scaff_group012	NW_020132423.1	16637	467326424
scaff_group012	NW_020132424.1	38057	467364481
scaff_group012	NW_020132425.1	16634	467381115
scaff_group012	NW_020132426.1	16610	467397725
scaff_group012	NW_020132427.1	23296	467421021
scaff_group012	NW_020132428.1	18859	467439880
scaff_group012	NW_020132429.1	16580	467456460
scaff_group012	NW_020132430.1	16580	467473040
scaff_group012	NW_020132431.1	16576	467489616
scaff_group012	NW_020132432.1	16574	467506190
scaff_group012	NW_020132433.1	54506	467560696
scaff_group012	NW_020132434.1	16546	467577242
scaff_group012	NW_020132435.1	25201	467602443
scaff_group012	NW_020132436.1	16515	467618958
scaff_group012	NW_020132437.1	16510	467635468
scaff_group012	NW_020132438.1	16509	467651977
scaff_group012	NW_020132439.1	16449	467668426
scaff_group012	NW_020132440.1	16436	467684862
scaff_group012	NW_020132441.1	16430	467701292
scaff_group012	NW_020132442.1	16428	467717720
scaff_group012	NW_020132443.1	16416	467734136
scaff_group012	NW_020132444.1	32263	467766399
scaff_group012	NW_020132445.1	16403	467782802
scaff_group012	NW_020132446.1	16396	467799198
scaff_group012	NW_020132447.1	16387	467815585
scaff_group012	NW_020132448.1	16381	467831966
scaff_group012	NW_020132449.1	24974	467856940
scaff_group012	NW_020132450.1	34963	467891903
scaff_group012	NW_020132451.1	16347	467908250
scaff_group012	NW_020132452.1	16299	467924549
scaff_group012	NW_020132453.1	16299	467940848
scaff_group012	NW_020132454.1	29103	467969951
scaff_group012	NW_020132455.1	16284	467986235
scaff_group012	NW_020132456.1	16283	468002518
scaff_group012	NW_020132457.1	16270	468018788
scaff_group012	NW_020132458.1	16266	468035054
scaff_group012	NW_020132459.1	16265	468051319
scaff_group012	NW_020132460.1	16265	468067584
scaff_group012	NW_020132461.1	16263	468083847
scaff_group012	NW_020132462.1	16249	468100096
scaff_group012	NW_020132463.1	16243	468116339
scaff_group012	NW_020132464.1	32104	468148443
scaff_group012	NW_020132465.1	16230	468164673
scaff_group012	NW_020132466.1	16229	468180902
scaff_group012	NW_020132467.1	21859	468202761
scaff_group012	NW_020132468.1	68332	468271093
scaff_group012	NW_020132469.1	16195	468287288
scaff_group012	NW_020132470.1	16192	468303480
scaff_group012	NW_020132471.1	16188	468319668
scaff_group012	NW_020132472.1	16185	468335853
scaff_group012	NW_020132473.1	16174	468352027
scaff_group012	NW_020132474.1	16145	468368172
scaff_group012	NW_020132475.1	16140	468384312
scaff_group012	NW_020132476.1	16129	468400441
scaff_group012	NW_020132477.1	18366	468418807
scaff_group012	NW_020132478.1	16116	468434923
scaff_group012	NW_020132479.1	16108	468451031
scaff_group012	NW_020132480.1	16102	468467133
scaff_group012	NW_020132481.1	31548	468498681
scaff_group012	NW_020132482.1	16088	468514769
scaff_group012	NW_020132483.1	16087	468530856
scaff_group012	NW_020132484.1	16079	468546935
scaff_group012	NW_020132485.1	16073	468563008
scaff_group012	NW_020132486.1	47228	468610236
scaff_group012	NW_020132487.1	16065	468626301
scaff_group012	NW_020132488.1	16063	468642364
scaff_group012	NW_020132489.1	16062	468658426
scaff_group012	NW_020132490.1	19569	468677995
scaff_group012	NW_020132491.1	16046	468694041
scaff_group012	NW_020132492.1	69658	468763699
scaff_group012	NW_020132493.1	37324	468801023
scaff_group012	NW_020132494.1	16021	468817044
scaff_group012	NW_020132495.1	24481	468841525
scaff_group012	NW_020132496.1	16019	468857544
scaff_group012	NW_020132497.1	16014	468873558
scaff_group012	NW_020132498.1	16014	468889572
scaff_group012	NW_020132499.1	22518	468912090
scaff_group012	NW_020132500.1	15992	468928082
scaff_group012	NW_020132501.1	15991	468944073
scaff_group012	NW_020132502.1	15982	468960055
scaff_group012	NW_020132503.1	15981	468976036
scaff_group012	NW_020132504.1	39239	469015275
scaff_group012	NW_020132505.1	15979	469031254
scaff_group012	NW_020132506.1	15966	469047220
scaff_group012	NW_020132507.1	15965	469063185
scaff_group012	NW_020132508.1	15961	469079146
scaff_group012	NW_020132509.1	15957	469095103
scaff_group012	NW_020132510.1	15946	469111049
scaff_group012	NW_020132511.1	15945	469126994
scaff_group012	NW_020132512.1	15924	469142918
scaff_group012	NW_020132513.1	15915	469158833
scaff_group012	NW_020132514.1	22609	469181442
scaff_group012	NW_020132515.1	15914	469197356
scaff_group012	NW_020132516.1	23585	469220941
scaff_group012	NW_020132517.1	20771	469241712
scaff_group012	NW_020132518.1	15870	469257582
scaff_group012	NW_020132519.1	15865	469273447
scaff_group012	NW_020132520.1	15860	469289307
scaff_group012	NW_020132521.1	15853	469305160
scaff_group012	NW_020132522.1	25953	469331113
scaff_group012	NW_020132523.1	20164	469351277
scaff_group012	NW_020132524.1	18361	469369638
scaff_group012	NW_020132525.1	15798	469385436
scaff_group012	NW_020132526.1	15790	469401226
scaff_group012	NW_020132527.1	15787	469417013
scaff_group012	NW_020132528.1	15784	469432797
scaff_group012	NW_020132529.1	15777	469448574
scaff_group012	NW_020132530.1	15774	469464348
scaff_group012	NW_020132531.1	15772	469480120
scaff_group012	NW_020132532.1	15755	469495875
scaff_group012	NW_020132533.1	15754	469511629
scaff_group012	NW_020132534.1	15741	469527370
scaff_group012	NW_020132535.1	15733	469543103
scaff_group012	NW_020132536.1	28414	469571517
scaff_group012	NW_020132537.1	15711	469587228
scaff_group012	NW_020132538.1	38526	469625754
scaff_group012	NW_020132539.1	15701	469641455
scaff_group012	NW_020132540.1	28893	469670348
scaff_group012	NW_020132541.1	43768	469714116
scaff_group012	NW_020132542.1	15691	469729807
scaff_group012	NW_020132543.1	15686	469745493
scaff_group012	NW_020132544.1	15684	469761177
scaff_group012	NW_020132545.1	15682	469776859
scaff_group012	NW_020132546.1	15667	469792526
scaff_group012	NW_020132547.1	15665	469808191
scaff_group012	NW_020132548.1	45345	469853536
scaff_group012	NW_020132549.1	15660	469869196
scaff_group012	NW_020132550.1	15648	469884844
scaff_group012	NW_020132551.1	15640	469900484
scaff_group012	NW_020132552.1	15637	469916121
scaff_group012	NW_020132553.1	15632	469931753
scaff_group012	NW_020132554.1	30216	469961969
scaff_group012	NW_020132555.1	31881	469993850
scaff_group012	NW_020132556.1	25086	470018936
scaff_group012	NW_020132557.1	15595	470034531
scaff_group012	NW_020132558.1	15589	470050120
scaff_group012	NW_020132559.1	15586	470065706
scaff_group012	NW_020132560.1	15582	470081288
scaff_group012	NW_020132561.1	24686	470105974
scaff_group012	NW_020132562.1	15570	470121544
scaff_group012	NW_020132563.1	15568	470137112
scaff_group012	NW_020132564.1	15562	470152674
scaff_group012	NW_020132565.1	56137	470208811
scaff_group012	NW_020132566.1	15545	470224356
scaff_group012	NW_020132567.1	15545	470239901
scaff_group012	NW_020132568.1	15541	470255442
scaff_group012	NW_020132569.1	15526	470270968
scaff_group012	NW_020132570.1	22350	470293318
scaff_group012	NW_020132571.1	15517	470308835
scaff_group012	NW_020132572.1	15510	470324345
scaff_group012	NW_020132573.1	15509	470339854
scaff_group012	NW_020132574.1	17127	470356981
scaff_group012	NW_020132575.1	33548	470390529
scaff_group012	NW_020132576.1	21267	470411796
scaff_group012	NW_020132577.1	15430	470427226
scaff_group012	NW_020132578.1	15426	470442652
scaff_group012	NW_020132579.1	29906	470472558
scaff_group012	NW_020132580.1	30074	470502632
scaff_group012	NW_020132581.1	15404	470518036
scaff_group012	NW_020132582.1	15403	470533439
scaff_group012	NW_020132583.1	15401	470548840
scaff_group012	NW_020132584.1	15393	470564233
scaff_group012	NW_020132585.1	15384	470579617
scaff_group012	NW_020132586.1	15373	470594990
scaff_group012	NW_020132587.1	15373	470610363
scaff_group012	NW_020132588.1	15367	470625730
scaff_group012	NW_020132589.1	32152	470657882
scaff_group012	NW_020132590.1	18365	470676247
scaff_group012	NW_020132591.1	15352	470691599
scaff_group012	NW_020132592.1	15344	470706943
scaff_group012	NW_020132593.1	15331	470722274
scaff_group012	NW_020132594.1	15328	470737602
scaff_group012	NW_020132595.1	28642	470766244
scaff_group012	NW_020132596.1	18082	470784326
scaff_group012	NW_020132597.1	15288	470799614
scaff_group012	NW_020132598.1	15287	470814901
scaff_group012	NW_020132599.1	27569	470842470
scaff_group012	NW_020132600.1	15267	470857737
scaff_group012	NW_020132601.1	15267	470873004
scaff_group012	NW_020132602.1	30092	470903096
scaff_group012	NW_020132603.1	15263	470918359
scaff_group012	NW_020132604.1	26968	470945327
scaff_group012	NW_020132605.1	15254	470960581
scaff_group012	NW_020132606.1	56986	471017567
scaff_group012	NW_020132607.1	24798	471042365
scaff_group012	NW_020132608.1	15245	471057610
scaff_group012	NW_020132609.1	15243	471072853
scaff_group012	NW_020132610.1	15240	471088093
scaff_group012	NW_020132611.1	15239	471103332
scaff_group012	NW_020132612.1	15236	471118568
scaff_group012	NW_020132613.1	33281	471151849
scaff_group012	NW_020132614.1	15219	471167068
scaff_group012	NW_020132615.1	15218	471182286
scaff_group012	NW_020132616.1	15216	471197502
scaff_group012	NW_020132617.1	15208	471212710
scaff_group012	NW_020132618.1	15197	471227907
scaff_group012	NW_020132619.1	25598	471253505
scaff_group012	NW_020132620.1	15197	471268702
scaff_group012	NW_020132621.1	15192	471283894
scaff_group012	NW_020132622.1	15188	471299082
scaff_group012	NW_020132623.1	15179	471314261
scaff_group012	NW_020132624.1	15146	471329407
scaff_group012	NW_020132625.1	37467	471366874
scaff_group012	NW_020132626.1	15132	471382006
scaff_group012	NW_020132627.1	15122	471397128
scaff_group012	NW_020132628.1	15110	471412238
scaff_group012	NW_020132629.1	15108	471427346
scaff_group012	NW_020132630.1	15108	471442454
scaff_group012	NW_020132631.1	15087	471457541
scaff_group012	NW_020132632.1	15086	471472627
scaff_group012	NW_020132633.1	15084	471487711
scaff_group012	NW_020132634.1	15084	471502795
scaff_group012	NW_020132635.1	15083	471517878
scaff_group012	NW_020132636.1	15041	471532919
scaff_group012	NW_020132637.1	20878	471553797
scaff_group012	NW_020132638.1	15036	471568833
scaff_group012	NW_020132639.1	15033	471583866
scaff_group012	NW_020132640.1	14986	471598852
scaff_group012	NW_020132641.1	14958	471613810
scaff_group012	NW_020132642.1	27788	471641598
scaff_group012	NW_020132643.1	25810	471667408
scaff_group012	NW_020132644.1	14936	471682344
scaff_group012	NW_020132645.1	18864	471701208
scaff_group012	NW_020132646.1	14902	471716110
scaff_group012	NW_020132647.1	14897	471731007
scaff_group012	NW_020132648.1	14880	471745887
scaff_group012	NW_020132649.1	25236	471771123
scaff_group012	NW_020132650.1	14871	471785994
scaff_group012	NW_020132651.1	29047	471815041
scaff_group012	NW_020132652.1	14853	471829894
scaff_group012	NW_020132653.1	14841	471844735
scaff_group012	NW_020132654.1	35246	471879981
scaff_group012	NW_020132655.1	27301	471907282
scaff_group012	NW_020132656.1	14816	471922098
scaff_group012	NW_020132657.1	14814	471936912
scaff_group012	NW_020132658.1	14810	471951722
scaff_group012	NW_020132659.1	14804	471966526
scaff_group012	NW_020132660.1	25902	471992428
scaff_group012	NW_020132661.1	14788	472007216
scaff_group012	NW_020132662.1	14780	472021996
scaff_group012	NW_020132663.1	14771	472036767
scaff_group012	NW_020132664.1	23076	472059843
scaff_group012	NW_020132665.1	14762	472074605
scaff_group012	NW_020132666.1	34593	472109198
scaff_group012	NW_020132667.1	14755	472123953
scaff_group012	NW_020132668.1	30487	472154440
scaff_group012	NW_020132669.1	33153	472187593
scaff_group012	NW_020132670.1	14729	472202322
scaff_group012	NW_020132671.1	96888	472299210
scaff_group012	NW_020132672.1	14711	472313921
scaff_group012	NW_020132673.1	14709	472328630
scaff_group012	NW_020132674.1	14705	472343335
scaff_group012	NW_020132675.1	32748	472376083
scaff_group012	NW_020132676.1	14702	472390785
scaff_group012	NW_020132677.1	14697	472405482
scaff_group012	NW_020132678.1	29861	472435343
scaff_group012	NW_020132679.1	14677	472450020
scaff_group012	NW_020132680.1	29242	472479262
scaff_group012	NW_020132681.1	14655	472493917
scaff_group012	NW_020132682.1	14653	472508570
scaff_group012	NW_020132683.1	30425	472538995
scaff_group012	NW_020132684.1	43984	472582979
scaff_group012	NW_020132685.1	14626	472597605
scaff_group012	NW_020132686.1	14622	472612227
scaff_group012	NW_020132687.1	14619	472626846
scaff_group012	NW_020132688.1	14615	472641461
scaff_group012	NW_020132689.1	14612	472656073
scaff_group012	NW_020132690.1	32232	472688305
scaff_group012	NW_020132691.1	14589	472702894
scaff_group012	NW_020132692.1	47283	472750177
scaff_group012	NW_020132693.1	14565	472764742
scaff_group012	NW_020132694.1	14564	472779306
scaff_group012	NW_020132695.1	30078	472809384
scaff_group012	NW_020132696.1	14548	472823932
scaff_group012	NW_020132697.1	14547	472838479
scaff_group012	NW_020132698.1	14545	472853024
scaff_group012	NW_020132699.1	14535	472867559
scaff_group012	NW_020132700.1	14521	472882080
scaff_group012	NW_020132701.1	14521	472896601
scaff_group012	NW_020132702.1	18279	472914880
scaff_group012	NW_020132703.1	14514	472929394
scaff_group012	NW_020132704.1	14504	472943898
scaff_group012	NW_020132705.1	19218	472963116
scaff_group012	NW_020132706.1	14478	472977594
scaff_group012	NW_020132707.1	14477	472992071
scaff_group012	NW_020132708.1	14476	473006547
scaff_group012	NW_020132709.1	14461	473021008
scaff_group012	NW_020132710.1	14454	473035462
scaff_group012	NW_020132711.1	14452	473049914
scaff_group012	NW_020132712.1	14448	473064362
scaff_group012	NW_020132713.1	14434	473078796
scaff_group012	NW_020132714.1	14417	473093213
scaff_group012	NW_020132715.1	14416	473107629
scaff_group012	NW_020132716.1	14408	473122037
scaff_group012	NW_020132717.1	79974	473202011
scaff_group012	NW_020132718.1	14395	473216406
scaff_group012	NW_020132719.1	14383	473230789
scaff_group012	NW_020132720.1	14378	473245167
scaff_group012	NW_020132721.1	14367	473259534
scaff_group012	NW_020132722.1	14366	473273900
scaff_group012	NW_020132723.1	14351	473288251
scaff_group012	NW_020132724.1	28758	473317009
scaff_group012	NW_020132725.1	14332	473331341
scaff_group012	NW_020132726.1	14326	473345667
scaff_group012	NW_020132727.1	14305	473359972
scaff_group012	NW_020132728.1	14264	473374236
scaff_group012	NW_020132729.1	14252	473388488
scaff_group012	NW_020132730.1	14251	473402739
scaff_group012	NW_020132731.1	14250	473416989
scaff_group012	NW_020132732.1	14242	473431231
scaff_group012	NW_020132733.1	36933	473468164
scaff_group012	NW_020132734.1	14210	473482374
scaff_group012	NW_020132735.1	14198	473496572
scaff_group012	NW_020132736.1	14192	473510764
scaff_group012	NW_020132737.1	14185	473524949
scaff_group012	NW_020132738.1	14177	473539126
scaff_group012	NW_020132739.1	14169	473553295
scaff_group012	NW_020132740.1	14153	473567448
scaff_group012	NW_020132741.1	17441	473584889
scaff_group012	NW_020132742.1	14132	473599021
scaff_group012	NW_020132743.1	14126	473613147
scaff_group012	NW_020132744.1	22640	473635787
scaff_group012	NW_020132745.1	14111	473649898
scaff_group012	NW_020132746.1	14107	473664005
scaff_group012	NW_020132747.1	14101	473678106
scaff_group012	NW_020132748.1	14077	473692183
scaff_group012	NW_020132749.1	14072	473706255
scaff_group012	NW_020132750.1	14054	473720309
scaff_group012	NW_020132751.1	14051	473734360
scaff_group012	NW_020132752.1	14047	473748407
scaff_group012	NW_020132753.1	14047	473762454
scaff_group012	NW_020132754.1	26490	473788944
scaff_group012	NW_020132755.1	14028	473802972
scaff_group012	NW_020132756.1	16892	473819864
scaff_group012	NW_020132757.1	84612	473904476
scaff_group012	NW_020132758.1	99932	474004408
scaff_group012	NW_020132759.1	14002	474018410
scaff_group012	NW_020132760.1	13996	474032406
scaff_group012	NW_020132761.1	13991	474046397
scaff_group012	NW_020132762.1	13990	474060387
scaff_group012	NW_020132763.1	22550	474082937
scaff_group012	NW_020132764.1	13976	474096913
scaff_group012	NW_020132765.1	13949	474110862
scaff_group012	NW_020132766.1	13948	474124810
scaff_group012	NW_020132767.1	13946	474138756
scaff_group012	NW_020132768.1	25940	474164696
scaff_group012	NW_020132769.1	13922	474178618
scaff_group012	NW_020132770.1	13916	474192534
scaff_group012	NW_020132771.1	13915	474206449
scaff_group012	NW_020132772.1	13910	474220359
scaff_group012	NW_020132773.1	13904	474234263
scaff_group012	NW_020132774.1	13899	474248162
scaff_group012	NW_020132775.1	13893	474262055
scaff_group012	NW_020132776.1	23311	474285366
scaff_group012	NW_020132777.1	13876	474299242
scaff_group012	NW_020132778.1	31048	474330290
scaff_group012	NW_020132779.1	13850	474344140
scaff_group012	NW_020132780.1	13847	474357987
scaff_group012	NW_020132781.1	13839	474371826
scaff_group012	NW_020132782.1	13831	474385657
scaff_group012	NW_020132783.1	16552	474402209
scaff_group012	NW_020132784.1	38610	474440819
scaff_group012	NW_020132785.1	13784	474454603
scaff_group012	NW_020132786.1	13783	474468386
scaff_group012	NW_020132787.1	37650	474506036
scaff_group012	NW_020132788.1	30165	474536201
scaff_group012	NW_020132789.1	13746	474549947
scaff_group012	NW_020132790.1	26697	474576644
scaff_group012	NW_020132791.1	13736	474590380
scaff_group012	NW_020132792.1	13720	474604100
scaff_group012	NW_020132793.1	22018	474626118
scaff_group012	NW_020132794.1	16683	474642801
scaff_group012	NW_020132795.1	13707	474656508
scaff_group012	NW_020132796.1	13701	474670209
scaff_group012	NW_020132797.1	13701	474683910
scaff_group012	NW_020132798.1	43072	474726982
scaff_group012	NW_020132799.1	13675	474740657
scaff_group012	NW_020132800.1	13670	474754327
scaff_group012	NW_020132801.1	13663	474767990
scaff_group012	NW_020132802.1	13656	474781646
scaff_group012	NW_020132803.1	25319	474806965
scaff_group012	NW_020132804.1	13655	474820620
scaff_group012	NW_020132805.1	16788	474837408
scaff_group012	NW_020132806.1	13638	474851046
scaff_group012	NW_020132807.1	13637	474864683
scaff_group012	NW_020132808.1	13617	474878300
scaff_group012	NW_020132809.1	13616	474891916
scaff_group012	NW_020132810.1	13598	474905514
scaff_group012	NW_020132811.1	13591	474919105
scaff_group012	NW_020132812.1	13591	474932696
scaff_group012	NW_020132813.1	13589	474946285
scaff_group012	NW_020132814.1	13582	474959867
scaff_group012	NW_020132815.1	13582	474973449
scaff_group012	NW_020132816.1	13571	474987020
scaff_group012	NW_020132817.1	13570	475000590
scaff_group012	NW_020132818.1	13569	475014159
scaff_group012	NW_020132819.1	13568	475027727
scaff_group012	NW_020132820.1	13565	475041292
scaff_group012	NW_020132821.1	13550	475054842
scaff_group012	NW_020132822.1	13537	475068379
scaff_group012	NW_020132823.1	13533	475081912
scaff_group012	NW_020132824.1	15116	475097028
scaff_group012	NW_020132825.1	13522	475110550
scaff_group012	NW_020132826.1	13520	475124070
scaff_group012	NW_020132827.1	13501	475137571
scaff_group012	NW_020132828.1	13495	475151066
scaff_group012	NW_020132829.1	13494	475164560
scaff_group012	NW_020132830.1	13489	475178049
scaff_group012	NW_020132831.1	13484	475191533
scaff_group012	NW_020132832.1	13483	475205016
scaff_group012	NW_020132833.1	13474	475218490
scaff_group012	NW_020132834.1	13473	475231963
scaff_group012	NW_020132835.1	13466	475245429
scaff_group012	NW_020132836.1	13455	475258884
scaff_group012	NW_020132837.1	13449	475272333
scaff_group012	NW_020132838.1	13448	475285781
scaff_group012	NW_020132839.1	17173	475302954
scaff_group012	NW_020132840.1	13436	475316390
scaff_group012	NW_020132841.1	13434	475329824
scaff_group012	NW_020132842.1	13425	475343249
scaff_group012	NW_020132843.1	13421	475356670
scaff_group012	NW_020132844.1	13414	475370084
scaff_group012	NW_020132845.1	13414	475383498
scaff_group012	NW_020132846.1	13405	475396903
scaff_group012	NW_020132847.1	13399	475410302
scaff_group012	NW_020132848.1	13397	475423699
scaff_group012	NW_020132849.1	13391	475437090
scaff_group012	NW_020132850.1	13390	475450480
scaff_group012	NW_020132851.1	13380	475463860
scaff_group012	NW_020132852.1	13357	475477217
scaff_group012	NW_020132853.1	13334	475490551
scaff_group012	NW_020132854.1	13328	475503879
scaff_group012	NW_020132855.1	27459	475531338
scaff_group012	NW_020132856.1	25031	475556369
scaff_group012	NW_020132857.1	13309	475569678
scaff_group012	NW_020132858.1	32627	475602305
scaff_group012	NW_020132859.1	13296	475615601
scaff_group012	NW_020132860.1	13280	475628881
scaff_group012	NW_020132861.1	13263	475642144
scaff_group012	NW_020132862.1	13262	475655406
scaff_group012	NW_020132863.1	27750	475683156
scaff_group012	NW_020132864.1	13258	475696414
scaff_group012	NW_020132865.1	19197	475715611
scaff_group012	NW_020132866.1	13254	475728865
scaff_group012	NW_020132867.1	13234	475742099
scaff_group012	NW_020132868.1	13233	475755332
scaff_group012	NW_020132869.1	13226	475768558
scaff_group012	NW_020132870.1	13222	475781780
scaff_group012	NW_020132871.1	13214	475794994
scaff_group012	NW_020132872.1	13214	475808208
scaff_group012	NW_020132873.1	23803	475832011
scaff_group012	NW_020132874.1	13182	475845193
scaff_group012	NW_020132875.1	13181	475858374
scaff_group012	NW_020132876.1	13180	475871554
scaff_group012	NW_020132877.1	13174	475884728
scaff_group012	NW_020132878.1	13169	475897897
scaff_group012	NW_020132879.1	13168	475911065
scaff_group012	NW_020132880.1	13153	475924218
scaff_group012	NW_020132881.1	13150	475937368
scaff_group012	NW_020132882.1	13140	475950508
scaff_group012	NW_020132883.1	13128	475963636
scaff_group012	NW_020132884.1	13126	475976762
scaff_group012	NW_020132885.1	110154	476086916
scaff_group012	NW_020132886.1	13102	476100018
scaff_group012	NW_020132887.1	13094	476113112
scaff_group012	NW_020132888.1	13089	476126201
scaff_group012	NW_020132889.1	13087	476139288
scaff_group012	NW_020132890.1	13082	476152370
scaff_group012	NW_020132891.1	21189	476173559
scaff_group012	NW_020132892.1	13069	476186628
scaff_group012	NW_020132893.1	13068	476199696
scaff_group012	NW_020132894.1	13066	476212762
scaff_group012	NW_020132895.1	13065	476225827
scaff_group012	NW_020132896.1	13058	476238885
scaff_group012	NW_020132897.1	13049	476251934
scaff_group012	NW_020132898.1	13033	476264967
scaff_group012	NW_020132899.1	13031	476277998
scaff_group012	NW_020132900.1	13031	476291029
scaff_group012	NW_020132901.1	13029	476304058
scaff_group012	NW_020132902.1	13020	476317078
scaff_group012	NW_020132903.1	13004	476330082
scaff_group012	NW_020132904.1	40158	476370240
scaff_group012	NW_020132905.1	12997	476383237
scaff_group012	NW_020132906.1	12991	476396228
scaff_group012	NW_020132907.1	12985	476409213
scaff_group012	NW_020132908.1	12985	476422198
scaff_group012	NW_020132909.1	12978	476435176
scaff_group012	NW_020132910.1	12966	476448142
scaff_group012	NW_020132911.1	12953	476461095
scaff_group012	NW_020132912.1	12949	476474044
scaff_group012	NW_020132913.1	12946	476486990
scaff_group012	NW_020132914.1	12945	476499935
scaff_group012	NW_020132915.1	14218	476514153
scaff_group012	NW_020132916.1	12917	476527070
scaff_group012	NW_020132917.1	12910	476539980
scaff_group012	NW_020132918.1	12910	476552890
scaff_group012	NW_020132919.1	14141	476567031
scaff_group012	NW_020132920.1	19441	476586472
scaff_group012	NW_020132921.1	12884	476599356
scaff_group012	NW_020132922.1	12875	476612231
scaff_group012	NW_020132923.1	12860	476625091
scaff_group012	NW_020132924.1	12860	476637951
scaff_group012	NW_020132925.1	12848	476650799
scaff_group012	NW_020132926.1	12845	476663644
scaff_group012	NW_020132927.1	12842	476676486
scaff_group012	NW_020132928.1	12838	476689324
scaff_group012	NW_020132929.1	25113	476714437
scaff_group012	NW_020132930.1	12823	476727260
scaff_group012	NW_020132931.1	12822	476740082
scaff_group012	NW_020132932.1	56749	476796831
scaff_group012	NW_020132933.1	12794	476809625
scaff_group012	NW_020132934.1	12787	476822412
scaff_group012	NW_020132935.1	12771	476835183
scaff_group012	NW_020132936.1	12769	476847952
scaff_group012	NW_020132937.1	12762	476860714
scaff_group012	NW_020132938.1	12733	476873447
scaff_group012	NW_020132939.1	12712	476886159
scaff_group012	NW_020132940.1	12708	476898867
scaff_group012	NW_020132941.1	31037	476929904
scaff_group012	NW_020132942.1	20897	476950801
scaff_group012	NW_020132943.1	12667	476963468
scaff_group012	NW_020132944.1	12663	476976131
scaff_group012	NW_020132945.1	16155	476992286
scaff_group012	NW_020132946.1	12642	477004928
scaff_group012	NW_020132947.1	15997	477020925
scaff_group012	NW_020132948.1	12634	477033559
scaff_group012	NW_020132949.1	19234	477052793
scaff_group012	NW_020132950.1	59430	477112223
scaff_group012	NW_020132951.1	12604	477124827
scaff_group012	NW_020132952.1	12600	477137427
scaff_group012	NW_020132953.1	12598	477150025
scaff_group012	NW_020132954.1	12590	477162615
scaff_group012	NW_020132955.1	12578	477175193
scaff_group012	NW_020132956.1	16759	477191952
scaff_group012	NW_020132957.1	12560	477204512
scaff_group012	NW_020132958.1	12553	477217065
scaff_group012	NW_020132959.1	12547	477229612
scaff_group012	NW_020132960.1	12543	477242155
scaff_group012	NW_020132961.1	12539	477254694
scaff_group012	NW_020132962.1	14903	477269597
scaff_group012	NW_020132963.1	12527	477282124
scaff_group012	NW_020132964.1	22623	477304747
scaff_group012	NW_020132965.1	12511	477317258
scaff_group012	NW_020132966.1	19578	477336836
scaff_group012	NW_020132967.1	12498	477349334
scaff_group012	NW_020132968.1	12491	477361825
scaff_group012	NW_020132969.1	12486	477374311
scaff_group012	NW_020132970.1	30468	477404779
scaff_group012	NW_020132971.1	12479	477417258
scaff_group012	NW_020132972.1	19489	477436747
scaff_group012	NW_020132973.1	12454	477449201
scaff_group012	NW_020132974.1	12450	477461651
scaff_group012	NW_020132975.1	12446	477474097
scaff_group012	NW_020132976.1	12428	477486525
scaff_group012	NW_020132977.1	12401	477498926
scaff_group012	NW_020132978.1	12382	477511308
scaff_group012	NW_020132979.1	12382	477523690
scaff_group012	NW_020132980.1	12366	477536056
scaff_group012	NW_020132981.1	12362	477548418
scaff_group012	NW_020132982.1	12361	477560779
scaff_group012	NW_020132983.1	12357	477573136
scaff_group012	NW_020132984.1	12341	477585477
scaff_group012	NW_020132985.1	12338	477597815
scaff_group012	NW_020132986.1	12338	477610153
scaff_group012	NW_020132987.1	12336	477622489
scaff_group012	NW_020132988.1	12328	477634817
scaff_group012	NW_020132989.1	12303	477647120
scaff_group012	NW_020132990.1	12295	477659415
scaff_group012	NW_020132991.1	12285	477671700
scaff_group012	NW_020132992.1	12275	477683975
scaff_group012	NW_020132993.1	12271	477696246
scaff_group012	NW_020132994.1	12268	477708514
scaff_group012	NW_020132995.1	12252	477720766
scaff_group012	NW_020132996.1	21462	477742228
scaff_group012	NW_020132997.1	12236	477754464
scaff_group012	NW_020132998.1	12234	477766698
scaff_group012	NW_020132999.1	12230	477778928
scaff_group012	NW_020133000.1	12226	477791154
scaff_group012	NW_020133001.1	12219	477803373
scaff_group012	NW_020133002.1	29320	477832693
scaff_group012	NW_020133003.1	12217	477844910
scaff_group012	NW_020133004.1	12207	477857117
scaff_group012	NW_020133005.1	12201	477869318
scaff_group012	NW_020133006.1	12189	477881507
scaff_group012	NW_020133007.1	12183	477893690
scaff_group012	NW_020133008.1	12182	477905872
scaff_group012	NW_020133009.1	12178	477918050
scaff_group012	NW_020133010.1	12178	477930228
scaff_group012	NW_020133011.1	12156	477942384
scaff_group012	NW_020133012.1	21245	477963629
scaff_group012	NW_020133013.1	44247	478007876
scaff_group012	NW_020133014.1	12140	478020016
scaff_group012	NW_020133015.1	12129	478032145
scaff_group012	NW_020133016.1	12121	478044266
scaff_group012	NW_020133017.1	12121	478056387
scaff_group012	NW_020133018.1	12105	478068492
scaff_group012	NW_020133019.1	12100	478080592
scaff_group012	NW_020133020.1	12090	478092682
scaff_group012	NW_020133021.1	12086	478104768
scaff_group012	NW_020133022.1	12074	478116842
scaff_group012	NW_020133023.1	12064	478128906
scaff_group012	NW_020133024.1	12059	478140965
scaff_group012	NW_020133025.1	12046	478153011
scaff_group012	NW_020133026.1	12044	478165055
scaff_group012	NW_020133027.1	12040	478177095
scaff_group012	NW_020133028.1	12039	478189134
scaff_group012	NW_020133029.1	21045	478210179
scaff_group012	NW_020133030.1	17739	478227918
scaff_group012	NW_020133031.1	12015	478239933
scaff_group012	NW_020133032.1	24081	478264014
scaff_group012	NW_020133033.1	12006	478276020
scaff_group012	NW_020133034.1	21460	478297480
scaff_group012	NW_020133035.1	12001	478309481
scaff_group012	NW_020133036.1	12000	478321481
scaff_group012	NW_020133037.1	15396	478336877
scaff_group012	NW_020133038.1	11995	478348872
scaff_group012	NW_020133039.1	13911	478362783
scaff_group012	NW_020133040.1	11988	478374771
scaff_group012	NW_020133041.1	11988	478386759
scaff_group012	NW_020133042.1	11986	478398745
scaff_group012	NW_020133043.1	11984	478410729
scaff_group012	NW_020133044.1	11975	478422704
scaff_group012	NW_020133045.1	11972	478434676
scaff_group012	NW_020133046.1	14862	478449538
scaff_group012	NW_020133047.1	11961	478461499
scaff_group012	NW_020133048.1	11956	478473455
scaff_group012	NW_020133049.1	11953	478485408
scaff_group012	NW_020133050.1	11947	478497355
scaff_group012	NW_020133051.1	11945	478509300
scaff_group012	NW_020133052.1	16415	478525715
scaff_group012	NW_020133053.1	11924	478537639
scaff_group012	NW_020133054.1	11898	478549537
scaff_group012	NW_020133055.1	11886	478561423
scaff_group012	NW_020133056.1	11877	478573300
scaff_group012	NW_020133057.1	11872	478585172
scaff_group012	NW_020133058.1	11863	478597035
scaff_group012	NW_020133059.1	11860	478608895
scaff_group012	NW_020133060.1	18585	478627480
scaff_group012	NW_020133061.1	11837	478639317
scaff_group012	NW_020133062.1	11821	478651138
scaff_group012	NW_020133063.1	11821	478662959
scaff_group012	NW_020133064.1	11809	478674768
scaff_group012	NW_020133065.1	11808	478686576
scaff_group012	NW_020133066.1	11805	478698381
scaff_group012	NW_020133067.1	11803	478710184
scaff_group012	NW_020133068.1	11794	478721978
scaff_group012	NW_020133069.1	11790	478733768
scaff_group012	NW_020133070.1	11790	478745558
scaff_group012	NW_020133071.1	11780	478757338
scaff_group012	NW_020133072.1	11767	478769105
scaff_group012	NW_020133073.1	11764	478780869
scaff_group012	NW_020133074.1	11752	478792621
scaff_group012	NW_020133075.1	11744	478804365
scaff_group012	NW_020133076.1	11739	478816104
scaff_group012	NW_020133077.1	11726	478827830
scaff_group012	NW_020133078.1	11722	478839552
scaff_group012	NW_020133079.1	11699	478851251
scaff_group012	NW_020133080.1	36425	478887676
scaff_group012	NW_020133081.1	11683	478899359
scaff_group012	NW_020133082.1	11669	478911028
scaff_group012	NW_020133083.1	11666	478922694
scaff_group012	NW_020133084.1	11646	478934340
scaff_group012	NW_020133085.1	11644	478945984
scaff_group012	NW_020133086.1	11637	478957621
scaff_group012	NW_020133087.1	11634	478969255
scaff_group012	NW_020133088.1	11621	478980876
scaff_group012	NW_020133089.1	11593	478992469
scaff_group012	NW_020133090.1	11587	479004056
scaff_group012	NW_020133091.1	26792	479030848
scaff_group012	NW_020133092.1	11555	479042403
scaff_group012	NW_020133093.1	11539	479053942
scaff_group012	NW_020133094.1	11533	479065475
scaff_group012	NW_020133095.1	11527	479077002
scaff_group012	NW_020133096.1	11518	479088520
scaff_group012	NW_020133097.1	11509	479100029
scaff_group012	NW_020133098.1	11506	479111535
scaff_group012	NW_020133099.1	11493	479123028
scaff_group012	NW_020133100.1	11487	479134515
scaff_group012	NW_020133101.1	11485	479146000
scaff_group012	NW_020133102.1	11477	479157477
scaff_group012	NW_020133103.1	11475	479168952
scaff_group012	NW_020133104.1	11467	479180419
scaff_group012	NW_020133105.1	11433	479191852
scaff_group012	NW_020133106.1	11426	479203278
scaff_group012	NW_020133107.1	11423	479214701
scaff_group012	NW_020133108.1	11419	479226120
scaff_group012	NW_020133109.1	11419	479237539
scaff_group012	NW_020133110.1	11418	479248957
scaff_group012	NW_020133111.1	20481	479269438
scaff_group012	NW_020133112.1	11413	479280851
scaff_group012	NW_020133113.1	19004	479299855
scaff_group012	NW_020133114.1	11391	479311246
scaff_group012	NW_020133115.1	11385	479322631
scaff_group012	NW_020133116.1	11374	479334005
scaff_group012	NW_020133117.1	11370	479345375
scaff_group012	NW_020133118.1	19689	479365064
scaff_group012	NW_020133119.1	11358	479376422
scaff_group012	NW_020133120.1	11354	479387776
scaff_group012	NW_020133121.1	11352	479399128
scaff_group012	NW_020133122.1	11346	479410474
scaff_group012	NW_020133123.1	11341	479421815
scaff_group012	NW_020133124.1	11327	479433142
scaff_group012	NW_020133125.1	11317	479444459
scaff_group012	NW_020133126.1	11317	479455776
scaff_group012	NW_020133127.1	11312	479467088
scaff_group012	NW_020133128.1	11312	479478400
scaff_group012	NW_020133129.1	22635	479501035
scaff_group012	NW_020133130.1	11306	479512341
scaff_group012	NW_020133131.1	11305	479523646
scaff_group012	NW_020133132.1	11305	479534951
scaff_group012	NW_020133133.1	11293	479546244
scaff_group012	NW_020133134.1	11290	479557534
scaff_group012	NW_020133135.1	11289	479568823
scaff_group012	NW_020133136.1	11285	479580108
scaff_group012	NW_020133137.1	11281	479591389
scaff_group012	NW_020133138.1	11277	479602666
scaff_group012	NW_020133139.1	11263	479613929
scaff_group012	NW_020133140.1	11262	479625191
scaff_group012	NW_020133141.1	11257	479636448
scaff_group012	NW_020133142.1	15380	479651828
scaff_group012	NW_020133143.1	11242	479663070
scaff_group012	NW_020133144.1	11228	479674298
scaff_group012	NW_020133145.1	13714	479688012
scaff_group012	NW_020133146.1	34121	479722133
scaff_group012	NW_020133147.1	11214	479733347
scaff_group012	NW_020133148.1	11211	479744558
scaff_group012	NW_020133149.1	25529	479770087
scaff_group012	NW_020133150.1	11195	479781282
scaff_group012	NW_020133151.1	11189	479792471
scaff_group012	NW_020133152.1	16235	479808706
scaff_group012	NW_020133153.1	11176	479819882
scaff_group012	NW_020133154.1	11166	479831048
scaff_group012	NW_020133155.1	11166	479842214
scaff_group012	NW_020133156.1	11158	479853372
scaff_group012	NW_020133157.1	11157	479864529
scaff_group012	NW_020133158.1	11156	479875685
scaff_group012	NW_020133159.1	11155	479886840
scaff_group012	NW_020133160.1	11154	479897994
scaff_group012	NW_020133161.1	11134	479909128
scaff_group012	NW_020133162.1	11120	479920248
scaff_group012	NW_020133163.1	11114	479931362
scaff_group012	NW_020133164.1	11109	479942471
scaff_group012	NW_020133165.1	11104	479953575
scaff_group012	NW_020133166.1	11097	479964672
scaff_group012	NW_020133167.1	11095	479975767
scaff_group012	NW_020133168.1	21556	479997323
scaff_group012	NW_020133169.1	11093	480008416
scaff_group012	NW_020133170.1	11079	480019495
scaff_group012	NW_020133171.1	11077	480030572
scaff_group012	NW_020133172.1	11066	480041638
scaff_group012	NW_020133173.1	11049	480052687
scaff_group012	NW_020133174.1	11048	480063735
scaff_group012	NW_020133175.1	11044	480074779
scaff_group012	NW_020133176.1	11040	480085819
scaff_group012	NW_020133177.1	11038	480096857
scaff_group012	NW_020133178.1	11033	480107890
scaff_group012	NW_020133179.1	18645	480126535
scaff_group012	NW_020133180.1	10997	480137532
scaff_group012	NW_020133181.1	28525	480166057
scaff_group012	NW_020133182.1	10976	480177033
scaff_group012	NW_020133183.1	18065	480195098
scaff_group012	NW_020133184.1	10967	480206065
scaff_group012	NW_020133185.1	10966	480217031
scaff_group012	NW_020133186.1	10954	480227985
scaff_group012	NW_020133187.1	10945	480238930
scaff_group012	NW_020133188.1	10940	480249870
scaff_group012	NW_020133189.1	10939	480260809
scaff_group012	NW_020133190.1	10933	480271742
scaff_group012	NW_020133191.1	10933	480282675
scaff_group012	NW_020133192.1	10933	480293608
scaff_group012	NW_020133193.1	10930	480304538
scaff_group012	NW_020133194.1	10918	480315456
scaff_group012	NW_020133195.1	10912	480326368
scaff_group012	NW_020133196.1	10909	480337277
scaff_group012	NW_020133197.1	10904	480348181
scaff_group012	NW_020133198.1	10903	480359084
scaff_group012	NW_020133199.1	30412	480389496
scaff_group012	NW_020133200.1	10888	480400384
scaff_group012	NW_020133201.1	10872	480411256
scaff_group012	NW_020133202.1	12928	480424184
scaff_group012	NW_020133203.1	10852	480435036
scaff_group012	NW_020133204.1	10848	480445884
scaff_group012	NW_020133205.1	10848	480456732
scaff_group012	NW_020133206.1	10847	480467579
scaff_group012	NW_020133207.1	10831	480478410
scaff_group012	NW_020133208.1	10825	480489235
scaff_group012	NW_020133209.1	12458	480501693
scaff_group012	NW_020133210.1	10819	480512512
scaff_group012	NW_020133211.1	10809	480523321
scaff_group012	NW_020133212.1	10809	480534130
scaff_group012	NW_020133213.1	10807	480544937
scaff_group012	NW_020133214.1	15672	480560609
scaff_group012	NW_020133215.1	10799	480571408
scaff_group012	NW_020133216.1	29033	480600441
scaff_group012	NW_020133217.1	27374	480627815
scaff_group012	NW_020133218.1	10794	480638609
scaff_group012	NW_020133219.1	10792	480649401
scaff_group012	NW_020133220.1	19523	480668924
scaff_group012	NW_020133221.1	10785	480679709
scaff_group012	NW_020133222.1	10781	480690490
scaff_group012	NW_020133223.1	10770	480701260
scaff_group012	NW_020133224.1	10759	480712019
scaff_group012	NW_020133225.1	10759	480722778
scaff_group012	NW_020133226.1	10758	480733536
scaff_group012	NW_020133227.1	10755	480744291
scaff_group012	NW_020133228.1	10747	480755038
scaff_group012	NW_020133229.1	10743	480765781
scaff_group012	NW_020133230.1	10740	480776521
scaff_group012	NW_020133231.1	10725	480787246
scaff_group012	NW_020133232.1	10725	480797971
scaff_group012	NW_020133233.1	13867	480811838
scaff_group012	NW_020133234.1	10713	480822551
scaff_group012	NW_020133235.1	10696	480833247
scaff_group012	NW_020133236.1	10694	480843941
scaff_group012	NW_020133237.1	10680	480854621
scaff_group012	NW_020133238.1	10676	480865297
scaff_group012	NW_020133239.1	32298	480897595
scaff_group012	NW_020133240.1	10659	480908254
scaff_group012	NW_020133241.1	10658	480918912
scaff_group012	NW_020133242.1	17585	480936497
scaff_group012	NW_020133243.1	10635	480947132
scaff_group012	NW_020133244.1	35655	480982787
scaff_group012	NW_020133245.1	10619	480993406
scaff_group012	NW_020133246.1	13229	481006635
scaff_group012	NW_020133247.1	10596	481017231
scaff_group012	NW_020133248.1	10576	481027807
scaff_group012	NW_020133249.1	10573	481038380
scaff_group012	NW_020133250.1	10568	481048948
scaff_group012	NW_020133251.1	10562	481059510
scaff_group012	NW_020133252.1	10549	481070059
scaff_group012	NW_020133253.1	10548	481080607
scaff_group012	NW_020133254.1	10546	481091153
scaff_group012	NW_020133255.1	10516	481101669
scaff_group012	NW_020133256.1	10501	481112170
scaff_group012	NW_020133257.1	10500	481122670
scaff_group012	NW_020133258.1	10496	481133166
scaff_group012	NW_020133259.1	10487	481143653
scaff_group012	NW_020133260.1	28827	481172480
scaff_group012	NW_020133261.1	10485	481182965
scaff_group012	NW_020133262.1	10482	481193447
scaff_group012	NW_020133263.1	10482	481203929
scaff_group012	NW_020133264.1	10478	481214407
scaff_group012	NW_020133265.1	10462	481224869
scaff_group012	NW_020133266.1	10455	481235324
scaff_group012	NW_020133267.1	10454	481245778
scaff_group012	NW_020133268.1	10438	481256216
scaff_group012	NW_020133269.1	10435	481266651
scaff_group012	NW_020133270.1	13320	481279971
scaff_group012	NW_020133271.1	10413	481290384
scaff_group012	NW_020133272.1	10411	481300795
scaff_group012	NW_020133273.1	10407	481311202
scaff_group012	NW_020133274.1	10401	481321603
scaff_group012	NW_020133275.1	10399	481332002
scaff_group012	NW_020133276.1	10395	481342397
scaff_group012	NW_020133277.1	10389	481352786
scaff_group012	NW_020133278.1	10389	481363175
scaff_group012	NW_020133279.1	10378	481373553
scaff_group012	NW_020133280.1	10376	481383929
scaff_group012	NW_020133281.1	10375	481394304
scaff_group012	NW_020133282.1	21344	481415648
scaff_group012	NW_020133283.1	10360	481426008
scaff_group012	NW_020133284.1	10348	481436356
scaff_group012	NW_020133285.1	10338	481446694
scaff_group012	NW_020133286.1	10336	481457030
scaff_group012	NW_020133287.1	10329	481467359
scaff_group012	NW_020133288.1	10325	481477684
scaff_group012	NW_020133289.1	10323	481488007
scaff_group012	NW_020133290.1	10320	481498327
scaff_group012	NW_020133291.1	10317	481508644
scaff_group012	NW_020133292.1	10305	481518949
scaff_group012	NW_020133293.1	10305	481529254
scaff_group012	NW_020133294.1	10299	481539553
scaff_group012	NW_020133295.1	10296	481549849
scaff_group012	NW_020133296.1	24104	481573953
scaff_group012	NW_020133297.1	10283	481584236
scaff_group012	NW_020133298.1	10279	481594515
scaff_group012	NW_020133299.1	10275	481604790
scaff_group012	NW_020133300.1	10272	481615062
scaff_group012	NW_020133301.1	11927	481626989
scaff_group012	NW_020133302.1	120765	481747754
scaff_group012	NW_020133303.1	10233	481757987
scaff_group012	NW_020133304.1	10232	481768219
scaff_group012	NW_020133305.1	10231	481778450
scaff_group012	NW_020133306.1	10224	481788674
scaff_group012	NW_020133307.1	21761	481810435
scaff_group012	NW_020133308.1	10220	481820655
scaff_group012	NW_020133309.1	10217	481830872
scaff_group012	NW_020133310.1	10216	481841088
scaff_group012	NW_020133311.1	10196	481851284
scaff_group012	NW_020133312.1	10193	481861477
scaff_group012	NW_020133313.1	10191	481871668
scaff_group012	NW_020133314.1	10185	481881853
scaff_group012	NW_020133315.1	10176	481892029
scaff_group012	NW_020133316.1	10164	481902193
scaff_group012	NW_020133317.1	10163	481912356
scaff_group012	NW_020133318.1	10161	481922517
scaff_group012	NW_020133319.1	10155	481932672
scaff_group012	NW_020133320.1	10150	481942822
scaff_group012	NW_020133321.1	10146	481952968
scaff_group012	NW_020133322.1	10141	481963109
scaff_group012	NW_020133323.1	10139	481973248
scaff_group012	NW_020133324.1	10136	481983384
scaff_group012	NW_020133325.1	10134	481993518
scaff_group012	NW_020133326.1	10127	482003645
scaff_group012	NW_020133327.1	10125	482013770
scaff_group012	NW_020133328.1	10125	482023895
scaff_group012	NW_020133329.1	10122	482034017
scaff_group012	NW_020133330.1	10120	482044137
scaff_group012	NW_020133331.1	10111	482054248
scaff_group012	NW_020133332.1	10103	482064351
scaff_group012	NW_020133333.1	10101	482074452
scaff_group012	NW_020133334.1	10098	482084550
scaff_group012	NW_020133335.1	13204	482097754
scaff_group012	NW_020133336.1	10072	482107826
scaff_group012	NW_020133337.1	22468	482130294
scaff_group012	NW_020133338.1	10057	482140351
scaff_group012	NW_020133339.1	10041	482150392
scaff_group012	NW_020133340.1	10020	482160412
scaff_group012	NW_020133341.1	10019	482170431
scaff_group012	NW_020133342.1	10019	482180450
scaff_group012	NW_020133343.1	10013	482190463
scaff_group012	NW_020133344.1	10012	482200475
scaff_group012	NW_020133345.1	10010	482210485
scaff_group012	NW_020133346.1	10002	482220487
scaff_group012	NW_020133347.1	10000	482230487
scaff_group012	NW_020133348.1	9991	482240478
scaff_group012	NW_020133349.1	9979	482250457
scaff_group012	NW_020133350.1	9961	482260418
scaff_group012	NW_020133351.1	9955	482270373
scaff_group012	NW_020133352.1	9953	482280326
scaff_group012	NW_020133353.1	9938	482290264
scaff_group012	NW_020133354.1	9936	482300200
scaff_group012	NW_020133355.1	9931	482310131
scaff_group012	NW_020133356.1	9924	482320055
scaff_group012	NW_020133357.1	9920	482329975
scaff_group012	NW_020133358.1	9901	482339876
scaff_group012	NW_020133359.1	12614	482352490
scaff_group012	NW_020133360.1	9877	482362367
scaff_group012	NW_020133361.1	9873	482372240
scaff_group012	NW_020133362.1	9861	482382101
scaff_group012	NW_020133363.1	9861	482391962
scaff_group012	NW_020133364.1	9854	482401816
scaff_group012	NW_020133365.1	9842	482411658
scaff_group012	NW_020133366.1	9840	482421498
scaff_group012	NW_020133367.1	9830	482431328
scaff_group012	NW_020133368.1	9824	482441152
scaff_group012	NW_020133369.1	22031	482463183
scaff_group012	NW_020133370.1	9806	482472989
scaff_group012	NW_020133371.1	9804	482482793
scaff_group012	NW_020133372.1	9800	482492593
scaff_group012	NW_020133373.1	9796	482502389
scaff_group012	NW_020133374.1	15867	482518256
scaff_group012	NW_020133375.1	9789	482528045
scaff_group012	NW_020133376.1	9789	482537834
scaff_group012	NW_020133377.1	9788	482547622
scaff_group012	NW_020133378.1	9783	482557405
scaff_group012	NW_020133379.1	9775	482567180
scaff_group012	NW_020133380.1	9773	482576953
scaff_group012	NW_020133381.1	9766	482586719
scaff_group012	NW_020133382.1	9763	482596482
scaff_group012	NW_020133383.1	11611	482608093
scaff_group012	NW_020133384.1	9741	482617834
scaff_group012	NW_020133385.1	9728	482627562
scaff_group012	NW_020133386.1	9715	482637277
scaff_group012	NW_020133387.1	9715	482646992
scaff_group012	NW_020133388.1	9715	482656707
scaff_group012	NW_020133389.1	9706	482666413
scaff_group012	NW_020133390.1	9685	482676098
scaff_group012	NW_020133391.1	9677	482685775
scaff_group012	NW_020133392.1	9675	482695450
scaff_group012	NW_020133393.1	9672	482705122
scaff_group012	NW_020133394.1	9670	482714792
scaff_group012	NW_020133395.1	9668	482724460
scaff_group012	NW_020133396.1	9646	482734106
scaff_group012	NW_020133397.1	9631	482743737
scaff_group012	NW_020133398.1	17214	482760951
scaff_group012	NW_020133399.1	9618	482770569
scaff_group012	NW_020133400.1	9612	482780181
scaff_group012	NW_020133401.1	9608	482789789
scaff_group012	NW_020133402.1	9604	482799393
scaff_group012	NW_020133403.1	9596	482808989
scaff_group012	NW_020133404.1	9588	482818577
scaff_group012	NW_020133405.1	14070	482832647
scaff_group012	NW_020133406.1	9536	482842183
scaff_group012	NW_020133407.1	9536	482851719
scaff_group012	NW_020133408.1	9533	482861252
scaff_group012	NW_020133409.1	9519	482870771
scaff_group012	NW_020133410.1	9509	482880280
scaff_group012	NW_020133411.1	9505	482889785
scaff_group012	NW_020133412.1	9500	482899285
scaff_group012	NW_020133413.1	9498	482908783
scaff_group012	NW_020133414.1	9492	482918275
scaff_group012	NW_020133415.1	9476	482927751
scaff_group012	NW_020133416.1	9466	482937217
scaff_group012	NW_020133417.1	11886	482949103
scaff_group012	NW_020133418.1	9458	482958561
scaff_group012	NW_020133419.1	9446	482968007
scaff_group012	NW_020133420.1	9442	482977449
scaff_group012	NW_020133421.1	9412	482986861
scaff_group012	NW_020133422.1	9381	482996242
scaff_group012	NW_020133423.1	9374	483005616
scaff_group012	NW_020133424.1	19568	483025184
scaff_group012	NW_020133425.1	9367	483034551
scaff_group012	NW_020133426.1	9357	483043908
scaff_group012	NW_020133427.1	19091	483062999
scaff_group012	NW_020133428.1	9351	483072350
scaff_group012	NW_020133429.1	9350	483081700
scaff_group012	NW_020133430.1	9349	483091049
scaff_group012	NW_020133431.1	9338	483100387
scaff_group012	NW_020133432.1	9320	483109707
scaff_group012	NW_020133433.1	9313	483119020
scaff_group012	NW_020133434.1	9308	483128328
scaff_group012	NW_020133435.1	9300	483137628
scaff_group012	NW_020133436.1	9295	483146923
scaff_group012	NW_020133437.1	9289	483156212
scaff_group012	NW_020133438.1	9287	483165499
scaff_group012	NW_020133439.1	9284	483174783
scaff_group012	NW_020133440.1	9255	483184038
scaff_group012	NW_020133441.1	9254	483193292
scaff_group012	NW_020133442.1	9251	483202543
scaff_group012	NW_020133443.1	9249	483211792
scaff_group012	NW_020133444.1	9244	483221036
scaff_group012	NW_020133445.1	9244	483230280
scaff_group012	NW_020133446.1	9241	483239521
scaff_group012	NW_020133447.1	9240	483248761
scaff_group012	NW_020133448.1	9219	483257980
scaff_group012	NW_020133449.1	9218	483267198
scaff_group012	NW_020133450.1	9217	483276415
scaff_group012	NW_020133451.1	15943	483292358
scaff_group012	NW_020133452.1	9210	483301568
scaff_group012	NW_020133453.1	9209	483310777
scaff_group012	NW_020133454.1	9195	483319972
scaff_group012	NW_020133455.1	9194	483329166
scaff_group012	NW_020133456.1	9181	483338347
scaff_group012	NW_020133457.1	9174	483347521
scaff_group012	NW_020133458.1	9161	483356682
scaff_group012	NW_020133459.1	9157	483365839
scaff_group012	NW_020133460.1	9152	483374991
scaff_group012	NW_020133461.1	9152	483384143
scaff_group012	NW_020133462.1	9125	483393268
scaff_group012	NW_020133463.1	9121	483402389
scaff_group012	NW_020133464.1	16538	483418927
scaff_group012	NW_020133465.1	9103	483428030
scaff_group012	NW_020133466.1	9103	483437133
scaff_group012	NW_020133467.1	9089	483446222
scaff_group012	NW_020133468.1	9087	483455309
scaff_group012	NW_020133469.1	9084	483464393
scaff_group012	NW_020133470.1	9079	483473472
scaff_group012	NW_020133471.1	9068	483482540
scaff_group012	NW_020133472.1	9068	483491608
scaff_group012	NW_020133473.1	9062	483500670
scaff_group012	NW_020133474.1	9060	483509730
scaff_group012	NW_020133475.1	9054	483518784
scaff_group012	NW_020133476.1	9043	483527827
scaff_group012	NW_020133477.1	21175	483549002
scaff_group012	NW_020133478.1	16684	483565686
scaff_group012	NW_020133479.1	9039	483574725
scaff_group012	NW_020133480.1	9039	483583764
scaff_group012	NW_020133481.1	15859	483599623
scaff_group012	NW_020133482.1	9032	483608655
scaff_group012	NW_020133483.1	9031	483617686
scaff_group012	NW_020133484.1	9030	483626716
scaff_group012	NW_020133485.1	9030	483635746
scaff_group012	NW_020133486.1	9028	483644774
scaff_group012	NW_020133487.1	9025	483653799
scaff_group012	NW_020133488.1	9022	483662821
scaff_group012	NW_020133489.1	18988	483681809
scaff_group012	NW_020133490.1	9006	483690815
scaff_group012	NW_020133491.1	8998	483699813
scaff_group012	NW_020133492.1	8991	483708804
scaff_group012	NW_020133493.1	8988	483717792
scaff_group012	NW_020133494.1	12497	483730289
scaff_group012	NW_020133495.1	8978	483739267
scaff_group012	NW_020133496.1	8969	483748236
scaff_group012	NW_020133497.1	8964	483757200
scaff_group012	NW_020133498.1	8964	483766164
scaff_group012	NW_020133499.1	8958	483775122
scaff_group012	NW_020133500.1	8957	483784079
scaff_group012	NW_020133501.1	8947	483793026
scaff_group012	NW_020133502.1	8941	483801967
scaff_group012	NW_020133503.1	8933	483810900
scaff_group012	NW_020133504.1	8922	483819822
scaff_group012	NW_020133505.1	8920	483828742
scaff_group012	NW_020133506.1	8919	483837661
scaff_group012	NW_020133507.1	8916	483846577
scaff_group012	NW_020133508.1	8905	483855482
scaff_group012	NW_020133509.1	8901	483864383
scaff_group012	NW_020133510.1	8895	483873278
scaff_group012	NW_020133511.1	8890	483882168
scaff_group012	NW_020133512.1	8879	483891047
scaff_group012	NW_020133513.1	8876	483899923
scaff_group012	NW_020133514.1	8868	483908791
scaff_group012	NW_020133515.1	8867	483917658
scaff_group012	NW_020133516.1	8851	483926509
scaff_group012	NW_020133517.1	18333	483944842
scaff_group012	NW_020133518.1	8795	483953637
scaff_group012	NW_020133519.1	8794	483962431
scaff_group012	NW_020133520.1	8789	483971220
scaff_group012	NW_020133521.1	8772	483979992
scaff_group012	NW_020133522.1	8762	483988754
scaff_group012	NW_020133523.1	8759	483997513
scaff_group012	NW_020133524.1	8756	484006269
scaff_group012	NW_020133525.1	8752	484015021
scaff_group012	NW_020133526.1	8752	484023773
scaff_group012	NW_020133527.1	8749	484032522
scaff_group012	NW_020133528.1	12269	484044791
scaff_group012	NW_020133529.1	8723	484053514
scaff_group012	NW_020133530.1	8682	484062196
scaff_group012	NW_020133531.1	8680	484070876
scaff_group012	NW_020133532.1	8680	484079556
scaff_group012	NW_020133533.1	8678	484088234
scaff_group012	NW_020133534.1	8671	484096905
scaff_group012	NW_020133535.1	8665	484105570
scaff_group012	NW_020133536.1	8658	484114228
scaff_group012	NW_020133537.1	8655	484122883
scaff_group012	NW_020133538.1	8655	484131538
scaff_group012	NW_020133539.1	8655	484140193
scaff_group012	NW_020133540.1	21461	484161654
scaff_group012	NW_020133541.1	24847	484186501
scaff_group012	NW_020133542.1	8640	484195141
scaff_group012	NW_020133543.1	8639	484203780
scaff_group012	NW_020133544.1	8632	484212412
scaff_group012	NW_020133545.1	13535	484225947
scaff_group012	NW_020133546.1	8627	484234574
scaff_group012	NW_020133547.1	8607	484243181
scaff_group012	NW_020133548.1	8607	484251788
scaff_group012	NW_020133549.1	14327	484266115
scaff_group012	NW_020133550.1	8604	484274719
scaff_group012	NW_020133551.1	8598	484283317
scaff_group012	NW_020133552.1	8587	484291904
scaff_group012	NW_020133553.1	12521	484304425
scaff_group012	NW_020133554.1	8571	484312996
scaff_group012	NW_020133555.1	8566	484321562
scaff_group012	NW_020133556.1	8562	484330124
scaff_group012	NW_020133557.1	8558	484338682
scaff_group012	NW_020133558.1	8555	484347237
scaff_group012	NW_020133559.1	8555	484355792
scaff_group012	NW_020133560.1	8546	484364338
scaff_group012	NW_020133561.1	8543	484372881
scaff_group012	NW_020133562.1	8517	484381398
scaff_group012	NW_020133563.1	8515	484389913
scaff_group012	NW_020133564.1	8513	484398426
scaff_group012	NW_020133565.1	8509	484406935
scaff_group012	NW_020133566.1	8508	484415443
scaff_group012	NW_020133567.1	8504	484423947
scaff_group012	NW_020133568.1	8504	484432451
scaff_group012	NW_020133569.1	8494	484440945
scaff_group012	NW_020133570.1	8491	484449436
scaff_group012	NW_020133571.1	8490	484457926
scaff_group012	NW_020133572.1	8486	484466412
scaff_group012	NW_020133573.1	12121	484478533
scaff_group012	NW_020133574.1	8485	484487018
scaff_group012	NW_020133575.1	8485	484495503
scaff_group012	NW_020133576.1	8462	484503965
scaff_group012	NW_020133577.1	8448	484512413
scaff_group012	NW_020133578.1	8438	484520851
scaff_group012	NW_020133579.1	8437	484529288
scaff_group012	NW_020133580.1	8425	484537713
scaff_group012	NW_020133581.1	8417	484546130
scaff_group012	NW_020133582.1	8406	484554536
scaff_group012	NW_020133583.1	8401	484562937
scaff_group012	NW_020133584.1	8396	484571333
scaff_group012	NW_020133585.1	8390	484579723
scaff_group012	NW_020133586.1	8368	484588091
scaff_group012	NW_020133587.1	8367	484596458
scaff_group012	NW_020133588.1	8365	484604823
scaff_group012	NW_020133589.1	8360	484613183
scaff_group012	NW_020133590.1	8356	484621539
scaff_group012	NW_020133591.1	8343	484629882
scaff_group012	NW_020133592.1	8340	484638222
scaff_group012	NW_020133593.1	8335	484646557
scaff_group012	NW_020133594.1	8301	484654858
scaff_group012	NW_020133595.1	8299	484663157
scaff_group012	NW_020133596.1	8295	484671452
scaff_group012	NW_020133597.1	8289	484679741
scaff_group012	NW_020133598.1	8288	484688029
scaff_group012	NW_020133599.1	9933	484697962
scaff_group012	NW_020133600.1	8283	484706245
scaff_group012	NW_020133601.1	8279	484714524
scaff_group012	NW_020133602.1	8275	484722799
scaff_group012	NW_020133603.1	8269	484731068
scaff_group012	NW_020133604.1	8255	484739323
scaff_group012	NW_020133605.1	8250	484747573
scaff_group012	NW_020133606.1	8248	484755821
scaff_group012	NW_020133607.1	8247	484764068
scaff_group012	NW_020133608.1	8239	484772307
scaff_group012	NW_020133609.1	8232	484780539
scaff_group012	NW_020133610.1	8218	484788757
scaff_group012	NW_020133611.1	8213	484796970
scaff_group012	NW_020133612.1	8212	484805182
scaff_group012	NW_020133613.1	8210	484813392
scaff_group012	NW_020133614.1	8210	484821602
scaff_group012	NW_020133615.1	8197	484829799
scaff_group012	NW_020133616.1	8191	484837990
scaff_group012	NW_020133617.1	8190	484846180
scaff_group012	NW_020133618.1	10230	484856410
scaff_group012	NW_020133619.1	8164	484864574
scaff_group012	NW_020133620.1	8164	484872738
scaff_group012	NW_020133621.1	8152	484880890
scaff_group012	NW_020133622.1	12079	484892969
scaff_group012	NW_020133623.1	8146	484901115
scaff_group012	NW_020133624.1	8144	484909259
scaff_group012	NW_020133625.1	8142	484917401
scaff_group012	NW_020133626.1	8133	484925534
scaff_group012	NW_020133627.1	8128	484933662
scaff_group012	NW_020133628.1	8127	484941789
scaff_group012	NW_020133629.1	8125	484949914
scaff_group012	NW_020133630.1	8108	484958022
scaff_group012	NW_020133631.1	8101	484966123
scaff_group012	NW_020133632.1	8095	484974218
scaff_group012	NW_020133633.1	8086	484982304
scaff_group012	NW_020133634.1	8081	484990385
scaff_group012	NW_020133635.1	8078	484998463
scaff_group012	NW_020133636.1	8073	485006536
scaff_group012	NW_020133637.1	8071	485014607
scaff_group012	NW_020133638.1	15043	485029650
scaff_group012	NW_020133639.1	8069	485037719
scaff_group012	NW_020133640.1	8063	485045782
scaff_group012	NW_020133641.1	8063	485053845
scaff_group012	NW_020133642.1	8060	485061905
scaff_group012	NW_020133643.1	30716	485092621
scaff_group012	NW_020133644.1	8052	485100673
scaff_group012	NW_020133645.1	8041	485108714
scaff_group012	NW_020133646.1	8037	485116751
scaff_group012	NW_020133647.1	8008	485124759
scaff_group012	NW_020133648.1	7995	485132754
scaff_group012	NW_020133649.1	7991	485140745
scaff_group012	NW_020133650.1	7989	485148734
scaff_group012	NW_020133651.1	7989	485156723
scaff_group012	NW_020133652.1	7978	485164701
scaff_group012	NW_020133653.1	7977	485172678
scaff_group012	NW_020133654.1	7972	485180650
scaff_group012	NW_020133655.1	11076	485191726
scaff_group012	NW_020133656.1	7953	485199679
scaff_group012	NW_020133657.1	7942	485207621
scaff_group012	NW_020133658.1	7930	485215551
scaff_group012	NW_020133659.1	7921	485223472
scaff_group012	NW_020133660.1	7916	485231388
scaff_group012	NW_020133661.1	7913	485239301
scaff_group012	NW_020133662.1	7907	485247208
scaff_group012	NW_020133663.1	7905	485255113
scaff_group012	NW_020133664.1	7901	485263014
scaff_group012	NW_020133665.1	7892	485270906
scaff_group012	NW_020133666.1	18422	485289328
scaff_group012	NW_020133667.1	27270	485316598
scaff_group012	NW_020133668.1	7888	485324486
scaff_group012	NW_020133669.1	7876	485332362
scaff_group012	NW_020133670.1	7861	485340223
scaff_group012	NW_020133671.1	18124	485358347
scaff_group012	NW_020133672.1	7849	485366196
scaff_group012	NW_020133673.1	7840	485374036
scaff_group012	NW_020133674.1	18068	485392104
scaff_group012	NW_020133675.1	7838	485399942
scaff_group012	NW_020133676.1	7836	485407778
scaff_group012	NW_020133677.1	9426	485417204
scaff_group012	NW_020133678.1	7815	485425019
scaff_group012	NW_020133679.1	7815	485432834
scaff_group012	NW_020133680.1	7807	485440641
scaff_group012	NW_020133681.1	7806	485448447
scaff_group012	NW_020133682.1	7801	485456248
scaff_group012	NW_020133683.1	7801	485464049
scaff_group012	NW_020133684.1	7792	485471841
scaff_group012	NW_020133685.1	7791	485479632
scaff_group012	NW_020133686.1	7780	485487412
scaff_group012	NW_020133687.1	7775	485495187
scaff_group012	NW_020133688.1	7774	485502961
scaff_group012	NW_020133689.1	7765	485510726
scaff_group012	NW_020133690.1	7757	485518483
scaff_group012	NW_020133691.1	7752	485526235
scaff_group012	NW_020133692.1	7750	485533985
scaff_group012	NW_020133693.1	10236	485544221
scaff_group012	NW_020133694.1	7744	485551965
scaff_group012	NW_020133695.1	7736	485559701
scaff_group012	NW_020133696.1	7730	485567431
scaff_group012	NW_020133697.1	7729	485575160
scaff_group012	NW_020133698.1	7728	485582888
scaff_group012	NW_020133699.1	18221	485601109
scaff_group012	NW_020133700.1	7715	485608824
scaff_group012	NW_020133701.1	7712	485616536
scaff_group012	NW_020133702.1	7706	485624242
scaff_group012	NW_020133703.1	7698	485631940
scaff_group012	NW_020133704.1	7695	485639635
scaff_group012	NW_020133705.1	7695	485647330
scaff_group012	NW_020133706.1	7694	485655024
scaff_group012	NW_020133707.1	7691	485662715
scaff_group012	NW_020133708.1	7671	485670386
scaff_group012	NW_020133709.1	7658	485678044
scaff_group012	NW_020133710.1	7651	485685695
scaff_group012	NW_020133711.1	7644	485693339
scaff_group012	NW_020133712.1	7644	485700983
scaff_group012	NW_020133713.1	16884	485717867
scaff_group012	NW_020133714.1	7639	485725506
scaff_group012	NW_020133715.1	7638	485733144
scaff_group012	NW_020133716.1	28121	485761265
scaff_group012	NW_020133717.1	7633	485768898
scaff_group012	NW_020133718.1	7628	485776526
scaff_group012	NW_020133719.1	7628	485784154
scaff_group012	NW_020133720.1	15050	485799204
scaff_group012	NW_020133721.1	7571	485806775
scaff_group012	NW_020133722.1	7569	485814344
scaff_group012	NW_020133723.1	7567	485821911
scaff_group012	NW_020133724.1	16558	485838469
scaff_group012	NW_020133725.1	7558	485846027
scaff_group012	NW_020133726.1	7555	485853582
scaff_group012	NW_020133727.1	7551	485861133
scaff_group012	NW_020133728.1	7551	485868684
scaff_group012	NW_020133729.1	7549	485876233
scaff_group012	NW_020133730.1	7543	485883776
scaff_group012	NW_020133731.1	7535	485891311
scaff_group012	NW_020133732.1	7523	485898834
scaff_group012	NW_020133733.1	7512	485906346
scaff_group012	NW_020133734.1	7508	485913854
scaff_group012	NW_020133735.1	7502	485921356
scaff_group012	NW_020133736.1	7501	485928857
scaff_group012	NW_020133737.1	7475	485936332
scaff_group012	NW_020133738.1	7475	485943807
scaff_group012	NW_020133739.1	7468	485951275
scaff_group012	NW_020133740.1	7466	485958741
scaff_group012	NW_020133741.1	7458	485966199
scaff_group012	NW_020133742.1	7454	485973653
scaff_group012	NW_020133743.1	7451	485981104
scaff_group012	NW_020133744.1	7447	485988551
scaff_group012	NW_020133745.1	7446	485995997
scaff_group012	NW_020133746.1	7446	486003443
scaff_group012	NW_020133747.1	7445	486010888
scaff_group012	NW_020133748.1	14860	486025748
scaff_group012	NW_020133749.1	7438	486033186
scaff_group012	NW_020133750.1	7435	486040621
scaff_group012	NW_020133751.1	7430	486048051
scaff_group012	NW_020133752.1	7427	486055478
scaff_group012	NW_020133753.1	7418	486062896
scaff_group012	NW_020133754.1	8730	486071626
scaff_group012	NW_020133755.1	7388	486079014
scaff_group012	NW_020133756.1	7367	486086381
scaff_group012	NW_020133757.1	7366	486093747
scaff_group012	NW_020133758.1	7337	486101084
scaff_group012	NW_020133759.1	12802	486113886
scaff_group012	NW_020133760.1	7331	486121217
scaff_group012	NW_020133761.1	7331	486128548
scaff_group012	NW_020133762.1	7330	486135878
scaff_group012	NW_020133763.1	7321	486143199
scaff_group012	NW_020133764.1	7318	486150517
scaff_group012	NW_020133765.1	7312	486157829
scaff_group012	NW_020133766.1	37787	486195616
scaff_group012	NW_020133767.1	7310	486202926
scaff_group012	NW_020133768.1	7309	486210235
scaff_group012	NW_020133769.1	7306	486217541
scaff_group012	NW_020133770.1	7304	486224845
scaff_group012	NW_020133771.1	7298	486232143
scaff_group012	NW_020133772.1	7298	486239441
scaff_group012	NW_020133773.1	7297	486246738
scaff_group012	NW_020133774.1	7295	486254033
scaff_group012	NW_020133775.1	7294	486261327
scaff_group012	NW_020133776.1	7294	486268621
scaff_group012	NW_020133777.1	7290	486275911
scaff_group012	NW_020133778.1	7286	486283197
scaff_group012	NW_020133779.1	7282	486290479
scaff_group012	NW_020133780.1	7271	486297750
scaff_group012	NW_020133781.1	7267	486305017
scaff_group012	NW_020133782.1	7262	486312279
scaff_group012	NW_020133783.1	12259	486324538
scaff_group012	NW_020133784.1	7254	486331792
scaff_group012	NW_020133785.1	7247	486339039
scaff_group012	NW_020133786.1	7245	486346284
scaff_group012	NW_020133787.1	7244	486353528
scaff_group012	NW_020133788.1	7240	486360768
scaff_group012	NW_020133789.1	7238	486368006
scaff_group012	NW_020133790.1	7237	486375243
scaff_group012	NW_020133791.1	7229	486382472
scaff_group012	NW_020133792.1	7220	486389692
scaff_group012	NW_020133793.1	7214	486396906
scaff_group012	NW_020133794.1	7204	486404110
scaff_group012	NW_020133795.1	7198	486411308
scaff_group012	NW_020133796.1	7188	486418496
scaff_group012	NW_020133797.1	24743	486443239
scaff_group012	NW_020133798.1	7173	486450412
scaff_group012	NW_020133799.1	7163	486457575
scaff_group012	NW_020133800.1	7159	486464734
scaff_group012	NW_020133801.1	7158	486471892
scaff_group012	NW_020133802.1	7157	486479049
scaff_group012	NW_020133803.1	7153	486486202
scaff_group012	NW_020133804.1	7151	486493353
scaff_group012	NW_020133805.1	7138	486500491
scaff_group012	NW_020133806.1	7136	486507627
scaff_group012	NW_020133807.1	7131	486514758
scaff_group012	NW_020133808.1	7130	486521888
scaff_group012	NW_020133809.1	7117	486529005
scaff_group012	NW_020133810.1	7112	486536117
scaff_group012	NW_020133811.1	7110	486543227
scaff_group012	NW_020133812.1	7104	486550331
scaff_group012	NW_020133813.1	7101	486557432
scaff_group012	NW_020133814.1	7089	486564521
scaff_group012	NW_020133815.1	7088	486571609
scaff_group012	NW_020133816.1	7088	486578697
scaff_group012	NW_020133817.1	7087	486585784
scaff_group012	NW_020133818.1	7062	486592846
scaff_group012	NW_020133819.1	7061	486599907
scaff_group012	NW_020133820.1	7058	486606965
scaff_group012	NW_020133821.1	7057	486614022
scaff_group012	NW_020133822.1	7052	486621074
scaff_group012	NW_020133823.1	7047	486628121
scaff_group012	NW_020133824.1	13112	486641233
scaff_group012	NW_020133825.1	7030	486648263
scaff_group012	NW_020133826.1	7015	486655278
scaff_group012	NW_020133827.1	7007	486662285
scaff_group012	NW_020133828.1	7001	486669286
scaff_group012	NW_020133829.1	6995	486676281
scaff_group012	NW_020133830.1	6992	486683273
scaff_group012	NW_020133831.1	6990	486690263
scaff_group012	NW_020133832.1	6972	486697235
scaff_group012	NW_020133833.1	6971	486704206
scaff_group012	NW_020133834.1	6970	486711176
scaff_group012	NW_020133835.1	6966	486718142
scaff_group012	NW_020133836.1	6965	486725107
scaff_group012	NW_020133837.1	6963	486732070
scaff_group012	NW_020133838.1	6950	486739020
scaff_group012	NW_020133839.1	6946	486745966
scaff_group012	NW_020133840.1	15025	486760991
scaff_group012	NW_020133841.1	6939	486767930
scaff_group012	NW_020133842.1	6935	486774865
scaff_group012	NW_020133843.1	6925	486781790
scaff_group012	NW_020133844.1	6923	486788713
scaff_group012	NW_020133845.1	6913	486795626
scaff_group012	NW_020133846.1	6908	486802534
scaff_group012	NW_020133847.1	6902	486809436
scaff_group012	NW_020133848.1	6893	486816329
scaff_group012	NW_020133849.1	6879	486823208
scaff_group012	NW_020133850.1	6864	486830072
scaff_group012	NW_020133851.1	30433	486860505
scaff_group012	NW_020133852.1	6849	486867354
scaff_group012	NW_020133853.1	6846	486874200
scaff_group012	NW_020133854.1	6846	486881046
scaff_group012	NW_020133855.1	6845	486887891
scaff_group012	NW_020133856.1	6842	486894733
scaff_group012	NW_020133857.1	6841	486901574
scaff_group012	NW_020133858.1	6840	486908414
scaff_group012	NW_020133859.1	6834	486915248
scaff_group012	NW_020133860.1	13602	486928850
scaff_group012	NW_020133861.1	6832	486935682
scaff_group012	NW_020133862.1	6818	486942500
scaff_group012	NW_020133863.1	6815	486949315
scaff_group012	NW_020133864.1	6813	486956128
scaff_group012	NW_020133865.1	6810	486962938
scaff_group012	NW_020133866.1	6808	486969746
scaff_group012	NW_020133867.1	10191	486979937
scaff_group012	NW_020133868.1	6802	486986739
scaff_group012	NW_020133869.1	6796	486993535
scaff_group012	NW_020133870.1	6791	487000326
scaff_group012	NW_020133871.1	6790	487007116
scaff_group012	NW_020133872.1	6786	487013902
scaff_group012	NW_020133873.1	12831	487026733
scaff_group012	NW_020133874.1	6779	487033512
scaff_group012	NW_020133875.1	6774	487040286
scaff_group012	NW_020133876.1	6773	487047059
scaff_group012	NW_020133877.1	6771	487053830
scaff_group012	NW_020133878.1	6762	487060592
scaff_group012	NW_020133879.1	6762	487067354
scaff_group012	NW_020133880.1	6759	487074113
scaff_group012	NW_020133881.1	6757	487080870
scaff_group012	NW_020133882.1	6757	487087627
scaff_group012	NW_020133883.1	6748	487094375
scaff_group012	NW_020133884.1	6742	487101117
scaff_group012	NW_020133885.1	6740	487107857
scaff_group012	NW_020133886.1	6739	487114596
scaff_group012	NW_020133887.1	6739	487121335
scaff_group012	NW_020133888.1	6729	487128064
scaff_group012	NW_020133889.1	6727	487134791
scaff_group012	NW_020133890.1	6723	487141514
scaff_group012	NW_020133891.1	6717	487148231
scaff_group012	NW_020133892.1	6713	487154944
scaff_group012	NW_020133893.1	6712	487161656
scaff_group012	NW_020133894.1	6710	487168366
scaff_group012	NW_020133895.1	6701	487175067
scaff_group012	NW_020133896.1	6696	487181763
scaff_group012	NW_020133897.1	6680	487188443
scaff_group012	NW_020133898.1	6675	487195118
scaff_group012	NW_020133899.1	6671	487201789
scaff_group012	NW_020133900.1	6665	487208454
scaff_group012	NW_020133901.1	6663	487215117
scaff_group012	NW_020133902.1	6661	487221778
scaff_group012	NW_020133903.1	6661	487228439
scaff_group012	NW_020133904.1	6657	487235096
scaff_group012	NW_020133905.1	6657	487241753
scaff_group012	NW_020133906.1	6652	487248405
scaff_group012	NW_020133907.1	6650	487255055
scaff_group012	NW_020133908.1	6649	487261704
scaff_group012	NW_020133909.1	6648	487268352
scaff_group012	NW_020133910.1	6646	487274998
scaff_group012	NW_020133911.1	6643	487281641
scaff_group012	NW_020133912.1	6635	487288276
scaff_group012	NW_020133913.1	6630	487294906
scaff_group012	NW_020133914.1	6626	487301532
scaff_group012	NW_020133915.1	6622	487308154
scaff_group012	NW_020133916.1	6606	487314760
scaff_group012	NW_020133917.1	6591	487321351
scaff_group012	NW_020133918.1	6581	487327932
scaff_group012	NW_020133919.1	6571	487334503
scaff_group012	NW_020133920.1	6566	487341069
scaff_group012	NW_020133921.1	6562	487347631
scaff_group012	NW_020133922.1	6558	487354189
scaff_group012	NW_020133923.1	13731	487367920
scaff_group012	NW_020133924.1	6540	487374460
scaff_group012	NW_020133925.1	6534	487380994
scaff_group012	NW_020133926.1	6524	487387518
scaff_group012	NW_020133927.1	6520	487394038
scaff_group012	NW_020133928.1	6509	487400547
scaff_group012	NW_020133929.1	6504	487407051
scaff_group012	NW_020133930.1	6501	487413552
scaff_group012	NW_020133931.1	6498	487420050
scaff_group012	NW_020133932.1	6497	487426547
scaff_group012	NW_020133933.1	6491	487433038
scaff_group012	NW_020133934.1	6490	487439528
scaff_group012	NW_020133935.1	10140	487449668
scaff_group012	NW_020133936.1	6485	487456153
scaff_group012	NW_020133937.1	6483	487462636
scaff_group012	NW_020133938.1	6481	487469117
scaff_group012	NW_020133939.1	13421	487482538
scaff_group012	NW_020133940.1	6474	487489012
scaff_group012	NW_020133941.1	6474	487495486
scaff_group012	NW_020133942.1	6470	487501956
scaff_group012	NW_020133943.1	6461	487508417
scaff_group012	NW_020133944.1	6458	487514875
scaff_group012	NW_020133945.1	6452	487521327
scaff_group012	NW_020133946.1	6448	487527775
scaff_group012	NW_020133947.1	7691	487535466
scaff_group012	NW_020133948.1	6437	487541903
scaff_group012	NW_020133949.1	6437	487548340
scaff_group012	NW_020133950.1	15704	487564044
scaff_group012	NW_020133951.1	6423	487570467
scaff_group012	NW_020133952.1	6417	487576884
scaff_group012	NW_020133953.1	6416	487583300
scaff_group012	NW_020133954.1	6412	487589712
scaff_group012	NW_020133955.1	6409	487596121
scaff_group012	NW_020133956.1	6398	487602519
scaff_group012	NW_020133957.1	6397	487608916
scaff_group012	NW_020133958.1	6388	487615304
scaff_group012	NW_020133959.1	6385	487621689
scaff_group012	NW_020133960.1	6378	487628067
scaff_group012	NW_020133961.1	30069	487658136
scaff_group012	NW_020133962.1	6374	487664510
scaff_group012	NW_020133963.1	6371	487670881
scaff_group012	NW_020133964.1	6368	487677249
scaff_group012	NW_020133965.1	6358	487683607
scaff_group012	NW_020133966.1	6355	487689962
scaff_group012	NW_020133967.1	6351	487696313
scaff_group012	NW_020133968.1	6342	487702655
scaff_group012	NW_020133969.1	11249	487713904
scaff_group012	NW_020133970.1	6337	487720241
scaff_group012	NW_020133971.1	6336	487726577
scaff_group012	NW_020133972.1	6329	487732906
scaff_group012	NW_020133973.1	12904	487745810
scaff_group012	NW_020133974.1	6327	487752137
scaff_group012	NW_020133975.1	6324	487758461
scaff_group012	NW_020133976.1	6322	487764783
scaff_group012	NW_020133977.1	6317	487771100
scaff_group012	NW_020133978.1	6312	487777412
scaff_group012	NW_020133979.1	6309	487783721
scaff_group012	NW_020133980.1	6293	487790014
scaff_group012	NW_020133981.1	6285	487796299
scaff_group012	NW_020133982.1	6282	487802581
scaff_group012	NW_020133983.1	6281	487808862
scaff_group012	NW_020133984.1	6263	487815125
scaff_group012	NW_020133985.1	6262	487821387
scaff_group012	NW_020133986.1	6260	487827647
scaff_group012	NW_020133987.1	6257	487833904
scaff_group012	NW_020133988.1	6252	487840156
scaff_group012	NW_020133989.1	6251	487846407
scaff_group012	NW_020133990.1	6246	487852653
scaff_group012	NW_020133991.1	6233	487858886
scaff_group012	NW_020133992.1	6227	487865113
scaff_group012	NW_020133993.1	6225	487871338
scaff_group012	NW_020133994.1	16963	487888301
scaff_group012	NW_020133995.1	6222	487894523
scaff_group012	NW_020133996.1	6219	487900742
scaff_group012	NW_020133997.1	6214	487906956
scaff_group012	NW_020133998.1	6212	487913168
scaff_group012	NW_020133999.1	13986	487927154
scaff_group012	NW_020134000.1	6197	487933351
scaff_group012	NW_020134001.1	6194	487939545
scaff_group012	NW_020134002.1	6192	487945737
scaff_group012	NW_020134003.1	6191	487951928
scaff_group012	NW_020134004.1	6189	487958117
scaff_group012	NW_020134005.1	6181	487964298
scaff_group012	NW_020134006.1	18078	487982376
scaff_group012	NW_020134007.1	6165	487988541
scaff_group012	NW_020134008.1	6165	487994706
scaff_group012	NW_020134009.1	6162	488000868
scaff_group012	NW_020134010.1	6160	488007028
scaff_group012	NW_020134011.1	6159	488013187
scaff_group012	NW_020134012.1	6137	488019324
scaff_group012	NW_020134013.1	6136	488025460
scaff_group012	NW_020134014.1	6133	488031593
scaff_group012	NW_020134015.1	6127	488037720
scaff_group012	NW_020134016.1	6125	488043845
scaff_group012	NW_020134017.1	6120	488049965
scaff_group012	NW_020134018.1	6118	488056083
scaff_group012	NW_020134019.1	6115	488062198
scaff_group012	NW_020134020.1	6108	488068306
scaff_group012	NW_020134021.1	13526	488081832
scaff_group012	NW_020134022.1	6096	488087928
scaff_group012	NW_020134023.1	6092	488094020
scaff_group012	NW_020134024.1	6085	488100105
scaff_group012	NW_020134025.1	6068	488106173
scaff_group012	NW_020134026.1	6067	488112240
scaff_group012	NW_020134027.1	6061	488118301
scaff_group012	NW_020134028.1	6061	488124362
scaff_group012	NW_020134029.1	6055	488130417
scaff_group012	NW_020134030.1	6055	488136472
scaff_group012	NW_020134031.1	6049	488142521
scaff_group012	NW_020134032.1	6049	488148570
scaff_group012	NW_020134033.1	6048	488154618
scaff_group012	NW_020134034.1	20805	488175423
scaff_group012	NW_020134035.1	6044	488181467
scaff_group012	NW_020134036.1	6035	488187502
scaff_group012	NW_020134037.1	6031	488193533
scaff_group012	NW_020134038.1	6028	488199561
scaff_group012	NW_020134039.1	6028	488205589
scaff_group012	NW_020134040.1	6019	488211608
scaff_group012	NW_020134041.1	6013	488217621
scaff_group012	NW_020134042.1	11985	488229606
scaff_group012	NW_020134043.1	6009	488235615
scaff_group012	NW_020134044.1	6009	488241624
scaff_group012	NW_020134045.1	6007	488247631
scaff_group012	NW_020134046.1	6002	488253633
scaff_group012	NW_020134047.1	6002	488259635
scaff_group012	NW_020134048.1	5987	488265622
scaff_group012	NW_020134049.1	5986	488271608
scaff_group012	NW_020134050.1	5984	488277592
scaff_group012	NW_020134051.1	5982	488283574
scaff_group012	NW_020134052.1	5970	488289544
scaff_group012	NW_020134053.1	5967	488295511
scaff_group012	NW_020134054.1	5962	488301473
scaff_group012	NW_020134055.1	5949	488307422
scaff_group012	NW_020134056.1	5939	488313361
scaff_group012	NW_020134057.1	5934	488319295
scaff_group012	NW_020134058.1	5933	488325228
scaff_group012	NW_020134059.1	5931	488331159
scaff_group012	NW_020134060.1	5930	488337089
scaff_group012	NW_020134061.1	5929	488343018
scaff_group012	NW_020134062.1	5917	488348935
scaff_group012	NW_020134063.1	5917	488354852
scaff_group012	NW_020134064.1	5910	488360762
scaff_group012	NW_020134065.1	5906	488366668
scaff_group012	NW_020134066.1	5896	488372564
scaff_group012	NW_020134067.1	5895	488378459
scaff_group012	NW_020134068.1	5893	488384352
scaff_group012	NW_020134069.1	5891	488390243
scaff_group012	NW_020134070.1	5879	488396122
scaff_group012	NW_020134071.1	13580	488409702
scaff_group012	NW_020134072.1	5878	488415580
scaff_group012	NW_020134073.1	5873	488421453
scaff_group012	NW_020134074.1	5871	488427324
scaff_group012	NW_020134075.1	5870	488433194
scaff_group012	NW_020134076.1	5869	488439063
scaff_group012	NW_020134077.1	5861	488444924
scaff_group012	NW_020134078.1	5857	488450781
scaff_group012	NW_020134079.1	5854	488456635
scaff_group012	NW_020134080.1	5850	488462485
scaff_group012	NW_020134081.1	5840	488468325
scaff_group012	NW_020134082.1	5837	488474162
scaff_group012	NW_020134083.1	5836	488479998
scaff_group012	NW_020134084.1	5827	488485825
scaff_group012	NW_020134085.1	5823	488491648
scaff_group012	NW_020134086.1	5818	488497466
scaff_group012	NW_020134087.1	5818	488503284
scaff_group012	NW_020134088.1	5815	488509099
scaff_group012	NW_020134089.1	5813	488514912
scaff_group012	NW_020134090.1	5811	488520723
scaff_group012	NW_020134091.1	5802	488526525
scaff_group012	NW_020134092.1	5798	488532323
scaff_group012	NW_020134093.1	5797	488538120
scaff_group012	NW_020134094.1	5793	488543913
scaff_group012	NW_020134095.1	5788	488549701
scaff_group012	NW_020134096.1	5784	488555485
scaff_group012	NW_020134097.1	5782	488561267
scaff_group012	NW_020134098.1	5781	488567048
scaff_group012	NW_020134099.1	5781	488572829
scaff_group012	NW_020134100.1	5780	488578609
scaff_group012	NW_020134101.1	5777	488584386
scaff_group012	NW_020134102.1	5776	488590162
scaff_group012	NW_020134103.1	5776	488595938
scaff_group012	NW_020134104.1	11901	488607839
scaff_group012	NW_020134105.1	5771	488613610
scaff_group012	NW_020134106.1	5770	488619380
scaff_group012	NW_020134107.1	5768	488625148
scaff_group012	NW_020134108.1	5765	488630913
scaff_group012	NW_020134109.1	5765	488636678
scaff_group012	NW_020134110.1	5764	488642442
scaff_group012	NW_020134111.1	5758	488648200
scaff_group012	NW_020134112.1	5757	488653957
scaff_group012	NW_020134113.1	5754	488659711
scaff_group012	NW_020134114.1	5753	488665464
scaff_group012	NW_020134115.1	5741	488671205
scaff_group012	NW_020134116.1	5738	488676943
scaff_group012	NW_020134117.1	5736	488682679
scaff_group012	NW_020134118.1	5730	488688409
scaff_group012	NW_020134119.1	5727	488694136
scaff_group012	NW_020134120.1	5723	488699859
scaff_group012	NW_020134121.1	5721	488705580
scaff_group012	NW_020134122.1	7297	488712877
scaff_group012	NW_020134123.1	5706	488718583
scaff_group012	NW_020134124.1	5706	488724289
scaff_group012	NW_020134125.1	11258	488735547
scaff_group012	NW_020134126.1	5704	488741251
scaff_group012	NW_020134127.1	5702	488746953
scaff_group012	NW_020134128.1	5690	488752643
scaff_group012	NW_020134129.1	5685	488758328
scaff_group012	NW_020134130.1	5685	488764013
scaff_group012	NW_020134131.1	5668	488769681
scaff_group012	NW_020134132.1	5668	488775349
scaff_group012	NW_020134133.1	5667	488781016
scaff_group012	NW_020134134.1	5662	488786678
scaff_group012	NW_020134135.1	5662	488792340
scaff_group012	NW_020134136.1	5657	488797997
scaff_group012	NW_020134137.1	5655	488803652
scaff_group012	NW_020134138.1	5655	488809307
scaff_group012	NW_020134139.1	5636	488814943
scaff_group012	NW_020134140.1	5630	488820573
scaff_group012	NW_020134141.1	5630	488826203
scaff_group012	NW_020134142.1	5628	488831831
scaff_group012	NW_020134143.1	5616	488837447
scaff_group012	NW_020134144.1	5611	488843058
scaff_group012	NW_020134145.1	5609	488848667
scaff_group012	NW_020134146.1	5608	488854275
scaff_group012	NW_020134147.1	5608	488859883
scaff_group012	NW_020134148.1	5604	488865487
scaff_group012	NW_020134149.1	5603	488871090
scaff_group012	NW_020134150.1	5600	488876690
scaff_group012	NW_020134151.1	5597	488882287
scaff_group012	NW_020134152.1	5593	488887880
scaff_group012	NW_020134153.1	5592	488893472
scaff_group012	NW_020134154.1	12148	488905620
scaff_group012	NW_020134155.1	5588	488911208
scaff_group012	NW_020134156.1	5586	488916794
scaff_group012	NW_020134157.1	5578	488922372
scaff_group012	NW_020134158.1	5578	488927950
scaff_group012	NW_020134159.1	5575	488933525
scaff_group012	NW_020134160.1	17177	488950702
scaff_group012	NW_020134161.1	5568	488956270
scaff_group012	NW_020134162.1	5559	488961829
scaff_group012	NW_020134163.1	5555	488967384
scaff_group012	NW_020134164.1	26640	488994024
scaff_group012	NW_020134165.1	5554	488999578
scaff_group012	NW_020134166.1	5550	489005128
scaff_group012	NW_020134167.1	5542	489010670
scaff_group012	NW_020134168.1	5541	489016211
scaff_group012	NW_020134169.1	5540	489021751
scaff_group012	NW_020134170.1	5539	489027290
scaff_group012	NW_020134171.1	5538	489032828
scaff_group012	NW_020134172.1	5537	489038365
scaff_group012	NW_020134173.1	5537	489043902
scaff_group012	NW_020134174.1	5534	489049436
scaff_group012	NW_020134175.1	5530	489054966
scaff_group012	NW_020134176.1	5526	489060492
scaff_group012	NW_020134177.1	5524	489066016
scaff_group012	NW_020134178.1	5522	489071538
scaff_group012	NW_020134179.1	5518	489077056
scaff_group012	NW_020134180.1	15473	489092529
scaff_group012	NW_020134181.1	5516	489098045
scaff_group012	NW_020134182.1	5514	489103559
scaff_group012	NW_020134183.1	5510	489109069
scaff_group012	NW_020134184.1	5507	489114576
scaff_group012	NW_020134185.1	5507	489120083
scaff_group012	NW_020134186.1	5502	489125585
scaff_group012	NW_020134187.1	5502	489131087
scaff_group012	NW_020134188.1	5492	489136579
scaff_group012	NW_020134189.1	5491	489142070
scaff_group012	NW_020134190.1	5490	489147560
scaff_group012	NW_020134191.1	5489	489153049
scaff_group012	NW_020134192.1	10697	489163746
scaff_group012	NW_020134193.1	5474	489169220
scaff_group012	NW_020134194.1	5472	489174692
scaff_group012	NW_020134195.1	5470	489180162
scaff_group012	NW_020134196.1	5465	489185627
scaff_group012	NW_020134197.1	5460	489191087
scaff_group012	NW_020134198.1	5452	489196539
scaff_group012	NW_020134199.1	5447	489201986
scaff_group012	NW_020134200.1	5446	489207432
scaff_group012	NW_020134201.1	5442	489212874
scaff_group012	NW_020134202.1	5440	489218314
scaff_group012	NW_020134203.1	5434	489223748
scaff_group012	NW_020134204.1	18797	489242545
scaff_group012	NW_020134205.1	5428	489247973
scaff_group012	NW_020134206.1	5421	489253394
scaff_group012	NW_020134207.1	6692	489260086
scaff_group012	NW_020134208.1	5420	489265506
scaff_group012	NW_020134209.1	5418	489270924
scaff_group012	NW_020134210.1	5403	489276327
scaff_group012	NW_020134211.1	5402	489281729
scaff_group012	NW_020134212.1	5400	489287129
scaff_group012	NW_020134213.1	5391	489292520
scaff_group012	NW_020134214.1	5390	489297910
scaff_group012	NW_020134215.1	5379	489303289
scaff_group012	NW_020134216.1	5374	489308663
scaff_group012	NW_020134217.1	5372	489314035
scaff_group012	NW_020134218.1	5371	489319406
scaff_group012	NW_020134219.1	5371	489324777
scaff_group012	NW_020134220.1	5363	489330140
scaff_group012	NW_020134221.1	5362	489335502
scaff_group012	NW_020134222.1	5361	489340863
scaff_group012	NW_020134223.1	5359	489346222
scaff_group012	NW_020134224.1	5355	489351577
scaff_group012	NW_020134225.1	5355	489356932
scaff_group012	NW_020134226.1	5352	489362284
scaff_group012	NW_020134227.1	5350	489367634
scaff_group012	NW_020134228.1	5348	489372982
scaff_group012	NW_020134229.1	5348	489378330
scaff_group012	NW_020134230.1	5339	489383669
scaff_group012	NW_020134231.1	34587	489418256
scaff_group012	NW_020134232.1	5333	489423589
scaff_group012	NW_020134233.1	5329	489428918
scaff_group012	NW_020134234.1	5328	489434246
scaff_group012	NW_020134235.1	5325	489439571
scaff_group012	NW_020134236.1	6686	489446257
scaff_group012	NW_020134237.1	5319	489451576
scaff_group012	NW_020134238.1	5317	489456893
scaff_group012	NW_020134239.1	5311	489462204
scaff_group012	NW_020134240.1	5305	489467509
scaff_group012	NW_020134241.1	5301	489472810
scaff_group012	NW_020134242.1	5300	489478110
scaff_group012	NW_020134243.1	5294	489483404
scaff_group012	NW_020134244.1	5293	489488697
scaff_group012	NW_020134245.1	5286	489493983
scaff_group012	NW_020134246.1	5278	489499261
scaff_group012	NW_020134247.1	5275	489504536
scaff_group012	NW_020134248.1	5266	489509802
scaff_group012	NW_020134249.1	5265	489515067
scaff_group012	NW_020134250.1	23441	489538508
scaff_group012	NW_020134251.1	5263	489543771
scaff_group012	NW_020134252.1	5255	489549026
scaff_group012	NW_020134253.1	5245	489554271
scaff_group012	NW_020134254.1	5234	489559505
scaff_group012	NW_020134255.1	5233	489564738
scaff_group012	NW_020134256.1	5233	489569971
scaff_group012	NW_020134257.1	8818	489578789
scaff_group012	NW_020134258.1	5231	489584020
scaff_group012	NW_020134259.1	5223	489589243
scaff_group012	NW_020134260.1	5222	489594465
scaff_group012	NW_020134261.1	5211	489599676
scaff_group012	NW_020134262.1	5210	489604886
scaff_group012	NW_020134263.1	5205	489610091
scaff_group012	NW_020134264.1	5203	489615294
scaff_group012	NW_020134265.1	5193	489620487
scaff_group012	NW_020134266.1	5190	489625677
scaff_group012	NW_020134267.1	5190	489630867
scaff_group012	NW_020134268.1	5189	489636056
scaff_group012	NW_020134269.1	5183	489641239
scaff_group012	NW_020134270.1	5180	489646419
scaff_group012	NW_020134271.1	5177	489651596
scaff_group012	NW_020134272.1	5167	489656763
scaff_group012	NW_020134273.1	5160	489661923
scaff_group012	NW_020134274.1	5144	489667067
scaff_group012	NW_020134275.1	5140	489672207
scaff_group012	NW_020134276.1	5139	489677346
scaff_group012	NW_020134277.1	5137	489682483
scaff_group012	NW_020134278.1	5137	489687620
scaff_group012	NW_020134279.1	5136	489692756
scaff_group012	NW_020134280.1	5135	489697891
scaff_group012	NW_020134281.1	5130	489703021
scaff_group012	NW_020134282.1	7544	489710565
scaff_group012	NW_020134283.1	5125	489715690
scaff_group012	NW_020134284.1	5124	489720814
scaff_group012	NW_020134285.1	5122	489725936
scaff_group012	NW_020134286.1	5118	489731054
scaff_group012	NW_020134287.1	5116	489736170
scaff_group012	NW_020134288.1	8563	489744733
scaff_group012	NW_020134289.1	5113	489749846
scaff_group012	NW_020134290.1	5103	489754949
scaff_group012	NW_020134291.1	5102	489760051
scaff_group012	NW_020134292.1	5099	489765150
scaff_group012	NW_020134293.1	5095	489770245
scaff_group012	NW_020134294.1	10122	489780367
scaff_group012	NW_020134295.1	5090	489785457
scaff_group012	NW_020134296.1	5087	489790544
scaff_group012	NW_020134297.1	5077	489795621
scaff_group012	NW_020134298.1	5073	489800694
scaff_group012	NW_020134299.1	5072	489805766
scaff_group012	NW_020134300.1	5061	489810827
scaff_group012	NW_020134301.1	5055	489815882
scaff_group012	NW_020134302.1	19248	489835130
scaff_group012	NW_020134303.1	5051	489840181
scaff_group012	NW_020134304.1	5046	489845227
scaff_group012	NW_020134305.1	5045	489850272
scaff_group012	NW_020134306.1	5040	489855312
scaff_group012	NW_020134307.1	5039	489860351
scaff_group012	NW_020134308.1	5030	489865381
scaff_group012	NW_020134309.1	5027	489870408
scaff_group012	NW_020134310.1	5023	489875431
scaff_group012	NW_020134311.1	5015	489880446
scaff_group012	NW_020134312.1	5012	489885458
scaff_group012	NW_020134313.1	5009	489890467
scaff_group012	NW_020134314.1	11967	489902434
scaff_group012	NW_020134315.1	5003	489907437
scaff_group012	NW_020134316.1	5001	489912438
scaff_group012	NW_020134317.1	5001	489917439
scaff_group012	NW_020134318.1	4998	489922437
scaff_group012	NW_020134319.1	4991	489927428
scaff_group012	NW_020134320.1	4985	489932413
scaff_group012	NW_020134321.1	4976	489937389
scaff_group012	NW_020134322.1	4968	489942357
scaff_group012	NW_020134323.1	4961	489947318
scaff_group012	NW_020134324.1	4959	489952277
scaff_group012	NW_020134325.1	4959	489957236
scaff_group012	NW_020134326.1	4956	489962192
scaff_group012	NW_020134327.1	4942	489967134
scaff_group012	NW_020134328.1	8283	489975417
scaff_group012	NW_020134329.1	4937	489980354
scaff_group012	NW_020134330.1	4934	489985288
scaff_group012	NW_020134331.1	4926	489990214
scaff_group012	NW_020134332.1	4926	489995140
scaff_group012	NW_020134333.1	4921	490000061
scaff_group012	NW_020134334.1	4919	490004980
scaff_group012	NW_020134335.1	7499	490012479
scaff_group012	NW_020134336.1	4916	490017395
scaff_group012	NW_020134337.1	4916	490022311
scaff_group012	NW_020134338.1	4912	490027223
scaff_group012	NW_020134339.1	22063	490049286
scaff_group012	NW_020134340.1	4910	490054196
scaff_group012	NW_020134341.1	4905	490059101
scaff_group012	NW_020134342.1	4904	490064005
scaff_group012	NW_020134343.1	4902	490068907
scaff_group012	NW_020134344.1	4902	490073809
scaff_group012	NW_020134345.1	4895	490078704
scaff_group012	NW_020134346.1	4895	490083599
scaff_group012	NW_020134347.1	4892	490088491
scaff_group012	NW_020134348.1	4886	490093377
scaff_group012	NW_020134349.1	4883	490098260
scaff_group012	NW_020134350.1	4870	490103130
scaff_group012	NW_020134351.1	4868	490107998
scaff_group012	NW_020134352.1	4864	490112862
scaff_group012	NW_020134353.1	4855	490117717
scaff_group012	NW_020134354.1	4855	490122572
scaff_group012	NW_020134355.1	4853	490127425
scaff_group012	NW_020134356.1	4848	490132273
scaff_group012	NW_020134357.1	4840	490137113
scaff_group012	NW_020134358.1	4830	490141943
scaff_group012	NW_020134359.1	4829	490146772
scaff_group012	NW_020134360.1	4821	490151593
scaff_group012	NW_020134361.1	4819	490156412
scaff_group012	NW_020134362.1	4816	490161228
scaff_group012	NW_020134363.1	4810	490166038
scaff_group012	NW_020134364.1	4801	490170839
scaff_group012	NW_020134365.1	4790	490175629
scaff_group012	NW_020134366.1	4787	490180416
scaff_group012	NW_020134367.1	4775	490185191
scaff_group012	NW_020134368.1	4773	490189964
scaff_group012	NW_020134369.1	4767	490194731
scaff_group012	NW_020134370.1	4755	490199486
scaff_group012	NW_020134371.1	4755	490204241
scaff_group012	NW_020134372.1	4752	490208993
scaff_group012	NW_020134373.1	4752	490213745
scaff_group012	NW_020134374.1	4751	490218496
scaff_group012	NW_020134375.1	4750	490223246
scaff_group012	NW_020134376.1	4750	490227996
scaff_group012	NW_020134377.1	4749	490232745
scaff_group012	NW_020134378.1	4744	490237489
scaff_group012	NW_020134379.1	4743	490242232
scaff_group012	NW_020134380.1	4737	490246969
scaff_group012	NW_020134381.1	4730	490251699
scaff_group012	NW_020134382.1	4724	490256423
scaff_group012	NW_020134383.1	4708	490261131
scaff_group012	NW_020134384.1	4704	490265835
scaff_group012	NW_020134385.1	4701	490270536
scaff_group012	NW_020134386.1	4695	490275231
scaff_group012	NW_020134387.1	18750	490293981
scaff_group012	NW_020134388.1	4693	490298674
scaff_group012	NW_020134389.1	4690	490303364
scaff_group012	NW_020134390.1	4689	490308053
scaff_group012	NW_020134391.1	4687	490312740
scaff_group012	NW_020134392.1	4684	490317424
scaff_group012	NW_020134393.1	4683	490322107
scaff_group012	NW_020134394.1	4681	490326788
scaff_group012	NW_020134395.1	4678	490331466
scaff_group012	NW_020134396.1	4667	490336133
scaff_group012	NW_020134397.1	4663	490340796
scaff_group012	NW_020134398.1	4648	490345444
scaff_group012	NW_020134399.1	4644	490350088
scaff_group012	NW_020134400.1	4635	490354723
scaff_group012	NW_020134401.1	4634	490359357
scaff_group012	NW_020134402.1	4631	490363988
scaff_group012	NW_020134403.1	4619	490368607
scaff_group012	NW_020134404.1	4618	490373225
scaff_group012	NW_020134405.1	4616	490377841
scaff_group012	NW_020134406.1	4610	490382451
scaff_group012	NW_020134407.1	4608	490387059
scaff_group012	NW_020134408.1	4604	490391663
scaff_group012	NW_020134409.1	4600	490396263
scaff_group012	NW_020134410.1	4597	490400860
scaff_group012	NW_020134411.1	4595	490405455
scaff_group012	NW_020134412.1	4593	490410048
scaff_group012	NW_020134413.1	4593	490414641
scaff_group012	NW_020134414.1	4579	490419220
scaff_group012	NW_020134415.1	4575	490423795
scaff_group012	NW_020134416.1	4571	490428366
scaff_group012	NW_020134417.1	4569	490432935
scaff_group012	NW_020134418.1	4569	490437504
scaff_group012	NW_020134419.1	4567	490442071
scaff_group012	NW_020134420.1	4558	490446629
scaff_group012	NW_020134421.1	4553	490451182
scaff_group012	NW_020134422.1	4548	490455730
scaff_group012	NW_020134423.1	4548	490460278
scaff_group012	NW_020134424.1	4547	490464825
scaff_group012	NW_020134425.1	4537	490469362
scaff_group012	NW_020134426.1	4535	490473897
scaff_group012	NW_020134427.1	4531	490478428
scaff_group012	NW_020134428.1	4530	490482958
scaff_group012	NW_020134429.1	4525	490487483
scaff_group012	NW_020134430.1	4522	490492005
scaff_group012	NW_020134431.1	4517	490496522
scaff_group012	NW_020134432.1	4516	490501038
scaff_group012	NW_020134433.1	4514	490505552
scaff_group012	NW_020134434.1	4511	490510063
scaff_group012	NW_020134435.1	4508	490514571
scaff_group012	NW_020134436.1	4503	490519074
scaff_group012	NW_020134437.1	4502	490523576
scaff_group012	NW_020134438.1	4502	490528078
scaff_group012	NW_020134439.1	4500	490532578
scaff_group012	NW_020134440.1	4499	490537077
scaff_group012	NW_020134441.1	4496	490541573
scaff_group012	NW_020134442.1	4495	490546068
scaff_group012	NW_020134443.1	4489	490550557
scaff_group012	NW_020134444.1	4486	490555043
scaff_group012	NW_020134445.1	4481	490559524
scaff_group012	NW_020134446.1	4479	490564003
scaff_group012	NW_020134447.1	4477	490568480
scaff_group012	NW_020134448.1	8189	490576669
scaff_group012	NW_020134449.1	4472	490581141
scaff_group012	NW_020134450.1	4469	490585610
scaff_group012	NW_020134451.1	4465	490590075
scaff_group012	NW_020134452.1	4464	490594539
scaff_group012	NW_020134453.1	4462	490599001
scaff_group012	NW_020134454.1	4461	490603462
scaff_group012	NW_020134455.1	4453	490607915
scaff_group012	NW_020134456.1	4450	490612365
scaff_group012	NW_020134457.1	4446	490616811
scaff_group012	NW_020134458.1	4444	490621255
scaff_group012	NW_020134459.1	4430	490625685
scaff_group012	NW_020134460.1	4428	490630113
scaff_group012	NW_020134461.1	4427	490634540
scaff_group012	NW_020134462.1	4427	490638967
scaff_group012	NW_020134463.1	4423	490643390
scaff_group012	NW_020134464.1	4422	490647812
scaff_group012	NW_020134465.1	4419	490652231
scaff_group012	NW_020134466.1	4419	490656650
scaff_group012	NW_020134467.1	4419	490661069
scaff_group012	NW_020134468.1	4413	490665482
scaff_group012	NW_020134469.1	4408	490669890
scaff_group012	NW_020134470.1	4404	490674294
scaff_group012	NW_020134471.1	4393	490678687
scaff_group012	NW_020134472.1	4391	490683078
scaff_group012	NW_020134473.1	4391	490687469
scaff_group012	NW_020134474.1	4390	490691859
scaff_group012	NW_020134475.1	4390	490696249
scaff_group012	NW_020134476.1	4390	490700639
scaff_group012	NW_020134477.1	4389	490705028
scaff_group012	NW_020134478.1	4371	490709399
scaff_group012	NW_020134479.1	4370	490713769
scaff_group012	NW_020134480.1	4369	490718138
scaff_group012	NW_020134481.1	4368	490722506
scaff_group012	NW_020134482.1	4362	490726868
scaff_group012	NW_020134483.1	4362	490731230
scaff_group012	NW_020134484.1	4351	490735581
scaff_group012	NW_020134485.1	4348	490739929
scaff_group012	NW_020134486.1	4343	490744272
scaff_group012	NW_020134487.1	4337	490748609
scaff_group012	NW_020134488.1	4332	490752941
scaff_group012	NW_020134489.1	4330	490757271
scaff_group012	NW_020134490.1	4330	490761601
scaff_group012	NW_020134491.1	4329	490765930
scaff_group012	NW_020134492.1	4326	490770256
scaff_group012	NW_020134493.1	4326	490774582
scaff_group012	NW_020134494.1	4324	490778906
scaff_group012	NW_020134495.1	108878	490887784
scaff_group012	NW_020134496.1	4319	490892103
scaff_group012	NW_020134497.1	4318	490896421
scaff_group012	NW_020134498.1	4315	490900736
scaff_group012	NW_020134499.1	4311	490905047
scaff_group012	NW_020134500.1	4306	490909353
scaff_group012	NW_020134501.1	4303	490913656
scaff_group012	NW_020134502.1	4300	490917956
scaff_group012	NW_020134503.1	4298	490922254
scaff_group012	NW_020134504.1	4298	490926552
scaff_group012	NW_020134505.1	4297	490930849
scaff_group012	NW_020134506.1	4297	490935146
scaff_group012	NW_020134507.1	4289	490939435
scaff_group012	NW_020134508.1	4286	490943721
scaff_group012	NW_020134509.1	4286	490948007
scaff_group012	NW_020134510.1	4284	490952291
scaff_group012	NW_020134511.1	4278	490956569
scaff_group012	NW_020134512.1	4278	490960847
scaff_group012	NW_020134513.1	4277	490965124
scaff_group012	NW_020134514.1	4273	490969397
scaff_group012	NW_020134515.1	4273	490973670
scaff_group012	NW_020134516.1	4266	490977936
scaff_group012	NW_020134517.1	4259	490982195
scaff_group012	NW_020134518.1	4257	490986452
scaff_group012	NW_020134519.1	4253	490990705
scaff_group012	NW_020134520.1	4251	490994956
scaff_group012	NW_020134521.1	4245	490999201
scaff_group012	NW_020134522.1	4245	491003446
scaff_group012	NW_020134523.1	13758	491017204
scaff_group012	NW_020134524.1	4235	491021439
scaff_group012	NW_020134525.1	4233	491025672
scaff_group012	NW_020134526.1	4233	491029905
scaff_group012	NW_020134527.1	4228	491034133
scaff_group012	NW_020134528.1	4224	491038357
scaff_group012	NW_020134529.1	4224	491042581
scaff_group012	NW_020134530.1	4223	491046804
scaff_group012	NW_020134531.1	4211	491051015
scaff_group012	NW_020134532.1	4209	491055224
scaff_group012	NW_020134533.1	4209	491059433
scaff_group012	NW_020134534.1	4208	491063641
scaff_group012	NW_020134535.1	4206	491067847
scaff_group012	NW_020134536.1	4202	491072049
scaff_group012	NW_020134537.1	4202	491076251
scaff_group012	NW_020134538.1	4199	491080450
scaff_group012	NW_020134539.1	4198	491084648
scaff_group012	NW_020134540.1	4195	491088843
scaff_group012	NW_020134541.1	4190	491093033
scaff_group012	NW_020134542.1	4185	491097218
scaff_group012	NW_020134543.1	4183	491101401
scaff_group012	NW_020134544.1	4182	491105583
scaff_group012	NW_020134545.1	4178	491109761
scaff_group012	NW_020134546.1	4173	491113934
scaff_group012	NW_020134547.1	4171	491118105
scaff_group012	NW_020134548.1	4170	491122275
scaff_group012	NW_020134549.1	4165	491126440
scaff_group012	NW_020134550.1	4163	491130603
scaff_group012	NW_020134551.1	4155	491134758
scaff_group012	NW_020134552.1	4153	491138911
scaff_group012	NW_020134553.1	4151	491143062
scaff_group012	NW_020134554.1	4146	491147208
scaff_group012	NW_020134555.1	4145	491151353
scaff_group012	NW_020134556.1	4145	491155498
scaff_group012	NW_020134557.1	4143	491159641
scaff_group012	NW_020134558.1	4143	491163784
scaff_group012	NW_020134559.1	4141	491167925
scaff_group012	NW_020134560.1	4140	491172065
scaff_group012	NW_020134561.1	4131	491176196
scaff_group012	NW_020134562.1	4128	491180324
scaff_group012	NW_020134563.1	4127	491184451
scaff_group012	NW_020134564.1	4127	491188578
scaff_group012	NW_020134565.1	8213	491196791
scaff_group012	NW_020134566.1	4121	491200912
scaff_group012	NW_020134567.1	4121	491205033
scaff_group012	NW_020134568.1	4119	491209152
scaff_group012	NW_020134569.1	5884	491215036
scaff_group012	NW_020134570.1	4110	491219146
scaff_group012	NW_020134571.1	4106	491223252
scaff_group012	NW_020134572.1	4100	491227352
scaff_group012	NW_020134573.1	6342	491233694
scaff_group012	NW_020134574.1	4097	491237791
scaff_group012	NW_020134575.1	4094	491241885
scaff_group012	NW_020134576.1	4094	491245979
scaff_group012	NW_020134577.1	4089	491250068
scaff_group012	NW_020134578.1	4085	491254153
scaff_group012	NW_020134579.1	4082	491258235
scaff_group012	NW_020134580.1	4078	491262313
scaff_group012	NW_020134581.1	4077	491266390
scaff_group012	NW_020134582.1	4077	491270467
scaff_group012	NW_020134583.1	4076	491274543
scaff_group012	NW_020134584.1	4063	491278606
scaff_group012	NW_020134585.1	4059	491282665
scaff_group012	NW_020134586.1	4055	491286720
scaff_group012	NW_020134587.1	4055	491290775
scaff_group012	NW_020134588.1	4055	491294830
scaff_group012	NW_020134589.1	4049	491298879
scaff_group012	NW_020134590.1	4041	491302920
scaff_group012	NW_020134591.1	4037	491306957
scaff_group012	NW_020134592.1	4037	491310994
scaff_group012	NW_020134593.1	4036	491315030
scaff_group012	NW_020134594.1	4035	491319065
scaff_group012	NW_020134595.1	4019	491323084
scaff_group012	NW_020134596.1	4019	491327103
scaff_group012	NW_020134597.1	4018	491331121
scaff_group012	NW_020134598.1	4016	491335137
scaff_group012	NW_020134599.1	4015	491339152
scaff_group012	NW_020134600.1	4012	491343164
scaff_group012	NW_020134601.1	4008	491347172
scaff_group012	NW_020134602.1	4007	491351179
scaff_group012	NW_020134603.1	4007	491355186
scaff_group012	NW_020134604.1	4002	491359188
scaff_group012	NW_020134605.1	4000	491363188
scaff_group012	NW_020134606.1	3999	491367187
scaff_group012	NW_020134607.1	3993	491371180
scaff_group012	NW_020134608.1	3992	491375172
scaff_group012	NW_020134609.1	3990	491379162
scaff_group012	NW_020134610.1	3986	491383148
scaff_group012	NW_020134611.1	3983	491387131
scaff_group012	NW_020134612.1	3970	491391101
scaff_group012	NW_020134613.1	3966	491395067
scaff_group012	NW_020134614.1	3964	491399031
scaff_group012	NW_020134615.1	3963	491402994
scaff_group012	NW_020134616.1	3957	491406951
scaff_group012	NW_020134617.1	3939	491410890
scaff_group012	NW_020134618.1	3937	491414827
scaff_group012	NW_020134619.1	3935	491418762
scaff_group012	NW_020134620.1	3933	491422695
scaff_group012	NW_020134621.1	3932	491426627
scaff_group012	NW_020134622.1	3929	491430556
scaff_group012	NW_020134623.1	3927	491434483
scaff_group012	NW_020134624.1	7495	491441978
scaff_group012	NW_020134625.1	3920	491445898
scaff_group012	NW_020134626.1	3918	491449816
scaff_group012	NW_020134627.1	3906	491453722
scaff_group012	NW_020134628.1	3906	491457628
scaff_group012	NW_020134629.1	3899	491461527
scaff_group012	NW_020134630.1	3897	491465424
scaff_group012	NW_020134631.1	3892	491469316
scaff_group012	NW_020134632.1	3889	491473205
scaff_group012	NW_020134633.1	3889	491477094
scaff_group012	NW_020134634.1	3885	491480979
scaff_group012	NW_020134635.1	3884	491484863
scaff_group012	NW_020134636.1	3881	491488744
scaff_group012	NW_020134637.1	3879	491492623
scaff_group012	NW_020134638.1	3878	491496501
scaff_group012	NW_020134639.1	3875	491500376
scaff_group012	NW_020134640.1	3870	491504246
scaff_group012	NW_020134641.1	3870	491508116
scaff_group012	NW_020134642.1	3870	491511986
scaff_group012	NW_020134643.1	3869	491515855
scaff_group012	NW_020134644.1	12916	491528771
scaff_group012	NW_020134645.1	3866	491532637
scaff_group012	NW_020134646.1	3861	491536498
scaff_group012	NW_020134647.1	3861	491540359
scaff_group012	NW_020134648.1	3857	491544216
scaff_group012	NW_020134649.1	3856	491548072
scaff_group012	NW_020134650.1	3855	491551927
scaff_group012	NW_020134651.1	3851	491555778
scaff_group012	NW_020134652.1	3851	491559629
scaff_group012	NW_020134653.1	3849	491563478
scaff_group012	NW_020134654.1	3849	491567327
scaff_group012	NW_020134655.1	3848	491571175
scaff_group012	NW_020134656.1	3845	491575020
scaff_group012	NW_020134657.1	3841	491578861
scaff_group012	NW_020134658.1	3840	491582701
scaff_group012	NW_020134659.1	3835	491586536
scaff_group012	NW_020134660.1	3833	491590369
scaff_group012	NW_020134661.1	3828	491594197
scaff_group012	NW_020134662.1	5018	491599215
scaff_group012	NW_020134663.1	3821	491603036
scaff_group012	NW_020134664.1	3819	491606855
scaff_group012	NW_020134665.1	3817	491610672
scaff_group012	NW_020134666.1	3815	491614487
scaff_group012	NW_020134667.1	3811	491618298
scaff_group012	NW_020134668.1	3811	491622109
scaff_group012	NW_020134669.1	3809	491625918
scaff_group012	NW_020134670.1	3802	491629720
scaff_group012	NW_020134671.1	3795	491633515
scaff_group012	NW_020134672.1	3793	491637308
scaff_group012	NW_020134673.1	3792	491641100
scaff_group012	NW_020134674.1	3791	491644891
scaff_group012	NW_020134675.1	3788	491648679
scaff_group012	NW_020134676.1	3784	491652463
scaff_group012	NW_020134677.1	3783	491656246
scaff_group012	NW_020134678.1	3781	491660027
scaff_group012	NW_020134679.1	3781	491663808
scaff_group012	NW_020134680.1	3775	491667583
scaff_group012	NW_020134681.1	3770	491671353
scaff_group012	NW_020134682.1	3764	491675117
scaff_group012	NW_020134683.1	3760	491678877
scaff_group012	NW_020134684.1	3747	491682624
scaff_group012	NW_020134685.1	3741	491686365
scaff_group012	NW_020134686.1	3740	491690105
scaff_group012	NW_020134687.1	3740	491693845
scaff_group012	NW_020134688.1	3736	491697581
scaff_group012	NW_020134689.1	3734	491701315
scaff_group012	NW_020134690.1	3733	491705048
scaff_group012	NW_020134691.1	3732	491708780
scaff_group012	NW_020134692.1	3731	491712511
scaff_group012	NW_020134693.1	3726	491716237
scaff_group012	NW_020134694.1	3719	491719956
scaff_group012	NW_020134695.1	3718	491723674
scaff_group012	NW_020134696.1	3718	491727392
scaff_group012	NW_020134697.1	3715	491731107
scaff_group012	NW_020134698.1	3714	491734821
scaff_group012	NW_020134699.1	3712	491738533
scaff_group012	NW_020134700.1	3710	491742243
scaff_group012	NW_020134701.1	3710	491745953
scaff_group012	NW_020134702.1	3696	491749649
scaff_group012	NW_020134703.1	3692	491753341
scaff_group012	NW_020134704.1	3691	491757032
scaff_group012	NW_020134705.1	3689	491760721
scaff_group012	NW_020134706.1	3679	491764400
scaff_group012	NW_020134707.1	3678	491768078
scaff_group012	NW_020134708.1	3677	491771755
scaff_group012	NW_020134709.1	3675	491775430
scaff_group012	NW_020134710.1	3674	491779104
scaff_group012	NW_020134711.1	3671	491782775
scaff_group012	NW_020134712.1	3671	491786446
scaff_group012	NW_020134713.1	3670	491790116
scaff_group012	NW_020134714.1	3670	491793786
scaff_group012	NW_020134715.1	3665	491797451
scaff_group012	NW_020134716.1	3663	491801114
scaff_group012	NW_020134717.1	3662	491804776
scaff_group012	NW_020134718.1	3660	491808436
scaff_group012	NW_020134719.1	3659	491812095
scaff_group012	NW_020134720.1	3658	491815753
scaff_group012	NW_020134721.1	3655	491819408
scaff_group012	NW_020134722.1	3655	491823063
scaff_group012	NW_020134723.1	3652	491826715
scaff_group012	NW_020134724.1	3650	491830365
scaff_group012	NW_020134725.1	3649	491834014
scaff_group012	NW_020134726.1	3644	491837658
scaff_group012	NW_020134727.1	3643	491841301
scaff_group012	NW_020134728.1	3642	491844943
scaff_group012	NW_020134729.1	3642	491848585
scaff_group012	NW_020134730.1	3637	491852222
scaff_group012	NW_020134731.1	3632	491855854
scaff_group012	NW_020134732.1	3631	491859485
scaff_group012	NW_020134733.1	3625	491863110
scaff_group012	NW_020134734.1	3613	491866723
scaff_group012	NW_020134735.1	3610	491870333
scaff_group012	NW_020134736.1	3610	491873943
scaff_group012	NW_020134737.1	3603	491877546
scaff_group012	NW_020134738.1	3603	491881149
scaff_group012	NW_020134739.1	3591	491884740
scaff_group012	NW_020134740.1	3589	491888329
scaff_group012	NW_020134741.1	3587	491891916
scaff_group012	NW_020134742.1	3586	491895502
scaff_group012	NW_020134743.1	3583	491899085
scaff_group012	NW_020134744.1	3580	491902665
scaff_group012	NW_020134745.1	3579	491906244
scaff_group012	NW_020134746.1	3579	491909823
scaff_group012	NW_020134747.1	3578	491913401
scaff_group012	NW_020134748.1	3577	491916978
scaff_group012	NW_020134749.1	3574	491920552
scaff_group012	NW_020134750.1	3570	491924122
scaff_group012	NW_020134751.1	3569	491927691
scaff_group012	NW_020134752.1	3565	491931256
scaff_group012	NW_020134753.1	3565	491934821
scaff_group012	NW_020134754.1	3564	491938385
scaff_group012	NW_020134755.1	3564	491941949
scaff_group012	NW_020134756.1	3564	491945513
scaff_group012	NW_020134757.1	5800	491951313
scaff_group012	NW_020134758.1	3562	491954875
scaff_group012	NW_020134759.1	3562	491958437
scaff_group012	NW_020134760.1	3560	491961997
scaff_group012	NW_020134761.1	3555	491965552
scaff_group012	NW_020134762.1	3554	491969106
scaff_group012	NW_020134763.1	3554	491972660
scaff_group012	NW_020134764.1	3552	491976212
scaff_group012	NW_020134765.1	3552	491979764
scaff_group012	NW_020134766.1	3552	491983316
scaff_group012	NW_020134767.1	3552	491986868
scaff_group012	NW_020134768.1	3546	491990414
scaff_group012	NW_020134769.1	3545	491993959
scaff_group012	NW_020134770.1	3542	491997501
scaff_group012	NW_020134771.1	3541	492001042
scaff_group012	NW_020134772.1	3539	492004581
scaff_group012	NW_020134773.1	3537	492008118
scaff_group012	NW_020134774.1	3534	492011652
scaff_group012	NW_020134775.1	3532	492015184
scaff_group012	NW_020134776.1	3526	492018710
scaff_group012	NW_020134777.1	3520	492022230
scaff_group012	NW_020134778.1	3514	492025744
scaff_group012	NW_020134779.1	3514	492029258
scaff_group012	NW_020134780.1	3506	492032764
scaff_group012	NW_020134781.1	3506	492036270
scaff_group012	NW_020134782.1	3506	492039776
scaff_group012	NW_020134783.1	3505	492043281
scaff_group012	NW_020134784.1	3504	492046785
scaff_group012	NW_020134785.1	3503	492050288
scaff_group012	NW_020134786.1	3503	492053791
scaff_group012	NW_020134787.1	3497	492057288
scaff_group012	NW_020134788.1	3495	492060783
scaff_group012	NW_020134789.1	3490	492064273
scaff_group012	NW_020134790.1	3489	492067762
scaff_group012	NW_020134791.1	3484	492071246
scaff_group012	NW_020134792.1	3483	492074729
scaff_group012	NW_020134793.1	3481	492078210
scaff_group012	NW_020134794.1	3473	492081683
scaff_group012	NW_020134795.1	3469	492085152
scaff_group012	NW_020134796.1	3469	492088621
scaff_group012	NW_020134797.1	3468	492092089
scaff_group012	NW_020134798.1	3467	492095556
scaff_group012	NW_020134799.1	3462	492099018
scaff_group012	NW_020134800.1	3461	492102479
scaff_group012	NW_020134801.1	3459	492105938
scaff_group012	NW_020134802.1	3456	492109394
scaff_group012	NW_020134803.1	3455	492112849
scaff_group012	NW_020134804.1	3455	492116304
scaff_group012	NW_020134805.1	3453	492119757
scaff_group012	NW_020134806.1	3450	492123207
scaff_group012	NW_020134807.1	3449	492126656
scaff_group012	NW_020134808.1	3449	492130105
scaff_group012	NW_020134809.1	3448	492133553
scaff_group012	NW_020134810.1	3433	492136986
scaff_group012	NW_020134811.1	3429	492140415
scaff_group012	NW_020134812.1	3428	492143843
scaff_group012	NW_020134813.1	3427	492147270
scaff_group012	NW_020134814.1	3427	492150697
scaff_group012	NW_020134815.1	3427	492154124
scaff_group012	NW_020134816.1	3423	492157547
scaff_group012	NW_020134817.1	7244	492164791
scaff_group012	NW_020134818.1	3420	492168211
scaff_group012	NW_020134819.1	3416	492171627
scaff_group012	NW_020134820.1	3415	492175042
scaff_group012	NW_020134821.1	3408	492178450
scaff_group012	NW_020134822.1	3408	492181858
scaff_group012	NW_020134823.1	3406	492185264
scaff_group012	NW_020134824.1	3406	492188670
scaff_group012	NW_020134825.1	3404	492192074
scaff_group012	NW_020134826.1	3403	492195477
scaff_group012	NW_020134827.1	3403	492198880
scaff_group012	NW_020134828.1	3402	492202282
scaff_group012	NW_020134829.1	3401	492205683
scaff_group012	NW_020134830.1	3396	492209079
scaff_group012	NW_020134831.1	3396	492212475
scaff_group012	NW_020134832.1	3393	492215868
scaff_group012	NW_020134833.1	3391	492219259
scaff_group012	NW_020134834.1	3389	492222648
scaff_group012	NW_020134835.1	3389	492226037
scaff_group012	NW_020134836.1	3388	492229425
scaff_group012	NW_020134837.1	3386	492232811
scaff_group012	NW_020134838.1	3384	492236195
scaff_group012	NW_020134839.1	3378	492239573
scaff_group012	NW_020134840.1	3371	492242944
scaff_group012	NW_020134841.1	3370	492246314
scaff_group012	NW_020134842.1	3369	492249683
scaff_group012	NW_020134843.1	3367	492253050
scaff_group012	NW_020134844.1	3361	492256411
scaff_group012	NW_020134845.1	3360	492259771
scaff_group012	NW_020134846.1	3358	492263129
scaff_group012	NW_020134847.1	3355	492266484
scaff_group012	NW_020134848.1	3355	492269839
scaff_group012	NW_020134849.1	4877	492274716
scaff_group012	NW_020134850.1	3354	492278070
scaff_group012	NW_020134851.1	3354	492281424
scaff_group012	NW_020134852.1	3353	492284777
scaff_group012	NW_020134853.1	3339	492288116
scaff_group012	NW_020134854.1	3337	492291453
scaff_group012	NW_020134855.1	3336	492294789
scaff_group012	NW_020134856.1	18241	492313030
scaff_group012	NW_020134857.1	3334	492316364
scaff_group012	NW_020134858.1	3332	492319696
scaff_group012	NW_020134859.1	3331	492323027
scaff_group012	NW_020134860.1	3328	492326355
scaff_group012	NW_020134861.1	3325	492329680
scaff_group012	NW_020134862.1	3325	492333005
scaff_group012	NW_020134863.1	3325	492336330
scaff_group012	NW_020134864.1	3322	492339652
scaff_group012	NW_020134865.1	3320	492342972
scaff_group012	NW_020134866.1	3318	492346290
scaff_group012	NW_020134867.1	3315	492349605
scaff_group012	NW_020134868.1	3312	492352917
scaff_group012	NW_020134869.1	3312	492356229
scaff_group012	NW_020134870.1	3307	492359536
scaff_group012	NW_020134871.1	3307	492362843
scaff_group012	NW_020134872.1	3306	492366149
scaff_group012	NW_020134873.1	3303	492369452
scaff_group012	NW_020134874.1	3299	492372751
scaff_group012	NW_020134875.1	3297	492376048
scaff_group012	NW_020134876.1	3296	492379344
scaff_group012	NW_020134877.1	3294	492382638
scaff_group012	NW_020134878.1	3293	492385931
scaff_group012	NW_020134879.1	3290	492389221
scaff_group012	NW_020134880.1	3288	492392509
scaff_group012	NW_020134881.1	3285	492395794
scaff_group012	NW_020134882.1	3285	492399079
scaff_group012	NW_020134883.1	3281	492402360
scaff_group012	NW_020134884.1	3280	492405640
scaff_group012	NW_020134885.1	3277	492408917
scaff_group012	NW_020134886.1	3276	492412193
scaff_group012	NW_020134887.1	3274	492415467
scaff_group012	NW_020134888.1	3274	492418741
scaff_group012	NW_020134889.1	3274	492422015
scaff_group012	NW_020134890.1	3271	492425286
scaff_group012	NW_020134891.1	3268	492428554
scaff_group012	NW_020134892.1	3261	492431815
scaff_group012	NW_020134893.1	3261	492435076
scaff_group012	NW_020134894.1	3259	492438335
scaff_group012	NW_020134895.1	3258	492441593
scaff_group012	NW_020134896.1	3256	492444849
scaff_group012	NW_020134897.1	3253	492448102
scaff_group012	NW_020134898.1	3253	492451355
scaff_group012	NW_020134899.1	1749	492453104
scaff_group012	NW_020134900.1	3244	492456348
scaff_group012	NW_020134901.1	3241	492459589
scaff_group012	NW_020134902.1	8773	492468362
scaff_group012	NW_020134903.1	3237	492471599
scaff_group012	NW_020134904.1	3237	492474836
scaff_group012	NW_020134905.1	3237	492478073
scaff_group012	NW_020134906.1	3234	492481307
scaff_group012	NW_020134907.1	3232	492484539
scaff_group012	NW_020134908.1	3232	492487771
scaff_group012	NW_020134909.1	3229	492491000
scaff_group012	NW_020134910.1	3227	492494227
scaff_group012	NW_020134911.1	3225	492497452
scaff_group012	NW_020134912.1	3222	492500674
scaff_group012	NW_020134913.1	3220	492503894
scaff_group012	NW_020134914.1	3220	492507114
scaff_group012	NW_020134915.1	3220	492510334
scaff_group012	NW_020134916.1	3219	492513553
scaff_group012	NW_020134917.1	3217	492516770
scaff_group012	NW_020134918.1	3215	492519985
scaff_group012	NW_020134919.1	3215	492523200
scaff_group012	NW_020134920.1	3213	492526413
scaff_group012	NW_020134921.1	3211	492529624
scaff_group012	NW_020134922.1	3209	492532833
scaff_group012	NW_020134923.1	3208	492536041
scaff_group012	NW_020134924.1	3208	492539249
scaff_group012	NW_020134925.1	3207	492542456
scaff_group012	NW_020134926.1	3207	492545663
scaff_group012	NW_020134927.1	3206	492548869
scaff_group012	NW_020134928.1	3206	492552075
scaff_group012	NW_020134929.1	3206	492555281
scaff_group012	NW_020134930.1	3205	492558486
scaff_group012	NW_020134931.1	3205	492561691
scaff_group012	NW_020134932.1	3204	492564895
scaff_group012	NW_020134933.1	3203	492568098
scaff_group012	NW_020134934.1	3201	492571299
scaff_group012	NW_020134935.1	3201	492574500
scaff_group012	NW_020134936.1	3200	492577700
scaff_group012	NW_020134937.1	3198	492580898
scaff_group012	NW_020134938.1	3197	492584095
scaff_group012	NW_020134939.1	3195	492587290
scaff_group012	NW_020134940.1	3194	492590484
scaff_group012	NW_020134941.1	3194	492593678
scaff_group012	NW_020134942.1	3187	492596865
scaff_group012	NW_020134943.1	3180	492600045
scaff_group012	NW_020134944.1	3178	492603223
scaff_group012	NW_020134945.1	3177	492606400
scaff_group012	NW_020134946.1	3177	492609577
scaff_group012	NW_020134947.1	3175	492612752
scaff_group012	NW_020134948.1	3173	492615925
scaff_group012	NW_020134949.1	3171	492619096
scaff_group012	NW_020134950.1	3170	492622266
scaff_group012	NW_020134951.1	3167	492625433
scaff_group012	NW_020134952.1	3165	492628598
scaff_group012	NW_020134953.1	3163	492631761
scaff_group012	NW_020134954.1	3163	492634924
scaff_group012	NW_020134955.1	3157	492638081
scaff_group012	NW_020134956.1	3157	492641238
scaff_group012	NW_020134957.1	3156	492644394
scaff_group012	NW_020134958.1	3155	492647549
scaff_group012	NW_020134959.1	3155	492650704
scaff_group012	NW_020134960.1	3152	492653856
scaff_group012	NW_020134961.1	3148	492657004
scaff_group012	NW_020134962.1	3147	492660151
scaff_group012	NW_020134963.1	3146	492663297
scaff_group012	NW_020134964.1	3145	492666442
scaff_group012	NW_020134965.1	3141	492669583
scaff_group012	NW_020134966.1	3136	492672719
scaff_group012	NW_020134967.1	3134	492675853
scaff_group012	NW_020134968.1	3126	492678979
scaff_group012	NW_020134969.1	3125	492682104
scaff_group012	NW_020134970.1	3123	492685227
scaff_group012	NW_020134971.1	3118	492688345
scaff_group012	NW_020134972.1	3118	492691463
scaff_group012	NW_020134973.1	3116	492694579
scaff_group012	NW_020134974.1	3114	492697693
scaff_group012	NW_020134975.1	3114	492700807
scaff_group012	NW_020134976.1	3113	492703920
scaff_group012	NW_020134977.1	3105	492707025
scaff_group012	NW_020134978.1	3105	492710130
scaff_group012	NW_020134979.1	3102	492713232
scaff_group012	NW_020134980.1	3100	492716332
scaff_group012	NW_020134981.1	3100	492719432
scaff_group012	NW_020134982.1	3099	492722531
scaff_group012	NW_020134983.1	3098	492725629
scaff_group012	NW_020134984.1	3096	492728725
scaff_group012	NW_020134985.1	3096	492731821
scaff_group012	NW_020134986.1	3094	492734915
scaff_group012	NW_020134987.1	12959	492747874
scaff_group012	NW_020134988.1	3090	492750964
scaff_group012	NW_020134989.1	3089	492754053
scaff_group012	NW_020134990.1	3088	492757141
scaff_group012	NW_020134991.1	3084	492760225
scaff_group012	NW_020134992.1	3083	492763308
scaff_group012	NW_020134993.1	3080	492766388
scaff_group012	NW_020134994.1	3077	492769465
scaff_group012	NW_020134995.1	3072	492772537
scaff_group012	NW_020134996.1	3070	492775607
scaff_group012	NW_020134997.1	3066	492778673
scaff_group012	NW_020134998.1	3066	492781739
scaff_group012	NW_020134999.1	3066	492784805
scaff_group012	NW_020135000.1	3065	492787870
scaff_group012	NW_020135001.1	3064	492790934
scaff_group012	NW_020135002.1	3063	492793997
scaff_group012	NW_020135003.1	3059	492797056
scaff_group012	NW_020135004.1	3057	492800113
scaff_group012	NW_020135005.1	3056	492803169
scaff_group012	NW_020135006.1	3056	492806225
scaff_group012	NW_020135007.1	3055	492809280
scaff_group012	NW_020135008.1	3055	492812335
scaff_group012	NW_020135009.1	3051	492815386
scaff_group012	NW_020135010.1	3051	492818437
scaff_group012	NW_020135011.1	3050	492821487
scaff_group012	NW_020135012.1	3049	492824536
scaff_group012	NW_020135013.1	3048	492827584
scaff_group012	NW_020135014.1	3045	492830629
scaff_group012	NW_020135015.1	3045	492833674
scaff_group012	NW_020135016.1	3043	492836717
scaff_group012	NW_020135017.1	3040	492839757
scaff_group012	NW_020135018.1	3040	492842797
scaff_group012	NW_020135019.1	3038	492845835
scaff_group012	NW_020135020.1	3038	492848873
scaff_group012	NW_020135021.1	3036	492851909
scaff_group012	NW_020135022.1	3034	492854943
scaff_group012	NW_020135023.1	3033	492857976
scaff_group012	NW_020135024.1	3033	492861009
scaff_group012	NW_020135025.1	3033	492864042
scaff_group012	NW_020135026.1	3032	492867074
scaff_group012	NW_020135027.1	3030	492870104
scaff_group012	NW_020135028.1	3029	492873133
scaff_group012	NW_020135029.1	3022	492876155
scaff_group012	NW_020135030.1	3022	492879177
scaff_group012	NW_020135031.1	3014	492882191
scaff_group012	NW_020135032.1	3014	492885205
scaff_group012	NW_020135033.1	3014	492888219
scaff_group012	NW_020135034.1	3009	492891228
scaff_group012	NW_020135035.1	3002	492894230
scaff_group012	NW_020135036.1	3001	492897231
scaff_group012	NW_020135037.1	3000	492900231
scaff_group012	NW_020135038.1	3000	492903231
scaff_group012	NW_020135039.1	3000	492906231
scaff_group012	NW_020135040.1	2999	492909230
scaff_group012	NW_020135041.1	2999	492912229
scaff_group012	NW_020135042.1	2997	492915226
scaff_group012	NW_020135043.1	2996	492918222
scaff_group012	NW_020135044.1	2994	492921216
scaff_group012	NW_020135045.1	2993	492924209
scaff_group012	NW_020135046.1	2992	492927201
scaff_group012	NW_020135047.1	2988	492930189
scaff_group012	NW_020135048.1	2988	492933177
scaff_group012	NW_020135049.1	2987	492936164
scaff_group012	NW_020135050.1	2983	492939147
scaff_group012	NW_020135051.1	2980	492942127
scaff_group012	NW_020135052.1	2979	492945106
scaff_group012	NW_020135053.1	2979	492948085
scaff_group012	NW_020135054.1	2979	492951064
scaff_group012	NW_020135055.1	2974	492954038
scaff_group012	NW_020135056.1	2972	492957010
scaff_group012	NW_020135057.1	2972	492959982
scaff_group012	NW_020135058.1	2970	492962952
scaff_group012	NW_020135059.1	2969	492965921
scaff_group012	NW_020135060.1	2967	492968888
scaff_group012	NW_020135061.1	2966	492971854
scaff_group012	NW_020135062.1	2965	492974819
scaff_group012	NW_020135063.1	2964	492977783
scaff_group012	NW_020135064.1	2963	492980746
scaff_group012	NW_020135065.1	2963	492983709
scaff_group012	NW_020135066.1	2959	492986668
scaff_group012	NW_020135067.1	2959	492989627
scaff_group012	NW_020135068.1	2958	492992585
scaff_group012	NW_020135069.1	2957	492995542
scaff_group012	NW_020135070.1	2952	492998494
scaff_group012	NW_020135071.1	2947	493001441
scaff_group012	NW_020135072.1	2946	493004387
scaff_group012	NW_020135073.1	2944	493007331
scaff_group012	NW_020135074.1	2944	493010275
scaff_group012	NW_020135075.1	2944	493013219
scaff_group012	NW_020135076.1	2941	493016160
scaff_group012	NW_020135077.1	6322	493022482
scaff_group012	NW_020135078.1	2940	493025422
scaff_group012	NW_020135079.1	2940	493028362
scaff_group012	NW_020135080.1	2940	493031302
scaff_group012	NW_020135081.1	2939	493034241
scaff_group012	NW_020135082.1	2939	493037180
scaff_group012	NW_020135083.1	2936	493040116
scaff_group012	NW_020135084.1	2936	493043052
scaff_group012	NW_020135085.1	2933	493045985
scaff_group012	NW_020135086.1	2931	493048916
scaff_group012	NW_020135087.1	2930	493051846
scaff_group012	NW_020135088.1	2926	493054772
scaff_group012	NW_020135089.1	2926	493057698
scaff_group012	NW_020135090.1	2923	493060621
scaff_group012	NW_020135091.1	2923	493063544
scaff_group012	NW_020135092.1	2919	493066463
scaff_group012	NW_020135093.1	2917	493069380
scaff_group012	NW_020135094.1	2908	493072288
scaff_group012	NW_020135095.1	2906	493075194
scaff_group012	NW_020135096.1	2904	493078098
scaff_group012	NW_020135097.1	2903	493081001
scaff_group012	NW_020135098.1	2902	493083903
scaff_group012	NW_020135099.1	2901	493086804
scaff_group012	NW_020135100.1	2899	493089703
scaff_group012	NW_020135101.1	2895	493092598
scaff_group012	NW_020135102.1	2894	493095492
scaff_group012	NW_020135103.1	2893	493098385
scaff_group012	NW_020135104.1	2892	493101277
scaff_group012	NW_020135105.1	2892	493104169
scaff_group012	NW_020135106.1	2891	493107060
scaff_group012	NW_020135107.1	2891	493109951
scaff_group012	NW_020135108.1	2889	493112840
scaff_group012	NW_020135109.1	2887	493115727
scaff_group012	NW_020135110.1	13061	493128788
scaff_group012	NW_020135111.1	2885	493131673
scaff_group012	NW_020135112.1	2881	493134554
scaff_group012	NW_020135113.1	2879	493137433
scaff_group012	NW_020135114.1	2878	493140311
scaff_group012	NW_020135115.1	2875	493143186
scaff_group012	NW_020135116.1	2874	493146060
scaff_group012	NW_020135117.1	2873	493148933
scaff_group012	NW_020135118.1	2864	493151797
scaff_group012	NW_020135119.1	2863	493154660
scaff_group012	NW_020135120.1	2860	493157520
scaff_group012	NW_020135121.1	5188	493162708
scaff_group012	NW_020135122.1	2855	493165563
scaff_group012	NW_020135123.1	2853	493168416
scaff_group012	NW_020135124.1	2853	493171269
scaff_group012	NW_020135125.1	2852	493174121
scaff_group012	NW_020135126.1	2851	493176972
scaff_group012	NW_020135127.1	2851	493179823
scaff_group012	NW_020135128.1	2846	493182669
scaff_group012	NW_020135129.1	2841	493185510
scaff_group012	NW_020135130.1	2840	493188350
scaff_group012	NW_020135131.1	2838	493191188
scaff_group012	NW_020135132.1	2838	493194026
scaff_group012	NW_020135133.1	2835	493196861
scaff_group012	NW_020135134.1	2834	493199695
scaff_group012	NW_020135135.1	2832	493202527
scaff_group012	NW_020135136.1	2831	493205358
scaff_group012	NW_020135137.1	2829	493208187
scaff_group012	NW_020135138.1	2828	493211015
scaff_group012	NW_020135139.1	2826	493213841
scaff_group012	NW_020135140.1	2820	493216661
scaff_group012	NW_020135141.1	2817	493219478
scaff_group012	NW_020135142.1	2815	493222293
scaff_group012	NW_020135143.1	2812	493225105
scaff_group012	NW_020135144.1	2810	493227915
scaff_group012	NW_020135145.1	2810	493230725
scaff_group012	NW_020135146.1	2809	493233534
scaff_group012	NW_020135147.1	2809	493236343
scaff_group012	NW_020135148.1	2809	493239152
scaff_group012	NW_020135149.1	2807	493241959
scaff_group012	NW_020135150.1	2806	493244765
scaff_group012	NW_020135151.1	2804	493247569
scaff_group012	NW_020135152.1	2803	493250372
scaff_group012	NW_020135153.1	2801	493253173
scaff_group012	NW_020135154.1	2800	493255973
scaff_group012	NW_020135155.1	2799	493258772
scaff_group012	NW_020135156.1	2797	493261569
scaff_group012	NW_020135157.1	2796	493264365
scaff_group012	NW_020135158.1	2793	493267158
scaff_group012	NW_020135159.1	2793	493269951
scaff_group012	NW_020135160.1	2793	493272744
scaff_group012	NW_020135161.1	2791	493275535
scaff_group012	NW_020135162.1	2789	493278324
scaff_group012	NW_020135163.1	2788	493281112
scaff_group012	NW_020135164.1	2788	493283900
scaff_group012	NW_020135165.1	2787	493286687
scaff_group012	NW_020135166.1	2787	493289474
scaff_group012	NW_020135167.1	2787	493292261
scaff_group012	NW_020135168.1	2785	493295046
scaff_group012	NW_020135169.1	2785	493297831
scaff_group012	NW_020135170.1	2780	493300611
scaff_group012	NW_020135171.1	2780	493303391
scaff_group012	NW_020135172.1	2778	493306169
scaff_group012	NW_020135173.1	2778	493308947
scaff_group012	NW_020135174.1	2777	493311724
scaff_group012	NW_020135175.1	2772	493314496
scaff_group012	NW_020135176.1	2769	493317265
scaff_group012	NW_020135177.1	2766	493320031
scaff_group012	NW_020135178.1	2763	493322794
scaff_group012	NW_020135179.1	2759	493325553
scaff_group012	NW_020135180.1	2754	493328307
scaff_group012	NW_020135181.1	2751	493331058
scaff_group012	NW_020135182.1	2751	493333809
scaff_group012	NW_020135183.1	2749	493336558
scaff_group012	NW_020135184.1	2749	493339307
scaff_group012	NW_020135185.1	2749	493342056
scaff_group012	NW_020135186.1	2748	493344804
scaff_group012	NW_020135187.1	2747	493347551
scaff_group012	NW_020135188.1	12059	493359610
scaff_group012	NW_020135189.1	2746	493362356
scaff_group012	NW_020135190.1	2746	493365102
scaff_group012	NW_020135191.1	2745	493367847
scaff_group012	NW_020135192.1	2741	493370588
scaff_group012	NW_020135193.1	2741	493373329
scaff_group012	NW_020135194.1	2740	493376069
scaff_group012	NW_020135195.1	2739	493378808
scaff_group012	NW_020135196.1	2736	493381544
scaff_group012	NW_020135197.1	2734	493384278
scaff_group012	NW_020135198.1	2734	493387012
scaff_group012	NW_020135199.1	2734	493389746
scaff_group012	NW_020135200.1	2733	493392479
scaff_group012	NW_020135201.1	2733	493395212
scaff_group012	NW_020135202.1	2733	493397945
scaff_group012	NW_020135203.1	2731	493400676
scaff_group012	NW_020135204.1	2729	493403405
scaff_group012	NW_020135205.1	2727	493406132
scaff_group012	NW_020135206.1	2726	493408858
scaff_group012	NW_020135207.1	2724	493411582
scaff_group012	NW_020135208.1	2721	493414303
scaff_group012	NW_020135209.1	2721	493417024
scaff_group012	NW_020135210.1	2717	493419741
scaff_group012	NW_020135211.1	2717	493422458
scaff_group012	NW_020135212.1	2716	493425174
scaff_group012	NW_020135213.1	2715	493427889
scaff_group012	NW_020135214.1	2713	493430602
scaff_group012	NW_020135215.1	2711	493433313
scaff_group012	NW_020135216.1	2711	493436024
scaff_group012	NW_020135217.1	2710	493438734
scaff_group012	NW_020135218.1	2709	493441443
scaff_group012	NW_020135219.1	2709	493444152
scaff_group012	NW_020135220.1	2709	493446861
scaff_group012	NW_020135221.1	2709	493449570
scaff_group012	NW_020135222.1	2707	493452277
scaff_group012	NW_020135223.1	8658	493460935
scaff_group012	NW_020135224.1	2706	493463641
scaff_group012	NW_020135225.1	2705	493466346
scaff_group012	NW_020135226.1	2702	493469048
scaff_group012	NW_020135227.1	2701	493471749
scaff_group012	NW_020135228.1	2699	493474448
scaff_group012	NW_020135229.1	2697	493477145
scaff_group012	NW_020135230.1	2697	493479842
scaff_group012	NW_020135231.1	3769	493483611
scaff_group012	NW_020135232.1	2691	493486302
scaff_group012	NW_020135233.1	2690	493488992
scaff_group012	NW_020135234.1	2689	493491681
scaff_group012	NW_020135235.1	2689	493494370
scaff_group012	NW_020135236.1	2687	493497057
scaff_group012	NW_020135237.1	2684	493499741
scaff_group012	NW_020135238.1	2684	493502425
scaff_group012	NW_020135239.1	2683	493505108
scaff_group012	NW_020135240.1	2678	493507786
scaff_group012	NW_020135241.1	2678	493510464
scaff_group012	NW_020135242.1	2675	493513139
scaff_group012	NW_020135243.1	2673	493515812
scaff_group012	NW_020135244.1	2672	493518484
scaff_group012	NW_020135245.1	2672	493521156
scaff_group012	NW_020135246.1	2669	493523825
scaff_group012	NW_020135247.1	2669	493526494
scaff_group012	NW_020135248.1	2667	493529161
scaff_group012	NW_020135249.1	2663	493531824
scaff_group012	NW_020135250.1	2662	493534486
scaff_group012	NW_020135251.1	2661	493537147
scaff_group012	NW_020135252.1	2660	493539807
scaff_group012	NW_020135253.1	2659	493542466
scaff_group012	NW_020135254.1	2656	493545122
scaff_group012	NW_020135255.1	2653	493547775
scaff_group012	NW_020135256.1	2652	493550427
scaff_group012	NW_020135257.1	2652	493553079
scaff_group012	NW_020135258.1	2651	493555730
scaff_group012	NW_020135259.1	2649	493558379
scaff_group012	NW_020135260.1	2649	493561028
scaff_group012	NW_020135261.1	2648	493563676
scaff_group012	NW_020135262.1	2648	493566324
scaff_group012	NW_020135263.1	2647	493568971
scaff_group012	NW_020135264.1	2645	493571616
scaff_group012	NW_020135265.1	2645	493574261
scaff_group012	NW_020135266.1	2644	493576905
scaff_group012	NW_020135267.1	2644	493579549
scaff_group012	NW_020135268.1	2643	493582192
scaff_group012	NW_020135269.1	2641	493584833
scaff_group012	NW_020135270.1	2640	493587473
scaff_group012	NW_020135271.1	2638	493590111
scaff_group012	NW_020135272.1	2637	493592748
scaff_group012	NW_020135273.1	2636	493595384
scaff_group012	NW_020135274.1	2634	493598018
scaff_group012	NW_020135275.1	2633	493600651
scaff_group012	NW_020135276.1	2632	493603283
scaff_group012	NW_020135277.1	2631	493605914
scaff_group012	NW_020135278.1	2631	493608545
scaff_group012	NW_020135279.1	2629	493611174
scaff_group012	NW_020135280.1	2628	493613802
scaff_group012	NW_020135281.1	2628	493616430
scaff_group012	NW_020135282.1	2625	493619055
scaff_group012	NW_020135283.1	2621	493621676
scaff_group012	NW_020135284.1	2620	493624296
scaff_group012	NW_020135285.1	2618	493626914
scaff_group012	NW_020135286.1	2618	493629532
scaff_group012	NW_020135287.1	2618	493632150
scaff_group012	NW_020135288.1	2617	493634767
scaff_group012	NW_020135289.1	2617	493637384
scaff_group012	NW_020135290.1	2613	493639997
scaff_group012	NW_020135291.1	13421	493653418
scaff_group012	NW_020135292.1	2610	493656028
scaff_group012	NW_020135293.1	2608	493658636
scaff_group012	NW_020135294.1	2606	493661242
scaff_group012	NW_020135295.1	2605	493663847
scaff_group012	NW_020135296.1	2603	493666450
scaff_group012	NW_020135297.1	2601	493669051
scaff_group012	NW_020135298.1	2601	493671652
scaff_group012	NW_020135299.1	2600	493674252
scaff_group012	NW_020135300.1	2599	493676851
scaff_group012	NW_020135301.1	2598	493679449
scaff_group012	NW_020135302.1	2598	493682047
scaff_group012	NW_020135303.1	2598	493684645
scaff_group012	NW_020135304.1	2595	493687240
scaff_group012	NW_020135305.1	2595	493689835
scaff_group012	NW_020135306.1	2595	493692430
scaff_group012	NW_020135307.1	2593	493695023
scaff_group012	NW_020135308.1	2593	493697616
scaff_group012	NW_020135309.1	2590	493700206
scaff_group012	NW_020135310.1	2588	493702794
scaff_group012	NW_020135311.1	2588	493705382
scaff_group012	NW_020135312.1	2580	493707962
scaff_group012	NW_020135313.1	2576	493710538
scaff_group012	NW_020135314.1	2575	493713113
scaff_group012	NW_020135315.1	2574	493715687
scaff_group012	NW_020135316.1	2572	493718259
scaff_group012	NW_020135317.1	2571	493720830
scaff_group012	NW_020135318.1	2571	493723401
scaff_group012	NW_020135319.1	2568	493725969
scaff_group012	NW_020135320.1	2567	493728536
scaff_group012	NW_020135321.1	2566	493731102
scaff_group012	NW_020135322.1	2565	493733667
scaff_group012	NW_020135323.1	2564	493736231
scaff_group012	NW_020135324.1	2563	493738794
scaff_group012	NW_020135325.1	2562	493741356
scaff_group012	NW_020135326.1	2562	493743918
scaff_group012	NW_020135327.1	2559	493746477
scaff_group012	NW_020135328.1	2558	493749035
scaff_group012	NW_020135329.1	4760	493753795
scaff_group012	NW_020135330.1	2558	493756353
scaff_group012	NW_020135331.1	2556	493758909
scaff_group012	NW_020135332.1	2554	493761463
scaff_group012	NW_020135333.1	2553	493764016
scaff_group012	NW_020135334.1	2551	493766567
scaff_group012	NW_020135335.1	2550	493769117
scaff_group012	NW_020135336.1	2549	493771666
scaff_group012	NW_020135337.1	2547	493774213
scaff_group012	NW_020135338.1	2545	493776758
scaff_group012	NW_020135339.1	2544	493779302
scaff_group012	NW_020135340.1	2544	493781846
scaff_group012	NW_020135341.1	2542	493784388
scaff_group012	NW_020135342.1	2542	493786930
scaff_group012	NW_020135343.1	2541	493789471
scaff_group012	NW_020135344.1	2536	493792007
scaff_group012	NW_020135345.1	2534	493794541
scaff_group012	NW_020135346.1	2532	493797073
scaff_group012	NW_020135347.1	2532	493799605
scaff_group012	NW_020135348.1	2532	493802137
scaff_group012	NW_020135349.1	8175	493810312
scaff_group012	NW_020135350.1	2525	493812837
scaff_group012	NW_020135351.1	2523	493815360
scaff_group012	NW_020135352.1	2521	493817881
scaff_group012	NW_020135353.1	2521	493820402
scaff_group012	NW_020135354.1	2519	493822921
scaff_group012	NW_020135355.1	2519	493825440
scaff_group012	NW_020135356.1	2516	493827956
scaff_group012	NW_020135357.1	2514	493830470
scaff_group012	NW_020135358.1	2514	493832984
scaff_group012	NW_020135359.1	2513	493835497
scaff_group012	NW_020135360.1	2509	493838006
scaff_group012	NW_020135361.1	2509	493840515
scaff_group012	NW_020135362.1	2509	493843024
scaff_group012	NW_020135363.1	2508	493845532
scaff_group012	NW_020135364.1	2508	493848040
scaff_group012	NW_020135365.1	2507	493850547
scaff_group012	NW_020135366.1	2506	493853053
scaff_group012	NW_020135367.1	2505	493855558
scaff_group012	NW_020135368.1	3743	493859301
scaff_group012	NW_020135369.1	2504	493861805
scaff_group012	NW_020135370.1	2504	493864309
scaff_group012	NW_020135371.1	2504	493866813
scaff_group012	NW_020135372.1	2503	493869316
scaff_group012	NW_020135373.1	2502	493871818
scaff_group012	NW_020135374.1	2502	493874320
scaff_group012	NW_020135375.1	2500	493876820
scaff_group012	NW_020135376.1	2499	493879319
scaff_group012	NW_020135377.1	2497	493881816
scaff_group012	NW_020135378.1	2496	493884312
scaff_group012	NW_020135379.1	2496	493886808
scaff_group012	NW_020135380.1	2494	493889302
scaff_group012	NW_020135381.1	2493	493891795
scaff_group012	NW_020135382.1	2492	493894287
scaff_group012	NW_020135383.1	2490	493896777
scaff_group012	NW_020135384.1	2490	493899267
scaff_group012	NW_020135385.1	2489	493901756
scaff_group012	NW_020135386.1	2489	493904245
scaff_group012	NW_020135387.1	2488	493906733
scaff_group012	NW_020135388.1	2487	493909220
scaff_group012	NW_020135389.1	2487	493911707
scaff_group012	NW_020135390.1	2487	493914194
scaff_group012	NW_020135391.1	2486	493916680
scaff_group012	NW_020135392.1	2486	493919166
scaff_group012	NW_020135393.1	2485	493921651
scaff_group012	NW_020135394.1	2483	493924134
scaff_group012	NW_020135395.1	2482	493926616
scaff_group012	NW_020135396.1	2481	493929097
scaff_group012	NW_020135397.1	2479	493931576
scaff_group012	NW_020135398.1	2478	493934054
scaff_group012	NW_020135399.1	2477	493936531
scaff_group012	NW_020135400.1	2476	493939007
scaff_group012	NW_020135401.1	2476	493941483
scaff_group012	NW_020135402.1	2474	493943957
scaff_group012	NW_020135403.1	2472	493946429
scaff_group012	NW_020135404.1	2472	493948901
scaff_group012	NW_020135405.1	2470	493951371
scaff_group012	NW_020135406.1	2470	493953841
scaff_group012	NW_020135407.1	2469	493956310
scaff_group012	NW_020135408.1	2467	493958777
scaff_group012	NW_020135409.1	2466	493961243
scaff_group012	NW_020135410.1	2466	493963709
scaff_group012	NW_020135411.1	2466	493966175
scaff_group012	NW_020135412.1	2466	493968641
scaff_group012	NW_020135413.1	2465	493971106
scaff_group012	NW_020135414.1	2465	493973571
scaff_group012	NW_020135415.1	2462	493976033
scaff_group012	NW_020135416.1	2461	493978494
scaff_group012	NW_020135417.1	2459	493980953
scaff_group012	NW_020135418.1	2458	493983411
scaff_group012	NW_020135419.1	2456	493985867
scaff_group012	NW_020135420.1	2454	493988321
scaff_group012	NW_020135421.1	2451	493990772
scaff_group012	NW_020135422.1	2450	493993222
scaff_group012	NW_020135423.1	2450	493995672
scaff_group012	NW_020135424.1	2447	493998119
scaff_group012	NW_020135425.1	2447	494000566
scaff_group012	NW_020135426.1	2445	494003011
scaff_group012	NW_020135427.1	2443	494005454
scaff_group012	NW_020135428.1	2442	494007896
scaff_group012	NW_020135429.1	2440	494010336
scaff_group012	NW_020135430.1	2440	494012776
scaff_group012	NW_020135431.1	2438	494015214
scaff_group012	NW_020135432.1	2437	494017651
scaff_group012	NW_020135433.1	2437	494020088
scaff_group012	NW_020135434.1	2436	494022524
scaff_group012	NW_020135435.1	2436	494024960
scaff_group012	NW_020135436.1	2436	494027396
scaff_group012	NW_020135437.1	2432	494029828
scaff_group012	NW_020135438.1	2432	494032260
scaff_group012	NW_020135439.1	2429	494034689
scaff_group012	NW_020135440.1	2429	494037118
scaff_group012	NW_020135441.1	2428	494039546
scaff_group012	NW_020135442.1	2428	494041974
scaff_group012	NW_020135443.1	2427	494044401
scaff_group012	NW_020135444.1	2427	494046828
scaff_group012	NW_020135445.1	2427	494049255
scaff_group012	NW_020135446.1	2426	494051681
scaff_group012	NW_020135447.1	2425	494054106
scaff_group012	NW_020135448.1	2425	494056531
scaff_group012	NW_020135449.1	2425	494058956
scaff_group012	NW_020135450.1	2424	494061380
scaff_group012	NW_020135451.1	2422	494063802
scaff_group012	NW_020135452.1	2422	494066224
scaff_group012	NW_020135453.1	2421	494068645
scaff_group012	NW_020135454.1	2420	494071065
scaff_group012	NW_020135455.1	2420	494073485
scaff_group012	NW_020135456.1	2419	494075904
scaff_group012	NW_020135457.1	2419	494078323
scaff_group012	NW_020135458.1	2417	494080740
scaff_group012	NW_020135459.1	2415	494083155
scaff_group012	NW_020135460.1	2411	494085566
scaff_group012	NW_020135461.1	2410	494087976
scaff_group012	NW_020135462.1	2410	494090386
scaff_group012	NW_020135463.1	2404	494092790
scaff_group012	NW_020135464.1	2403	494095193
scaff_group012	NW_020135465.1	2403	494097596
scaff_group012	NW_020135466.1	2402	494099998
scaff_group012	NW_020135467.1	2399	494102397
scaff_group012	NW_020135468.1	2397	494104794
scaff_group012	NW_020135469.1	2397	494107191
scaff_group012	NW_020135470.1	2393	494109584
scaff_group012	NW_020135471.1	2393	494111977
scaff_group012	NW_020135472.1	2393	494114370
scaff_group012	NW_020135473.1	2392	494116762
scaff_group012	NW_020135474.1	2392	494119154
scaff_group012	NW_020135475.1	2391	494121545
scaff_group012	NW_020135476.1	2391	494123936
scaff_group012	NW_020135477.1	2389	494126325
scaff_group012	NW_020135478.1	2387	494128712
scaff_group012	NW_020135479.1	2387	494131099
scaff_group012	NW_020135480.1	2387	494133486
scaff_group012	NW_020135481.1	2384	494135870
scaff_group012	NW_020135482.1	2382	494138252
scaff_group012	NW_020135483.1	2382	494140634
scaff_group012	NW_020135484.1	4298	494144932
scaff_group012	NW_020135485.1	2379	494147311
scaff_group012	NW_020135486.1	2379	494149690
scaff_group012	NW_020135487.1	2377	494152067
scaff_group012	NW_020135488.1	2377	494154444
scaff_group012	NW_020135489.1	2376	494156820
scaff_group012	NW_020135490.1	2374	494159194
scaff_group012	NW_020135491.1	2372	494161566
scaff_group012	NW_020135492.1	2372	494163938
scaff_group012	NW_020135493.1	2372	494166310
scaff_group012	NW_020135494.1	2369	494168679
scaff_group012	NW_020135495.1	2368	494171047
scaff_group012	NW_020135496.1	2368	494173415
scaff_group012	NW_020135497.1	2367	494175782
scaff_group012	NW_020135498.1	2366	494178148
scaff_group012	NW_020135499.1	2366	494180514
scaff_group012	NW_020135500.1	2365	494182879
scaff_group012	NW_020135501.1	2365	494185244
scaff_group012	NW_020135502.1	5444	494190688
scaff_group012	NW_020135503.1	10637	494201325
scaff_group012	NW_020135504.1	2363	494203688
scaff_group012	NW_020135505.1	2363	494206051
scaff_group012	NW_020135506.1	2361	494208412
scaff_group012	NW_020135507.1	2361	494210773
scaff_group012	NW_020135508.1	2360	494213133
scaff_group012	NW_020135509.1	2359	494215492
scaff_group012	NW_020135510.1	2358	494217850
scaff_group012	NW_020135511.1	2357	494220207
scaff_group012	NW_020135512.1	2356	494222563
scaff_group012	NW_020135513.1	2356	494224919
scaff_group012	NW_020135514.1	2355	494227274
scaff_group012	NW_020135515.1	2354	494229628
scaff_group012	NW_020135516.1	2353	494231981
scaff_group012	NW_020135517.1	2353	494234334
scaff_group012	NW_020135518.1	2352	494236686
scaff_group012	NW_020135519.1	2351	494239037
scaff_group012	NW_020135520.1	2350	494241387
scaff_group012	NW_020135521.1	2348	494243735
scaff_group012	NW_020135522.1	2348	494246083
scaff_group012	NW_020135523.1	2347	494248430
scaff_group012	NW_020135524.1	2346	494250776
scaff_group012	NW_020135525.1	2345	494253121
scaff_group012	NW_020135526.1	2344	494255465
scaff_group012	NW_020135527.1	2343	494257808
scaff_group012	NW_020135528.1	2343	494260151
scaff_group012	NW_020135529.1	2340	494262491
scaff_group012	NW_020135530.1	2340	494264831
scaff_group012	NW_020135531.1	2339	494267170
scaff_group012	NW_020135532.1	2338	494269508
scaff_group012	NW_020135533.1	2337	494271845
scaff_group012	NW_020135534.1	2337	494274182
scaff_group012	NW_020135535.1	2336	494276518
scaff_group012	NW_020135536.1	2336	494278854
scaff_group012	NW_020135537.1	2335	494281189
scaff_group012	NW_020135538.1	2331	494283520
scaff_group012	NW_020135539.1	2330	494285850
scaff_group012	NW_020135540.1	2329	494288179
scaff_group012	NW_020135541.1	2328	494290507
scaff_group012	NW_020135542.1	2328	494292835
scaff_group012	NW_020135543.1	2327	494295162
scaff_group012	NW_020135544.1	2327	494297489
scaff_group012	NW_020135545.1	2325	494299814
scaff_group012	NW_020135546.1	2325	494302139
scaff_group012	NW_020135547.1	2325	494304464
scaff_group012	NW_020135548.1	2325	494306789
scaff_group012	NW_020135549.1	2323	494309112
scaff_group012	NW_020135550.1	2319	494311431
scaff_group012	NW_020135551.1	2319	494313750
scaff_group012	NW_020135552.1	2319	494316069
scaff_group012	NW_020135553.1	2319	494318388
scaff_group012	NW_020135554.1	2318	494320706
scaff_group012	NW_020135555.1	2318	494323024
scaff_group012	NW_020135556.1	2318	494325342
scaff_group012	NW_020135557.1	2315	494327657
scaff_group012	NW_020135558.1	2314	494329971
scaff_group012	NW_020135559.1	2312	494332283
scaff_group012	NW_020135560.1	2312	494334595
scaff_group012	NW_020135561.1	2312	494336907
scaff_group012	NW_020135562.1	2311	494339218
scaff_group012	NW_020135563.1	2309	494341527
scaff_group012	NW_020135564.1	2308	494343835
scaff_group012	NW_020135565.1	2307	494346142
scaff_group012	NW_020135566.1	2306	494348448
scaff_group012	NW_020135567.1	2306	494350754
scaff_group012	NW_020135568.1	2306	494353060
scaff_group012	NW_020135569.1	2305	494355365
scaff_group012	NW_020135570.1	2305	494357670
scaff_group012	NW_020135571.1	2304	494359974
scaff_group012	NW_020135572.1	2303	494362277
scaff_group012	NW_020135573.1	2303	494364580
scaff_group012	NW_020135574.1	2301	494366881
scaff_group012	NW_020135575.1	2301	494369182
scaff_group012	NW_020135576.1	2298	494371480
scaff_group012	NW_020135577.1	2298	494373778
scaff_group012	NW_020135578.1	2295	494376073
scaff_group012	NW_020135579.1	2293	494378366
scaff_group012	NW_020135580.1	2291	494380657
scaff_group012	NW_020135581.1	2291	494382948
scaff_group012	NW_020135582.1	2291	494385239
scaff_group012	NW_020135583.1	2290	494387529
scaff_group012	NW_020135584.1	2290	494389819
scaff_group012	NW_020135585.1	2289	494392108
scaff_group012	NW_020135586.1	2289	494394397
scaff_group012	NW_020135587.1	2289	494396686
scaff_group012	NW_020135588.1	2288	494398974
scaff_group012	NW_020135589.1	2288	494401262
scaff_group012	NW_020135590.1	2287	494403549
scaff_group012	NW_020135591.1	2285	494405834
scaff_group012	NW_020135592.1	2285	494408119
scaff_group012	NW_020135593.1	2285	494410404
scaff_group012	NW_020135594.1	2284	494412688
scaff_group012	NW_020135595.1	2284	494414972
scaff_group012	NW_020135596.1	2284	494417256
scaff_group012	NW_020135597.1	2283	494419539
scaff_group012	NW_020135598.1	2280	494421819
scaff_group012	NW_020135599.1	2280	494424099
scaff_group012	NW_020135600.1	2278	494426377
scaff_group012	NW_020135601.1	2276	494428653
scaff_group012	NW_020135602.1	2276	494430929
scaff_group012	NW_020135603.1	2273	494433202
scaff_group012	NW_020135604.1	2272	494435474
scaff_group012	NW_020135605.1	2272	494437746
scaff_group012	NW_020135606.1	2272	494440018
scaff_group012	NW_020135607.1	2271	494442289
scaff_group012	NW_020135608.1	2270	494444559
scaff_group012	NW_020135609.1	2269	494446828
scaff_group012	NW_020135610.1	2268	494449096
scaff_group012	NW_020135611.1	2268	494451364
scaff_group012	NW_020135612.1	2268	494453632
scaff_group012	NW_020135613.1	2268	494455900
scaff_group012	NW_020135614.1	2268	494458168
scaff_group012	NW_020135615.1	2267	494460435
scaff_group012	NW_020135616.1	2266	494462701
scaff_group012	NW_020135617.1	2266	494464967
scaff_group012	NW_020135618.1	2265	494467232
scaff_group012	NW_020135619.1	2264	494469496
scaff_group012	NW_020135620.1	2264	494471760
scaff_group012	NW_020135621.1	2263	494474023
scaff_group012	NW_020135622.1	2263	494476286
scaff_group012	NW_020135623.1	2262	494478548
scaff_group012	NW_020135624.1	2262	494480810
scaff_group012	NW_020135625.1	2261	494483071
scaff_group012	NW_020135626.1	2259	494485330
scaff_group012	NW_020135627.1	2256	494487586
scaff_group012	NW_020135628.1	2255	494489841
scaff_group012	NW_020135629.1	2252	494492093
scaff_group012	NW_020135630.1	2249	494494342
scaff_group012	NW_020135631.1	2249	494496591
scaff_group012	NW_020135632.1	2247	494498838
scaff_group012	NW_020135633.1	2244	494501082
scaff_group012	NW_020135634.1	2244	494503326
scaff_group012	NW_020135635.1	2244	494505570
scaff_group012	NW_020135636.1	2239	494507809
scaff_group012	NW_020135637.1	2238	494510047
scaff_group012	NW_020135638.1	2237	494512284
scaff_group012	NW_020135639.1	2236	494514520
scaff_group012	NW_020135640.1	2236	494516756
scaff_group012	NW_020135641.1	2235	494518991
scaff_group012	NW_020135642.1	2234	494521225
scaff_group012	NW_020135643.1	2234	494523459
scaff_group012	NW_020135644.1	2234	494525693
scaff_group012	NW_020135645.1	2233	494527926
scaff_group012	NW_020135646.1	2232	494530158
scaff_group012	NW_020135647.1	2232	494532390
scaff_group012	NW_020135648.1	2231	494534621
scaff_group012	NW_020135649.1	2229	494536850
scaff_group012	NW_020135650.1	2229	494539079
scaff_group012	NW_020135651.1	2227	494541306
scaff_group012	NW_020135652.1	2226	494543532
scaff_group012	NW_020135653.1	2226	494545758
scaff_group012	NW_020135654.1	2226	494547984
scaff_group012	NW_020135655.1	2225	494550209
scaff_group012	NW_020135656.1	2225	494552434
scaff_group012	NW_020135657.1	2225	494554659
scaff_group012	NW_020135658.1	2224	494556883
scaff_group012	NW_020135659.1	2223	494559106
scaff_group012	NW_020135660.1	2218	494561324
scaff_group012	NW_020135661.1	2218	494563542
scaff_group012	NW_020135662.1	2217	494565759
scaff_group012	NW_020135663.1	2217	494567976
scaff_group012	NW_020135664.1	2216	494570192
scaff_group012	NW_020135665.1	2216	494572408
scaff_group012	NW_020135666.1	2215	494574623
scaff_group012	NW_020135667.1	2214	494576837
scaff_group012	NW_020135668.1	2213	494579050
scaff_group012	NW_020135669.1	2212	494581262
scaff_group012	NW_020135670.1	2212	494583474
scaff_group012	NW_020135671.1	2211	494585685
scaff_group012	NW_020135672.1	2211	494587896
scaff_group012	NW_020135673.1	2211	494590107
scaff_group012	NW_020135674.1	2210	494592317
scaff_group012	NW_020135675.1	2210	494594527
scaff_group012	NW_020135676.1	2210	494596737
scaff_group012	NW_020135677.1	2208	494598945
scaff_group012	NW_020135678.1	2206	494601151
scaff_group012	NW_020135679.1	2206	494603357
scaff_group012	NW_020135680.1	2205	494605562
scaff_group012	NW_020135681.1	2205	494607767
scaff_group012	NW_020135682.1	2205	494609972
scaff_group012	NW_020135683.1	2205	494612177
scaff_group012	NW_020135684.1	2204	494614381
scaff_group012	NW_020135685.1	2204	494616585
scaff_group012	NW_020135686.1	2204	494618789
scaff_group012	NW_020135687.1	2203	494620992
scaff_group012	NW_020135688.1	2203	494623195
scaff_group012	NW_020135689.1	2203	494625398
scaff_group012	NW_020135690.1	2202	494627600
scaff_group012	NW_020135691.1	2201	494629801
scaff_group012	NW_020135692.1	2200	494632001
scaff_group012	NW_020135693.1	2198	494634199
scaff_group012	NW_020135694.1	2198	494636397
scaff_group012	NW_020135695.1	2196	494638593
scaff_group012	NW_020135696.1	2196	494640789
scaff_group012	NW_020135697.1	2196	494642985
scaff_group012	NW_020135698.1	2195	494645180
scaff_group012	NW_020135699.1	2193	494647373
scaff_group012	NW_020135700.1	2192	494649565
scaff_group012	NW_020135701.1	2191	494651756
scaff_group012	NW_020135702.1	2191	494653947
scaff_group012	NW_020135703.1	2190	494656137
scaff_group012	NW_020135704.1	2187	494658324
scaff_group012	NW_020135705.1	2184	494660508
scaff_group012	NW_020135706.1	2184	494662692
scaff_group012	NW_020135707.1	2183	494664875
scaff_group012	NW_020135708.1	2181	494667056
scaff_group012	NW_020135709.1	2180	494669236
scaff_group012	NW_020135710.1	2179	494671415
scaff_group012	NW_020135711.1	2179	494673594
scaff_group012	NW_020135712.1	2179	494675773
scaff_group012	NW_020135713.1	2179	494677952
scaff_group012	NW_020135714.1	2178	494680130
scaff_group012	NW_020135715.1	2174	494682304
scaff_group012	NW_020135716.1	2174	494684478
scaff_group012	NW_020135717.1	2171	494686649
scaff_group012	NW_020135718.1	2171	494688820
scaff_group012	NW_020135719.1	2170	494690990
scaff_group012	NW_020135720.1	2170	494693160
scaff_group012	NW_020135721.1	2170	494695330
scaff_group012	NW_020135722.1	2169	494697499
scaff_group012	NW_020135723.1	2168	494699667
scaff_group012	NW_020135724.1	2168	494701835
scaff_group012	NW_020135725.1	2168	494704003
scaff_group012	NW_020135726.1	2167	494706170
scaff_group012	NW_020135727.1	2166	494708336
scaff_group012	NW_020135728.1	2165	494710501
scaff_group012	NW_020135729.1	2165	494712666
scaff_group012	NW_020135730.1	2164	494714830
scaff_group012	NW_020135731.1	2164	494716994
scaff_group012	NW_020135732.1	2163	494719157
scaff_group012	NW_020135733.1	2162	494721319
scaff_group012	NW_020135734.1	2161	494723480
scaff_group012	NW_020135735.1	2159	494725639
scaff_group012	NW_020135736.1	2158	494727797
scaff_group012	NW_020135737.1	2157	494729954
scaff_group012	NW_020135738.1	2155	494732109
scaff_group012	NW_020135739.1	3720	494735829
scaff_group012	NW_020135740.1	2154	494737983
scaff_group012	NW_020135741.1	2154	494740137
scaff_group012	NW_020135742.1	2153	494742290
scaff_group012	NW_020135743.1	2153	494744443
scaff_group012	NW_020135744.1	3051	494747494
scaff_group012	NW_020135745.1	2152	494749646
scaff_group012	NW_020135746.1	2151	494751797
scaff_group012	NW_020135747.1	2151	494753948
scaff_group012	NW_020135748.1	2151	494756099
scaff_group012	NW_020135749.1	2151	494758250
scaff_group012	NW_020135750.1	2151	494760401
scaff_group012	NW_020135751.1	2150	494762551
scaff_group012	NW_020135752.1	2149	494764700
scaff_group012	NW_020135753.1	2149	494766849
scaff_group012	NW_020135754.1	2148	494768997
scaff_group012	NW_020135755.1	2147	494771144
scaff_group012	NW_020135756.1	2145	494773289
scaff_group012	NW_020135757.1	2144	494775433
scaff_group012	NW_020135758.1	2143	494777576
scaff_group012	NW_020135759.1	2143	494779719
scaff_group012	NW_020135760.1	2142	494781861
scaff_group012	NW_020135761.1	2142	494784003
scaff_group012	NW_020135762.1	2139	494786142
scaff_group012	NW_020135763.1	2139	494788281
scaff_group012	NW_020135764.1	2137	494790418
scaff_group012	NW_020135765.1	2136	494792554
scaff_group012	NW_020135766.1	2135	494794689
scaff_group012	NW_020135767.1	2135	494796824
scaff_group012	NW_020135768.1	2135	494798959
scaff_group012	NW_020135769.1	2135	494801094
scaff_group012	NW_020135770.1	2133	494803227
scaff_group012	NW_020135771.1	2133	494805360
scaff_group012	NW_020135772.1	2133	494807493
scaff_group012	NW_020135773.1	2132	494809625
scaff_group012	NW_020135774.1	2131	494811756
scaff_group012	NW_020135775.1	2130	494813886
scaff_group012	NW_020135776.1	2129	494816015
scaff_group012	NW_020135777.1	2129	494818144
scaff_group012	NW_020135778.1	2128	494820272
scaff_group012	NW_020135779.1	2127	494822399
scaff_group012	NW_020135780.1	2127	494824526
scaff_group012	NW_020135781.1	2127	494826653
scaff_group012	NW_020135782.1	2126	494828779
scaff_group012	NW_020135783.1	2126	494830905
scaff_group012	NW_020135784.1	2125	494833030
scaff_group012	NW_020135785.1	2124	494835154
scaff_group012	NW_020135786.1	2124	494837278
scaff_group012	NW_020135787.1	2123	494839401
scaff_group012	NW_020135788.1	2120	494841521
scaff_group012	NW_020135789.1	2120	494843641
scaff_group012	NW_020135790.1	2120	494845761
scaff_group012	NW_020135791.1	2120	494847881
scaff_group012	NW_020135792.1	2118	494849999
scaff_group012	NW_020135793.1	2117	494852116
scaff_group012	NW_020135794.1	5094	494857210
scaff_group012	NW_020135795.1	2115	494859325
scaff_group012	NW_020135796.1	2115	494861440
scaff_group012	NW_020135797.1	2114	494863554
scaff_group012	NW_020135798.1	2114	494865668
scaff_group012	NW_020135799.1	2114	494867782
scaff_group012	NW_020135800.1	2114	494869896
scaff_group012	NW_020135801.1	2114	494872010
scaff_group012	NW_020135802.1	2114	494874124
scaff_group012	NW_020135803.1	2113	494876237
scaff_group012	NW_020135804.1	2113	494878350
scaff_group012	NW_020135805.1	2110	494880460
scaff_group012	NW_020135806.1	2109	494882569
scaff_group012	NW_020135807.1	2108	494884677
scaff_group012	NW_020135808.1	2108	494886785
scaff_group012	NW_020135809.1	2106	494888891
scaff_group012	NW_020135810.1	2102	494890993
scaff_group012	NW_020135811.1	2102	494893095
scaff_group012	NW_020135812.1	2101	494895196
scaff_group012	NW_020135813.1	2101	494897297
scaff_group012	NW_020135814.1	2101	494899398
scaff_group012	NW_020135815.1	2101	494901499
scaff_group012	NW_020135816.1	2101	494903600
scaff_group012	NW_020135817.1	2100	494905700
scaff_group012	NW_020135818.1	2100	494907800
scaff_group012	NW_020135819.1	2100	494909900
scaff_group012	NW_020135820.1	2099	494911999
scaff_group012	NW_020135821.1	16259	494928258
scaff_group012	NW_020135822.1	2098	494930356
scaff_group012	NW_020135823.1	2098	494932454
scaff_group012	NW_020135824.1	2097	494934551
scaff_group012	NW_020135825.1	2097	494936648
scaff_group012	NW_020135826.1	2097	494938745
scaff_group012	NW_020135827.1	8717	494947462
scaff_group012	NW_020135828.1	2095	494949557
scaff_group012	NW_020135829.1	2095	494951652
scaff_group012	NW_020135830.1	2094	494953746
scaff_group012	NW_020135831.1	2092	494955838
scaff_group012	NW_020135832.1	2092	494957930
scaff_group012	NW_020135833.1	2091	494960021
scaff_group012	NW_020135834.1	2091	494962112
scaff_group012	NW_020135835.1	2090	494964202
scaff_group012	NW_020135836.1	2090	494966292
scaff_group012	NW_020135837.1	2089	494968381
scaff_group012	NW_020135838.1	2086	494970467
scaff_group012	NW_020135839.1	2084	494972551
scaff_group012	NW_020135840.1	2084	494974635
scaff_group012	NW_020135841.1	2084	494976719
scaff_group012	NW_020135842.1	2083	494978802
scaff_group012	NW_020135843.1	2083	494980885
scaff_group012	NW_020135844.1	2083	494982968
scaff_group012	NW_020135845.1	2083	494985051
scaff_group012	NW_020135846.1	2082	494987133
scaff_group012	NW_020135847.1	2081	494989214
scaff_group012	NW_020135848.1	2080	494991294
scaff_group012	NW_020135849.1	2080	494993374
scaff_group012	NW_020135850.1	2079	494995453
scaff_group012	NW_020135851.1	2079	494997532
scaff_group012	NW_020135852.1	2077	494999609
scaff_group012	NW_020135853.1	2077	495001686
scaff_group012	NW_020135854.1	2076	495003762
scaff_group012	NW_020135855.1	2075	495005837
scaff_group012	NW_020135856.1	2074	495007911
scaff_group012	NW_020135857.1	2074	495009985
scaff_group012	NW_020135858.1	2074	495012059
scaff_group012	NW_020135859.1	2073	495014132
scaff_group012	NW_020135860.1	2073	495016205
scaff_group012	NW_020135861.1	2072	495018277
scaff_group012	NW_020135862.1	2071	495020348
scaff_group012	NW_020135863.1	2071	495022419
scaff_group012	NW_020135864.1	2071	495024490
scaff_group012	NW_020135865.1	2071	495026561
scaff_group012	NW_020135866.1	2071	495028632
scaff_group012	NW_020135867.1	2071	495030703
scaff_group012	NW_020135868.1	2070	495032773
scaff_group012	NW_020135869.1	2070	495034843
scaff_group012	NW_020135870.1	2069	495036912
scaff_group012	NW_020135871.1	2068	495038980
scaff_group012	NW_020135872.1	2068	495041048
scaff_group012	NW_020135873.1	2068	495043116
scaff_group012	NW_020135874.1	2067	495045183
scaff_group012	NW_020135875.1	2067	495047250
scaff_group012	NW_020135876.1	2067	495049317
scaff_group012	NW_020135877.1	2065	495051382
scaff_group012	NW_020135878.1	2065	495053447
scaff_group012	NW_020135879.1	2063	495055510
scaff_group012	NW_020135880.1	2062	495057572
scaff_group012	NW_020135881.1	2062	495059634
scaff_group012	NW_020135882.1	2061	495061695
scaff_group012	NW_020135883.1	2060	495063755
scaff_group012	NW_020135884.1	2059	495065814
scaff_group012	NW_020135885.1	2058	495067872
scaff_group012	NW_020135886.1	2058	495069930
scaff_group012	NW_020135887.1	2057	495071987
scaff_group012	NW_020135888.1	2053	495074040
scaff_group012	NW_020135889.1	2052	495076092
scaff_group012	NW_020135890.1	2052	495078144
scaff_group012	NW_020135891.1	2052	495080196
scaff_group012	NW_020135892.1	2052	495082248
scaff_group012	NW_020135893.1	2051	495084299
scaff_group012	NW_020135894.1	2050	495086349
scaff_group012	NW_020135895.1	2050	495088399
scaff_group012	NW_020135896.1	2049	495090448
scaff_group012	NW_020135897.1	2049	495092497
scaff_group012	NW_020135898.1	2049	495094546
scaff_group012	NW_020135899.1	2049	495096595
scaff_group012	NW_020135900.1	2047	495098642
scaff_group012	NW_020135901.1	2047	495100689
scaff_group012	NW_020135902.1	2047	495102736
scaff_group012	NW_020135903.1	2047	495104783
scaff_group012	NW_020135904.1	2047	495106830
scaff_group012	NW_020135905.1	2046	495108876
scaff_group012	NW_020135906.1	2046	495110922
scaff_group012	NW_020135907.1	2045	495112967
scaff_group012	NW_020135908.1	2045	495115012
scaff_group012	NW_020135909.1	2045	495117057
scaff_group012	NW_020135910.1	2043	495119100
scaff_group012	NW_020135911.1	2043	495121143
scaff_group012	NW_020135912.1	2043	495123186
scaff_group012	NW_020135913.1	2042	495125228
scaff_group012	NW_020135914.1	2042	495127270
scaff_group012	NW_020135915.1	2042	495129312
scaff_group012	NW_020135916.1	2042	495131354
scaff_group012	NW_020135917.1	2042	495133396
scaff_group012	NW_020135918.1	2041	495135437
scaff_group012	NW_020135919.1	2041	495137478
scaff_group012	NW_020135920.1	2041	495139519
scaff_group012	NW_020135921.1	2041	495141560
scaff_group012	NW_020135922.1	2040	495143600
scaff_group012	NW_020135923.1	2039	495145639
scaff_group012	NW_020135924.1	2038	495147677
scaff_group012	NW_020135925.1	2038	495149715
scaff_group012	NW_020135926.1	2038	495151753
scaff_group012	NW_020135927.1	2037	495153790
scaff_group012	NW_020135928.1	2037	495155827
scaff_group012	NW_020135929.1	2035	495157862
scaff_group012	NW_020135930.1	2035	495159897
scaff_group012	NW_020135931.1	2035	495161932
scaff_group012	NW_020135932.1	2034	495163966
scaff_group012	NW_020135933.1	2034	495166000
scaff_group012	NW_020135934.1	2033	495168033
scaff_group012	NW_020135935.1	2032	495170065
scaff_group012	NW_020135936.1	2030	495172095
scaff_group012	NW_020135937.1	10074	495182169
scaff_group012	NW_020135938.1	2029	495184198
scaff_group012	NW_020135939.1	2029	495186227
scaff_group012	NW_020135940.1	2028	495188255
scaff_group012	NW_020135941.1	2028	495190283
scaff_group012	NW_020135942.1	2027	495192310
scaff_group012	NW_020135943.1	2027	495194337
scaff_group012	NW_020135944.1	2027	495196364
scaff_group012	NW_020135945.1	2026	495198390
scaff_group012	NW_020135946.1	2026	495200416
scaff_group012	NW_020135947.1	2024	495202440
scaff_group012	NW_020135948.1	2024	495204464
scaff_group012	NW_020135949.1	2022	495206486
scaff_group012	NW_020135950.1	2022	495208508
scaff_group012	NW_020135951.1	2021	495210529
scaff_group012	NW_020135952.1	2021	495212550
scaff_group012	NW_020135953.1	2020	495214570
scaff_group012	NW_020135954.1	2020	495216590
scaff_group012	NW_020135955.1	2019	495218609
scaff_group012	NW_020135956.1	2018	495220627
scaff_group012	NW_020135957.1	2018	495222645
scaff_group012	NW_020135958.1	2018	495224663
scaff_group012	NW_020135959.1	2017	495226680
scaff_group012	NW_020135960.1	2017	495228697
scaff_group012	NW_020135961.1	2016	495230713
scaff_group012	NW_020135962.1	2015	495232728
scaff_group012	NW_020135963.1	2014	495234742
scaff_group012	NW_020135964.1	2013	495236755
scaff_group012	NW_020135965.1	2013	495238768
scaff_group012	NW_020135966.1	2013	495240781
scaff_group012	NW_020135967.1	2011	495242792
scaff_group012	NW_020135968.1	2010	495244802
scaff_group012	NW_020135969.1	2010	495246812
scaff_group012	NW_020135970.1	2009	495248821
scaff_group012	NW_020135971.1	2009	495250830
scaff_group012	NW_020135972.1	2008	495252838
scaff_group012	NW_020135973.1	2008	495254846
scaff_group012	NW_020135974.1	2007	495256853
scaff_group012	NW_020135975.1	2006	495258859
scaff_group012	NW_020135976.1	2005	495260864
scaff_group012	NW_020135977.1	2004	495262868
scaff_group012	NW_020135978.1	2003	495264871
scaff_group012	NW_020135979.1	2003	495266874
scaff_group012	NW_020135980.1	2002	495268876
scaff_group012	NW_020135981.1	2002	495270878
scaff_group012	NW_020135982.1	2002	495272880
scaff_group012	NW_020135983.1	2001	495274881
scaff_group012	NW_020135984.1	2001	495276882
scaff_group012	NW_020135985.1	1999	495278881
scaff_group012	NW_020135986.1	1999	495280880
scaff_group012	NW_020135987.1	1996	495282876
scaff_group012	NW_020135988.1	1996	495284872
scaff_group012	NW_020135989.1	1996	495286868
scaff_group012	NW_020135990.1	1996	495288864
scaff_group012	NW_020135991.1	1995	495290859
scaff_group012	NW_020135992.1	1994	495292853
scaff_group012	NW_020135993.1	1994	495294847
scaff_group012	NW_020135994.1	1993	495296840
scaff_group012	NW_020135995.1	3708	495300548
scaff_group012	NW_020135996.1	1992	495302540
scaff_group012	NW_020135997.1	1991	495304531
scaff_group012	NW_020135998.1	1991	495306522
scaff_group012	NW_020135999.1	1991	495308513
scaff_group012	NW_020136000.1	1991	495310504
scaff_group012	NW_020136001.1	1990	495312494
scaff_group012	NW_020136002.1	1989	495314483
scaff_group012	NW_020136003.1	1989	495316472
scaff_group012	NW_020136004.1	1989	495318461
scaff_group012	NW_020136005.1	1988	495320449
scaff_group012	NW_020136006.1	1988	495322437
scaff_group012	NW_020136007.1	1986	495324423
scaff_group012	NW_020136008.1	1986	495326409
scaff_group012	NW_020136009.1	1986	495328395
scaff_group012	NW_020136010.1	1985	495330380
scaff_group012	NW_020136011.1	1985	495332365
scaff_group012	NW_020136012.1	1983	495334348
scaff_group012	NW_020136013.1	1983	495336331
scaff_group012	NW_020136014.1	1982	495338313
scaff_group012	NW_020136015.1	1982	495340295
scaff_group012	NW_020136016.1	1981	495342276
scaff_group012	NW_020136017.1	1981	495344257
scaff_group012	NW_020136018.1	1981	495346238
scaff_group012	NW_020136019.1	1981	495348219
scaff_group012	NW_020136020.1	1981	495350200
scaff_group012	NW_020136021.1	1980	495352180
scaff_group012	NW_020136022.1	1980	495354160
scaff_group012	NW_020136023.1	1980	495356140
scaff_group012	NW_020136024.1	1980	495358120
scaff_group012	NW_020136025.1	1978	495360098
scaff_group012	NW_020136026.1	1977	495362075
scaff_group012	NW_020136027.1	1977	495364052
scaff_group012	NW_020136028.1	1977	495366029
scaff_group012	NW_020136029.1	1977	495368006
scaff_group012	NW_020136030.1	1977	495369983
scaff_group012	NW_020136031.1	1976	495371959
scaff_group012	NW_020136032.1	1976	495373935
scaff_group012	NW_020136033.1	1975	495375910
scaff_group012	NW_020136034.1	1975	495377885
scaff_group012	NW_020136035.1	1975	495379860
scaff_group012	NW_020136036.1	1974	495381834
scaff_group012	NW_020136037.1	1973	495383807
scaff_group012	NW_020136038.1	1973	495385780
scaff_group012	NW_020136039.1	1973	495387753
scaff_group012	NW_020136040.1	1973	495389726
scaff_group012	NW_020136041.1	1972	495391698
scaff_group012	NW_020136042.1	1972	495393670
scaff_group012	NW_020136043.1	1971	495395641
scaff_group012	NW_020136044.1	1970	495397611
scaff_group012	NW_020136045.1	1969	495399580
scaff_group012	NW_020136046.1	1969	495401549
scaff_group012	NW_020136047.1	1969	495403518
scaff_group012	NW_020136048.1	1969	495405487
scaff_group012	NW_020136049.1	1967	495407454
scaff_group012	NW_020136050.1	1966	495409420
scaff_group012	NW_020136051.1	1966	495411386
scaff_group012	NW_020136052.1	1966	495413352
scaff_group012	NW_020136053.1	1966	495415318
scaff_group012	NW_020136054.1	1965	495417283
scaff_group012	NW_020136055.1	1965	495419248
scaff_group012	NW_020136056.1	1965	495421213
scaff_group012	NW_020136057.1	1965	495423178
scaff_group012	NW_020136058.1	1964	495425142
scaff_group012	NW_020136059.1	1963	495427105
scaff_group012	NW_020136060.1	1962	495429067
scaff_group012	NW_020136061.1	1962	495431029
scaff_group012	NW_020136062.1	1961	495432990
scaff_group012	NW_020136063.1	1961	495434951
scaff_group012	NW_020136064.1	1961	495436912
scaff_group012	NW_020136065.1	1960	495438872
scaff_group012	NW_020136066.1	1959	495440831
scaff_group012	NW_020136067.1	1959	495442790
scaff_group012	NW_020136068.1	1959	495444749
scaff_group012	NW_020136069.1	1959	495446708
scaff_group012	NW_020136070.1	43170	495489878
scaff_group012	NW_020136071.1	1958	495491836
scaff_group012	NW_020136072.1	1958	495493794
scaff_group012	NW_020136073.1	1958	495495752
scaff_group012	NW_020136074.1	1957	495497709
scaff_group012	NW_020136075.1	1956	495499665
scaff_group012	NW_020136076.1	1956	495501621
scaff_group012	NW_020136077.1	1956	495503577
scaff_group012	NW_020136078.1	1956	495505533
scaff_group012	NW_020136079.1	1956	495507489
scaff_group012	NW_020136080.1	1956	495509445
scaff_group012	NW_020136081.1	1955	495511400
scaff_group012	NW_020136082.1	1955	495513355
scaff_group012	NW_020136083.1	1955	495515310
scaff_group012	NW_020136084.1	1954	495517264
scaff_group012	NW_020136085.1	1954	495519218
scaff_group012	NW_020136086.1	1954	495521172
scaff_group012	NW_020136087.1	1954	495523126
scaff_group012	NW_020136088.1	1954	495525080
scaff_group012	NW_020136089.1	1953	495527033
scaff_group012	NW_020136090.1	1953	495528986
scaff_group012	NW_020136091.1	8345	495537331
scaff_group012	NW_020136092.1	4665	495541996
scaff_group012	NW_020136093.1	1952	495543948
scaff_group012	NW_020136094.1	1952	495545900
scaff_group012	NW_020136095.1	1951	495547851
scaff_group012	NW_020136096.1	1951	495549802
scaff_group012	NW_020136097.1	1951	495551753
scaff_group012	NW_020136098.1	1950	495553703
scaff_group012	NW_020136099.1	1949	495555652
scaff_group012	NW_020136100.1	1949	495557601
scaff_group012	NW_020136101.1	1949	495559550
scaff_group012	NW_020136102.1	1949	495561499
scaff_group012	NW_020136103.1	1948	495563447
scaff_group012	NW_020136104.1	1947	495565394
scaff_group012	NW_020136105.1	1947	495567341
scaff_group012	NW_020136106.1	1945	495569286
scaff_group012	NW_020136107.1	1945	495571231
scaff_group012	NW_020136108.1	1945	495573176
scaff_group012	NW_020136109.1	1944	495575120
scaff_group012	NW_020136110.1	1943	495577063
scaff_group012	NW_020136111.1	1943	495579006
scaff_group012	NW_020136112.1	1943	495580949
scaff_group012	NW_020136113.1	1943	495582892
scaff_group012	NW_020136114.1	1943	495584835
scaff_group012	NW_020136115.1	1942	495586777
scaff_group012	NW_020136116.1	1942	495588719
scaff_group012	NW_020136117.1	1942	495590661
scaff_group012	NW_020136118.1	4645	495595306
scaff_group012	NW_020136119.1	7785	495603091
scaff_group012	NW_020136120.1	1942	495605033
scaff_group012	NW_020136121.1	1941	495606974
scaff_group012	NW_020136122.1	1940	495608914
scaff_group012	NW_020136123.1	1940	495610854
scaff_group012	NW_020136124.1	1940	495612794
scaff_group012	NW_020136125.1	1940	495614734
scaff_group012	NW_020136126.1	1940	495616674
scaff_group012	NW_020136127.1	1937	495618611
scaff_group012	NW_020136128.1	1937	495620548
scaff_group012	NW_020136129.1	1937	495622485
scaff_group012	NW_020136130.1	1936	495624421
scaff_group012	NW_020136131.1	1935	495626356
scaff_group012	NW_020136132.1	1935	495628291
scaff_group012	NW_020136133.1	1933	495630224
scaff_group012	NW_020136134.1	1932	495632156
scaff_group012	NW_020136135.1	1932	495634088
scaff_group012	NW_020136136.1	1932	495636020
scaff_group012	NW_020136137.1	1932	495637952
scaff_group012	NW_020136138.1	1931	495639883
scaff_group012	NW_020136139.1	1931	495641814
scaff_group012	NW_020136140.1	1931	495643745
scaff_group012	NW_020136141.1	1929	495645674
scaff_group012	NW_020136142.1	1929	495647603
scaff_group012	NW_020136143.1	1928	495649531
scaff_group012	NW_020136144.1	1928	495651459
scaff_group012	NW_020136145.1	1928	495653387
scaff_group012	NW_020136146.1	1927	495655314
scaff_group012	NW_020136147.1	1926	495657240
scaff_group012	NW_020136148.1	1926	495659166
scaff_group012	NW_020136149.1	1924	495661090
scaff_group012	NW_020136150.1	1924	495663014
scaff_group012	NW_020136151.1	1923	495664937
scaff_group012	NW_020136152.1	1923	495666860
scaff_group012	NW_020136153.1	1923	495668783
scaff_group012	NW_020136154.1	1922	495670705
scaff_group012	NW_020136155.1	1922	495672627
scaff_group012	NW_020136156.1	1921	495674548
scaff_group012	NW_020136157.1	1921	495676469
scaff_group012	NW_020136158.1	1921	495678390
scaff_group012	NW_020136159.1	1921	495680311
scaff_group012	NW_020136160.1	1920	495682231
scaff_group012	NW_020136161.1	1920	495684151
scaff_group012	NW_020136162.1	1919	495686070
scaff_group012	NW_020136163.1	1919	495687989
scaff_group012	NW_020136164.1	1919	495689908
scaff_group012	NW_020136165.1	1917	495691825
scaff_group012	NW_020136166.1	1917	495693742
scaff_group012	NW_020136167.1	1916	495695658
scaff_group012	NW_020136168.1	1916	495697574
scaff_group012	NW_020136169.1	1916	495699490
scaff_group012	NW_020136170.1	1915	495701405
scaff_group012	NW_020136171.1	1915	495703320
scaff_group012	NW_020136172.1	1915	495705235
scaff_group012	NW_020136173.1	1915	495707150
scaff_group012	NW_020136174.1	1914	495709064
scaff_group012	NW_020136175.1	1914	495710978
scaff_group012	NW_020136176.1	1914	495712892
scaff_group012	NW_020136177.1	1913	495714805
scaff_group012	NW_020136178.1	1913	495716718
scaff_group012	NW_020136179.1	1913	495718631
scaff_group012	NW_020136180.1	1912	495720543
scaff_group012	NW_020136181.1	1912	495722455
scaff_group012	NW_020136182.1	1911	495724366
scaff_group012	NW_020136183.1	1911	495726277
scaff_group012	NW_020136184.1	1910	495728187
scaff_group012	NW_020136185.1	1909	495730096
scaff_group012	NW_020136186.1	1908	495732004
scaff_group012	NW_020136187.1	1907	495733911
scaff_group012	NW_020136188.1	1906	495735817
scaff_group012	NW_020136189.1	1906	495737723
scaff_group012	NW_020136190.1	1905	495739628
scaff_group012	NW_020136191.1	1904	495741532
scaff_group012	NW_020136192.1	1904	495743436
scaff_group012	NW_020136193.1	1904	495745340
scaff_group012	NW_020136194.1	1903	495747243
scaff_group012	NW_020136195.1	1902	495749145
scaff_group012	NW_020136196.1	1901	495751046
scaff_group012	NW_020136197.1	1900	495752946
scaff_group012	NW_020136198.1	1900	495754846
scaff_group012	NW_020136199.1	1900	495756746
scaff_group012	NW_020136200.1	1900	495758646
scaff_group012	NW_020136201.1	1899	495760545
scaff_group012	NW_020136202.1	4023	495764568
scaff_group012	NW_020136203.1	1897	495766465
scaff_group012	NW_020136204.1	1897	495768362
scaff_group012	NW_020136205.1	1896	495770258
scaff_group012	NW_020136206.1	1896	495772154
scaff_group012	NW_020136207.1	1895	495774049
scaff_group012	NW_020136208.1	1895	495775944
scaff_group012	NW_020136209.1	1894	495777838
scaff_group012	NW_020136210.1	1894	495779732
scaff_group012	NW_020136211.1	1894	495781626
scaff_group012	NW_020136212.1	1894	495783520
scaff_group012	NW_020136213.1	1893	495785413
scaff_group012	NW_020136214.1	1893	495787306
scaff_group012	NW_020136215.1	1892	495789198
scaff_group012	NW_020136216.1	1892	495791090
scaff_group012	NW_020136217.1	1892	495792982
scaff_group012	NW_020136218.1	1892	495794874
scaff_group012	NW_020136219.1	1892	495796766
scaff_group012	NW_020136220.1	1892	495798658
scaff_group012	NW_020136221.1	1891	495800549
scaff_group012	NW_020136222.1	1891	495802440
scaff_group012	NW_020136223.1	1890	495804330
scaff_group012	NW_020136224.1	1890	495806220
scaff_group012	NW_020136225.1	10526	495816746
scaff_group012	NW_020136226.1	1890	495818636
scaff_group012	NW_020136227.1	1889	495820525
scaff_group012	NW_020136228.1	1889	495822414
scaff_group012	NW_020136229.1	1889	495824303
scaff_group012	NW_020136230.1	1889	495826192
scaff_group012	NW_020136231.1	1888	495828080
scaff_group012	NW_020136232.1	1887	495829967
scaff_group012	NW_020136233.1	1886	495831853
scaff_group012	NW_020136234.1	1886	495833739
scaff_group012	NW_020136235.1	1886	495835625
scaff_group012	NW_020136236.1	1885	495837510
scaff_group012	NW_020136237.1	1884	495839394
scaff_group012	NW_020136238.1	1883	495841277
scaff_group012	NW_020136239.1	1883	495843160
scaff_group012	NW_020136240.1	1883	495845043
scaff_group012	NW_020136241.1	1882	495846925
scaff_group012	NW_020136242.1	1882	495848807
scaff_group012	NW_020136243.1	1881	495850688
scaff_group012	NW_020136244.1	1881	495852569
scaff_group012	NW_020136245.1	1881	495854450
scaff_group012	NW_020136246.1	1881	495856331
scaff_group012	NW_020136247.1	1881	495858212
scaff_group012	NW_020136248.1	1880	495860092
scaff_group012	NW_020136249.1	1880	495861972
scaff_group012	NW_020136250.1	1879	495863851
scaff_group012	NW_020136251.1	1879	495865730
scaff_group012	NW_020136252.1	1879	495867609
scaff_group012	NW_020136253.1	1879	495869488
scaff_group012	NW_020136254.1	1879	495871367
scaff_group012	NW_020136255.1	1877	495873244
scaff_group012	NW_020136256.1	1876	495875120
scaff_group012	NW_020136257.1	1876	495876996
scaff_group012	NW_020136258.1	1875	495878871
scaff_group012	NW_020136259.1	1874	495880745
scaff_group012	NW_020136260.1	1874	495882619
scaff_group012	NW_020136261.1	1873	495884492
scaff_group012	NW_020136262.1	1873	495886365
scaff_group012	NW_020136263.1	1872	495888237
scaff_group012	NW_020136264.1	1872	495890109
scaff_group012	NW_020136265.1	1871	495891980
scaff_group012	NW_020136266.1	1870	495893850
scaff_group012	NW_020136267.1	1869	495895719
scaff_group012	NW_020136268.1	1868	495897587
scaff_group012	NW_020136269.1	1868	495899455
scaff_group012	NW_020136270.1	1868	495901323
scaff_group012	NW_020136271.1	1868	495903191
scaff_group012	NW_020136272.1	1867	495905058
scaff_group012	NW_020136273.1	1867	495906925
scaff_group012	NW_020136274.1	1866	495908791
scaff_group012	NW_020136275.1	1866	495910657
scaff_group012	NW_020136276.1	1866	495912523
scaff_group012	NW_020136277.1	1866	495914389
scaff_group012	NW_020136278.1	1866	495916255
scaff_group012	NW_020136279.1	1865	495918120
scaff_group012	NW_020136280.1	1865	495919985
scaff_group012	NW_020136281.1	1865	495921850
scaff_group012	NW_020136282.1	1865	495923715
scaff_group012	NW_020136283.1	1864	495925579
scaff_group012	NW_020136284.1	1864	495927443
scaff_group012	NW_020136285.1	1862	495929305
scaff_group012	NW_020136286.1	1862	495931167
scaff_group012	NW_020136287.1	1861	495933028
scaff_group012	NW_020136288.1	1861	495934889
scaff_group012	NW_020136289.1	1861	495936750
scaff_group012	NW_020136290.1	1860	495938610
scaff_group012	NW_020136291.1	1860	495940470
scaff_group012	NW_020136292.1	1859	495942329
scaff_group012	NW_020136293.1	1859	495944188
scaff_group012	NW_020136294.1	1858	495946046
scaff_group012	NW_020136295.1	1858	495947904
scaff_group012	NW_020136296.1	1858	495949762
scaff_group012	NW_020136297.1	1857	495951619
scaff_group012	NW_020136298.1	1856	495953475
scaff_group012	NW_020136299.1	1856	495955331
scaff_group012	NW_020136300.1	1855	495957186
scaff_group012	NW_020136301.1	1854	495959040
scaff_group012	NW_020136302.1	1853	495960893
scaff_group012	NW_020136303.1	1853	495962746
scaff_group012	NW_020136304.1	1852	495964598
scaff_group012	NW_020136305.1	1852	495966450
scaff_group012	NW_020136306.1	1852	495968302
scaff_group012	NW_020136307.1	1851	495970153
scaff_group012	NW_020136308.1	1851	495972004
scaff_group012	NW_020136309.1	1851	495973855
scaff_group012	NW_020136310.1	1851	495975706
scaff_group012	NW_020136311.1	1849	495977555
scaff_group012	NW_020136312.1	1849	495979404
scaff_group012	NW_020136313.1	1849	495981253
scaff_group012	NW_020136314.1	1849	495983102
scaff_group012	NW_020136315.1	1848	495984950
scaff_group012	NW_020136316.1	1848	495986798
scaff_group012	NW_020136317.1	1848	495988646
scaff_group012	NW_020136318.1	1847	495990493
scaff_group012	NW_020136319.1	1845	495992338
scaff_group012	NW_020136320.1	1845	495994183
scaff_group012	NW_020136321.1	1845	495996028
scaff_group012	NW_020136322.1	1845	495997873
scaff_group012	NW_020136323.1	1844	495999717
scaff_group012	NW_020136324.1	1844	496001561
scaff_group012	NW_020136325.1	1844	496003405
scaff_group012	NW_020136326.1	1844	496005249
scaff_group012	NW_020136327.1	1843	496007092
scaff_group012	NW_020136328.1	1843	496008935
scaff_group012	NW_020136329.1	1843	496010778
scaff_group012	NW_020136330.1	1843	496012621
scaff_group012	NW_020136331.1	1842	496014463
scaff_group012	NW_020136332.1	14809	496029272
scaff_group012	NW_020136333.1	1842	496031114
scaff_group012	NW_020136334.1	1841	496032955
scaff_group012	NW_020136335.1	1841	496034796
scaff_group012	NW_020136336.1	1839	496036635
scaff_group012	NW_020136337.1	1839	496038474
scaff_group012	NW_020136338.1	1839	496040313
scaff_group012	NW_020136339.1	1838	496042151
scaff_group012	NW_020136340.1	4130	496046281
scaff_group012	NW_020136341.1	1837	496048118
scaff_group012	NW_020136342.1	1837	496049955
scaff_group012	NW_020136343.1	1837	496051792
scaff_group012	NW_020136344.1	1837	496053629
scaff_group012	NW_020136345.1	1836	496055465
scaff_group012	NW_020136346.1	1836	496057301
scaff_group012	NW_020136347.1	1834	496059135
scaff_group012	NW_020136348.1	1832	496060967
scaff_group012	NW_020136349.1	1832	496062799
scaff_group012	NW_020136350.1	1831	496064630
scaff_group012	NW_020136351.1	1831	496066461
scaff_group012	NW_020136352.1	1831	496068292
scaff_group012	NW_020136353.1	1831	496070123
scaff_group012	NW_020136354.1	1830	496071953
scaff_group012	NW_020136355.1	1829	496073782
scaff_group012	NW_020136356.1	1829	496075611
scaff_group012	NW_020136357.1	1827	496077438
scaff_group012	NW_020136358.1	1827	496079265
scaff_group012	NW_020136359.1	1826	496081091
scaff_group012	NW_020136360.1	1825	496082916
scaff_group012	NW_020136361.1	1825	496084741
scaff_group012	NW_020136362.1	1824	496086565
scaff_group012	NW_020136363.1	1823	496088388
scaff_group012	NW_020136364.1	1823	496090211
scaff_group012	NW_020136365.1	1823	496092034
scaff_group012	NW_020136366.1	1822	496093856
scaff_group012	NW_020136367.1	1822	496095678
scaff_group012	NW_020136368.1	1821	496097499
scaff_group012	NW_020136369.1	1821	496099320
scaff_group012	NW_020136370.1	1820	496101140
scaff_group012	NW_020136371.1	1820	496102960
scaff_group012	NW_020136372.1	1819	496104779
scaff_group012	NW_020136373.1	1819	496106598
scaff_group012	NW_020136374.1	1819	496108417
scaff_group012	NW_020136375.1	1819	496110236
scaff_group012	NW_020136376.1	1818	496112054
scaff_group012	NW_020136377.1	1817	496113871
scaff_group012	NW_020136378.1	1815	496115686
scaff_group012	NW_020136379.1	1815	496117501
scaff_group012	NW_020136380.1	1815	496119316
scaff_group012	NW_020136381.1	1814	496121130
scaff_group012	NW_020136382.1	1814	496122944
scaff_group012	NW_020136383.1	1814	496124758
scaff_group012	NW_020136384.1	1814	496126572
scaff_group012	NW_020136385.1	1812	496128384
scaff_group012	NW_020136386.1	1812	496130196
scaff_group012	NW_020136387.1	1812	496132008
scaff_group012	NW_020136388.1	1811	496133819
scaff_group012	NW_020136389.1	1811	496135630
scaff_group012	NW_020136390.1	1811	496137441
scaff_group012	NW_020136391.1	1810	496139251
scaff_group012	NW_020136392.1	1810	496141061
scaff_group012	NW_020136393.1	1810	496142871
scaff_group012	NW_020136394.1	1808	496144679
scaff_group012	NW_020136395.1	1807	496146486
scaff_group012	NW_020136396.1	1807	496148293
scaff_group012	NW_020136397.1	1807	496150100
scaff_group012	NW_020136398.1	1806	496151906
scaff_group012	NW_020136399.1	1806	496153712
scaff_group012	NW_020136400.1	1805	496155517
scaff_group012	NW_020136401.1	1805	496157322
scaff_group012	NW_020136402.1	1805	496159127
scaff_group012	NW_020136403.1	1805	496160932
scaff_group012	NW_020136404.1	1804	496162736
scaff_group012	NW_020136405.1	1802	496164538
scaff_group012	NW_020136406.1	1802	496166340
scaff_group012	NW_020136407.1	1802	496168142
scaff_group012	NW_020136408.1	1801	496169943
scaff_group012	NW_020136409.1	1801	496171744
scaff_group012	NW_020136410.1	1801	496173545
scaff_group012	NW_020136411.1	1801	496175346
scaff_group012	NW_020136412.1	1801	496177147
scaff_group012	NW_020136413.1	1800	496178947
scaff_group012	NW_020136414.1	1798	496180745
scaff_group012	NW_020136415.1	1798	496182543
scaff_group012	NW_020136416.1	1798	496184341
scaff_group012	NW_020136417.1	1798	496186139
scaff_group012	NW_020136418.1	1798	496187937
scaff_group012	NW_020136419.1	1797	496189734
scaff_group012	NW_020136420.1	1797	496191531
scaff_group012	NW_020136421.1	1797	496193328
scaff_group012	NW_020136422.1	1797	496195125
scaff_group012	NW_020136423.1	1796	496196921
scaff_group012	NW_020136424.1	1796	496198717
scaff_group012	NW_020136425.1	1796	496200513
scaff_group012	NW_020136426.1	1796	496202309
scaff_group012	NW_020136427.1	1796	496204105
scaff_group012	NW_020136428.1	1795	496205900
scaff_group012	NW_020136429.1	1795	496207695
scaff_group012	NW_020136430.1	12589	496220284
scaff_group012	NW_020136431.1	1795	496222079
scaff_group012	NW_020136432.1	1795	496223874
scaff_group012	NW_020136433.1	1793	496225667
scaff_group012	NW_020136434.1	1793	496227460
scaff_group012	NW_020136435.1	1793	496229253
scaff_group012	NW_020136436.1	1792	496231045
scaff_group012	NW_020136437.1	1792	496232837
scaff_group012	NW_020136438.1	1792	496234629
scaff_group012	NW_020136439.1	1792	496236421
scaff_group012	NW_020136440.1	1792	496238213
scaff_group012	NW_020136441.1	1791	496240004
scaff_group012	NW_020136442.1	1791	496241795
scaff_group012	NW_020136443.1	1790	496243585
scaff_group012	NW_020136444.1	1790	496245375
scaff_group012	NW_020136445.1	1789	496247164
scaff_group012	NW_020136446.1	1789	496248953
scaff_group012	NW_020136447.1	1789	496250742
scaff_group012	NW_020136448.1	1789	496252531
scaff_group012	NW_020136449.1	1789	496254320
scaff_group012	NW_020136450.1	1789	496256109
scaff_group012	NW_020136451.1	1788	496257897
scaff_group012	NW_020136452.1	1788	496259685
scaff_group012	NW_020136453.1	1788	496261473
scaff_group012	NW_020136454.1	1787	496263260
scaff_group012	NW_020136455.1	1787	496265047
scaff_group012	NW_020136456.1	1787	496266834
scaff_group012	NW_020136457.1	1787	496268621
scaff_group012	NW_020136458.1	1787	496270408
scaff_group012	NW_020136459.1	1787	496272195
scaff_group012	NW_020136460.1	1785	496273980
scaff_group012	NW_020136461.1	1785	496275765
scaff_group012	NW_020136462.1	1785	496277550
scaff_group012	NW_020136463.1	1785	496279335
scaff_group012	NW_020136464.1	1784	496281119
scaff_group012	NW_020136465.1	1784	496282903
scaff_group012	NW_020136466.1	1784	496284687
scaff_group012	NW_020136467.1	1783	496286470
scaff_group012	NW_020136468.1	1782	496288252
scaff_group012	NW_020136469.1	1782	496290034
scaff_group012	NW_020136470.1	1782	496291816
scaff_group012	NW_020136471.1	1782	496293598
scaff_group012	NW_020136472.1	1782	496295380
scaff_group012	NW_020136473.1	1781	496297161
scaff_group012	NW_020136474.1	1781	496298942
scaff_group012	NW_020136475.1	1781	496300723
scaff_group012	NW_020136476.1	1781	496302504
scaff_group012	NW_020136477.1	1781	496304285
scaff_group012	NW_020136478.1	1780	496306065
scaff_group012	NW_020136479.1	1780	496307845
scaff_group012	NW_020136480.1	1780	496309625
scaff_group012	NW_020136481.1	1780	496311405
scaff_group012	NW_020136482.1	1779	496313184
scaff_group012	NW_020136483.1	1779	496314963
scaff_group012	NW_020136484.1	1779	496316742
scaff_group012	NW_020136485.1	1778	496318520
scaff_group012	NW_020136486.1	1777	496320297
scaff_group012	NW_020136487.1	1776	496322073
scaff_group012	NW_020136488.1	1776	496323849
scaff_group012	NW_020136489.1	1776	496325625
scaff_group012	NW_020136490.1	1776	496327401
scaff_group012	NW_020136491.1	1775	496329176
scaff_group012	NW_020136492.1	1775	496330951
scaff_group012	NW_020136493.1	1775	496332726
scaff_group012	NW_020136494.1	1774	496334500
scaff_group012	NW_020136495.1	1774	496336274
scaff_group012	NW_020136496.1	1774	496338048
scaff_group012	NW_020136497.1	1774	496339822
scaff_group012	NW_020136498.1	1773	496341595
scaff_group012	NW_020136499.1	1773	496343368
scaff_group012	NW_020136500.1	1773	496345141
scaff_group012	NW_020136501.1	1773	496346914
scaff_group012	NW_020136502.1	4015	496350929
scaff_group012	NW_020136503.1	1772	496352701
scaff_group012	NW_020136504.1	1772	496354473
scaff_group012	NW_020136505.1	1770	496356243
scaff_group012	NW_020136506.1	1770	496358013
scaff_group012	NW_020136507.1	1770	496359783
scaff_group012	NW_020136508.1	1770	496361553
scaff_group012	NW_020136509.1	1768	496363321
scaff_group012	NW_020136510.1	1768	496365089
scaff_group012	NW_020136511.1	1768	496366857
scaff_group012	NW_020136512.1	1767	496368624
scaff_group012	NW_020136513.1	1767	496370391
scaff_group012	NW_020136514.1	1767	496372158
scaff_group012	NW_020136515.1	1766	496373924
scaff_group012	NW_020136516.1	1765	496375689
scaff_group012	NW_020136517.1	1765	496377454
scaff_group012	NW_020136518.1	1764	496379218
scaff_group012	NW_020136519.1	1764	496380982
scaff_group012	NW_020136520.1	1763	496382745
scaff_group012	NW_020136521.1	1763	496384508
scaff_group012	NW_020136522.1	1762	496386270
scaff_group012	NW_020136523.1	1762	496388032
scaff_group012	NW_020136524.1	4433	496392465
scaff_group012	NW_020136525.1	1761	496394226
scaff_group012	NW_020136526.1	1761	496395987
scaff_group012	NW_020136527.1	1760	496397747
scaff_group012	NW_020136528.1	19833	496417580
scaff_group012	NW_020136529.1	1760	496419340
scaff_group012	NW_020136530.1	1760	496421100
scaff_group012	NW_020136531.1	1759	496422859
scaff_group012	NW_020136532.1	1759	496424618
scaff_group012	NW_020136533.1	1758	496426376
scaff_group012	NW_020136534.1	1758	496428134
scaff_group012	NW_020136535.1	1758	496429892
scaff_group012	NW_020136536.1	1757	496431649
scaff_group012	NW_020136537.1	1756	496433405
scaff_group012	NW_020136538.1	1756	496435161
scaff_group012	NW_020136539.1	1756	496436917
scaff_group012	NW_020136540.1	1756	496438673
scaff_group012	NW_020136541.1	1755	496440428
scaff_group012	NW_020136542.1	1755	496442183
scaff_group012	NW_020136543.1	1755	496443938
scaff_group012	NW_020136544.1	8258	496452196
scaff_group012	NW_020136545.1	1754	496453950
scaff_group012	NW_020136546.1	1753	496455703
scaff_group012	NW_020136547.1	1753	496457456
scaff_group012	NW_020136548.1	1752	496459208
scaff_group012	NW_020136549.1	1752	496460960
scaff_group012	NW_020136550.1	1752	496462712
scaff_group012	NW_020136551.1	1750	496464462
scaff_group012	NW_020136552.1	1749	496466211
scaff_group012	NW_020136553.1	1749	496467960
scaff_group012	NW_020136554.1	1748	496469708
scaff_group012	NW_020136555.1	1748	496471456
scaff_group012	NW_020136556.1	1747	496473203
scaff_group012	NW_020136557.1	1746	496474949
scaff_group012	NW_020136558.1	1746	496476695
scaff_group012	NW_020136559.1	1746	496478441
scaff_group012	NW_020136560.1	1745	496480186
scaff_group012	NW_020136561.1	1745	496481931
scaff_group012	NW_020136562.1	1743	496483674
scaff_group012	NW_020136563.1	1743	496485417
scaff_group012	NW_020136564.1	1741	496487158
scaff_group012	NW_020136565.1	1741	496488899
scaff_group012	NW_020136566.1	8286	496497185
scaff_group012	NW_020136567.1	1739	496498924
scaff_group012	NW_020136568.1	1739	496500663
scaff_group012	NW_020136569.1	1739	496502402
scaff_group012	NW_020136570.1	1738	496504140
scaff_group012	NW_020136571.1	1738	496505878
scaff_group012	NW_020136572.1	1738	496507616
scaff_group012	NW_020136573.1	1738	496509354
scaff_group012	NW_020136574.1	1738	496511092
scaff_group012	NW_020136575.1	1737	496512829
scaff_group012	NW_020136576.1	1736	496514565
scaff_group012	NW_020136577.1	1736	496516301
scaff_group012	NW_020136578.1	1735	496518036
scaff_group012	NW_020136579.1	1735	496519771
scaff_group012	NW_020136580.1	1735	496521506
scaff_group012	NW_020136581.1	1735	496523241
scaff_group012	NW_020136582.1	1734	496524975
scaff_group012	NW_020136583.1	1734	496526709
scaff_group012	NW_020136584.1	1733	496528442
scaff_group012	NW_020136585.1	1732	496530174
scaff_group012	NW_020136586.1	1732	496531906
scaff_group012	NW_020136587.1	1732	496533638
scaff_group012	NW_020136588.1	1730	496535368
scaff_group012	NW_020136589.1	1730	496537098
scaff_group012	NW_020136590.1	1730	496538828
scaff_group012	NW_020136591.1	1730	496540558
scaff_group012	NW_020136592.1	1730	496542288
scaff_group012	NW_020136593.1	1729	496544017
scaff_group012	NW_020136594.1	1729	496545746
scaff_group012	NW_020136595.1	1729	496547475
scaff_group012	NW_020136596.1	1729	496549204
scaff_group012	NW_020136597.1	1728	496550932
scaff_group012	NW_020136598.1	3061	496553993
scaff_group012	NW_020136599.1	1728	496555721
scaff_group012	NW_020136600.1	1728	496557449
scaff_group012	NW_020136601.1	1728	496559177
scaff_group012	NW_020136602.1	1727	496560904
scaff_group012	NW_020136603.1	1727	496562631
scaff_group012	NW_020136604.1	1726	496564357
scaff_group012	NW_020136605.1	1725	496566082
scaff_group012	NW_020136606.1	1725	496567807
scaff_group012	NW_020136607.1	1724	496569531
scaff_group012	NW_020136608.1	1724	496571255
scaff_group012	NW_020136609.1	1724	496572979
scaff_group012	NW_020136610.1	1723	496574702
scaff_group012	NW_020136611.1	1722	496576424
scaff_group012	NW_020136612.1	1722	496578146
scaff_group012	NW_020136613.1	1721	496579867
scaff_group012	NW_020136614.1	1720	496581587
scaff_group012	NW_020136615.1	1720	496583307
scaff_group012	NW_020136616.1	1720	496585027
scaff_group012	NW_020136617.1	1719	496586746
scaff_group012	NW_020136618.1	1719	496588465
scaff_group012	NW_020136619.1	1719	496590184
scaff_group012	NW_020136620.1	1719	496591903
scaff_group012	NW_020136621.1	1718	496593621
scaff_group012	NW_020136622.1	1718	496595339
scaff_group012	NW_020136623.1	1717	496597056
scaff_group012	NW_020136624.1	1717	496598773
scaff_group012	NW_020136625.1	1717	496600490
scaff_group012	NW_020136626.1	1717	496602207
scaff_group012	NW_020136627.1	1716	496603923
scaff_group012	NW_020136628.1	1716	496605639
scaff_group012	NW_020136629.1	1716	496607355
scaff_group012	NW_020136630.1	1716	496609071
scaff_group012	NW_020136631.1	1715	496610786
scaff_group012	NW_020136632.1	1714	496612500
scaff_group012	NW_020136633.1	1714	496614214
scaff_group012	NW_020136634.1	1713	496615927
scaff_group012	NW_020136635.1	1713	496617640
scaff_group012	NW_020136636.1	1713	496619353
scaff_group012	NW_020136637.1	1713	496621066
scaff_group012	NW_020136638.1	1712	496622778
scaff_group012	NW_020136639.1	1712	496624490
scaff_group012	NW_020136640.1	1711	496626201
scaff_group012	NW_020136641.1	1711	496627912
scaff_group012	NW_020136642.1	1711	496629623
scaff_group012	NW_020136643.1	1711	496631334
scaff_group012	NW_020136644.1	1711	496633045
scaff_group012	NW_020136645.1	1710	496634755
scaff_group012	NW_020136646.1	1710	496636465
scaff_group012	NW_020136647.1	1710	496638175
scaff_group012	NW_020136648.1	1709	496639884
scaff_group012	NW_020136649.1	1709	496641593
scaff_group012	NW_020136650.1	1708	496643301
scaff_group012	NW_020136651.1	1708	496645009
scaff_group012	NW_020136652.1	1708	496646717
scaff_group012	NW_020136653.1	1708	496648425
scaff_group012	NW_020136654.1	1708	496650133
scaff_group012	NW_020136655.1	1707	496651840
scaff_group012	NW_020136656.1	1707	496653547
scaff_group012	NW_020136657.1	1706	496655253
scaff_group012	NW_020136658.1	1706	496656959
scaff_group012	NW_020136659.1	1706	496658665
scaff_group012	NW_020136660.1	1705	496660370
scaff_group012	NW_020136661.1	1705	496662075
scaff_group012	NW_020136662.1	1705	496663780
scaff_group012	NW_020136663.1	1704	496665484
scaff_group012	NW_020136664.1	2883	496668367
scaff_group012	NW_020136665.1	1704	496670071
scaff_group012	NW_020136666.1	1703	496671774
scaff_group012	NW_020136667.1	1703	496673477
scaff_group012	NW_020136668.1	1702	496675179
scaff_group012	NW_020136669.1	1702	496676881
scaff_group012	NW_020136670.1	1702	496678583
scaff_group012	NW_020136671.1	1701	496680284
scaff_group012	NW_020136672.1	1700	496681984
scaff_group012	NW_020136673.1	1700	496683684
scaff_group012	NW_020136674.1	1700	496685384
scaff_group012	NW_020136675.1	1699	496687083
scaff_group012	NW_020136676.1	1699	496688782
scaff_group012	NW_020136677.1	1698	496690480
scaff_group012	NW_020136678.1	1698	496692178
scaff_group012	NW_020136679.1	1697	496693875
scaff_group012	NW_020136680.1	1697	496695572
scaff_group012	NW_020136681.1	1697	496697269
scaff_group012	NW_020136682.1	7371	496704640
scaff_group012	NW_020136683.1	1697	496706337
scaff_group012	NW_020136684.1	1697	496708034
scaff_group012	NW_020136685.1	1697	496709731
scaff_group012	NW_020136686.1	1696	496711427
scaff_group012	NW_020136687.1	1696	496713123
scaff_group012	NW_020136688.1	1696	496714819
scaff_group012	NW_020136689.1	1695	496716514
scaff_group012	NW_020136690.1	1695	496718209
scaff_group012	NW_020136691.1	1694	496719903
scaff_group012	NW_020136692.1	1694	496721597
scaff_group012	NW_020136693.1	1694	496723291
scaff_group012	NW_020136694.1	1693	496724984
scaff_group012	NW_020136695.1	1693	496726677
scaff_group012	NW_020136696.1	1693	496728370
scaff_group012	NW_020136697.1	1692	496730062
scaff_group012	NW_020136698.1	1692	496731754
scaff_group012	NW_020136699.1	1692	496733446
scaff_group012	NW_020136700.1	1692	496735138
scaff_group012	NW_020136701.1	1692	496736830
scaff_group012	NW_020136702.1	1691	496738521
scaff_group012	NW_020136703.1	1691	496740212
scaff_group012	NW_020136704.1	1690	496741902
scaff_group012	NW_020136705.1	1689	496743591
scaff_group012	NW_020136706.1	1688	496745279
scaff_group012	NW_020136707.1	1687	496746966
scaff_group012	NW_020136708.1	4973	496751939
scaff_group012	NW_020136709.1	1686	496753625
scaff_group012	NW_020136710.1	1686	496755311
scaff_group012	NW_020136711.1	1685	496756996
scaff_group012	NW_020136712.1	1685	496758681
scaff_group012	NW_020136713.1	1685	496760366
scaff_group012	NW_020136714.1	1685	496762051
scaff_group012	NW_020136715.1	1685	496763736
scaff_group012	NW_020136716.1	1684	496765420
scaff_group012	NW_020136717.1	1684	496767104
scaff_group012	NW_020136718.1	1684	496768788
scaff_group012	NW_020136719.1	1683	496770471
scaff_group012	NW_020136720.1	1683	496772154
scaff_group012	NW_020136721.1	1683	496773837
scaff_group012	NW_020136722.1	1683	496775520
scaff_group012	NW_020136723.1	1682	496777202
scaff_group012	NW_020136724.1	1682	496778884
scaff_group012	NW_020136725.1	1682	496780566
scaff_group012	NW_020136726.1	1681	496782247
scaff_group012	NW_020136727.1	1681	496783928
scaff_group012	NW_020136728.1	1681	496785609
scaff_group012	NW_020136729.1	1681	496787290
scaff_group012	NW_020136730.1	1680	496788970
scaff_group012	NW_020136731.1	1680	496790650
scaff_group012	NW_020136732.1	1680	496792330
scaff_group012	NW_020136733.1	1680	496794010
scaff_group012	NW_020136734.1	7503	496801513
scaff_group012	NW_020136735.1	1679	496803192
scaff_group012	NW_020136736.1	1678	496804870
scaff_group012	NW_020136737.1	1678	496806548
scaff_group012	NW_020136738.1	1678	496808226
scaff_group012	NW_020136739.1	1678	496809904
scaff_group012	NW_020136740.1	1678	496811582
scaff_group012	NW_020136741.1	5142	496816724
scaff_group012	NW_020136742.1	1677	496818401
scaff_group012	NW_020136743.1	1677	496820078
scaff_group012	NW_020136744.1	1676	496821754
scaff_group012	NW_020136745.1	1676	496823430
scaff_group012	NW_020136746.1	1676	496825106
scaff_group012	NW_020136747.1	1676	496826782
scaff_group012	NW_020136748.1	1676	496828458
scaff_group012	NW_020136749.1	1674	496830132
scaff_group012	NW_020136750.1	1673	496831805
scaff_group012	NW_020136751.1	1673	496833478
scaff_group012	NW_020136752.1	3035	496836513
scaff_group012	NW_020136753.1	1673	496838186
scaff_group012	NW_020136754.1	1673	496839859
scaff_group012	NW_020136755.1	1673	496841532
scaff_group012	NW_020136756.1	1672	496843204
scaff_group012	NW_020136757.1	1672	496844876
scaff_group012	NW_020136758.1	1672	496846548
scaff_group012	NW_020136759.1	1672	496848220
scaff_group012	NW_020136760.1	1672	496849892
scaff_group012	NW_020136761.1	1671	496851563
scaff_group012	NW_020136762.1	1671	496853234
scaff_group012	NW_020136763.1	1671	496854905
scaff_group012	NW_020136764.1	1671	496856576
scaff_group012	NW_020136765.1	1670	496858246
scaff_group012	NW_020136766.1	1670	496859916
scaff_group012	NW_020136767.1	1670	496861586
scaff_group012	NW_020136768.1	1669	496863255
scaff_group012	NW_020136769.1	1668	496864923
scaff_group012	NW_020136770.1	1667	496866590
scaff_group012	NW_020136771.1	1667	496868257
scaff_group012	NW_020136772.1	1667	496869924
scaff_group012	NW_020136773.1	1665	496871589
scaff_group012	NW_020136774.1	1665	496873254
scaff_group012	NW_020136775.1	1665	496874919
scaff_group012	NW_020136776.1	1665	496876584
scaff_group012	NW_020136777.1	1664	496878248
scaff_group012	NW_020136778.1	1664	496879912
scaff_group012	NW_020136779.1	1664	496881576
scaff_group012	NW_020136780.1	1663	496883239
scaff_group012	NW_020136781.1	1663	496884902
scaff_group012	NW_020136782.1	1662	496886564
scaff_group012	NW_020136783.1	1662	496888226
scaff_group012	NW_020136784.1	1662	496889888
scaff_group012	NW_020136785.1	1662	496891550
scaff_group012	NW_020136786.1	1662	496893212
scaff_group012	NW_020136787.1	1661	496894873
scaff_group012	NW_020136788.1	4883	496899756
scaff_group012	NW_020136789.1	1660	496901416
scaff_group012	NW_020136790.1	2750	496904166
scaff_group012	NW_020136791.1	1659	496905825
scaff_group012	NW_020136792.1	1659	496907484
scaff_group012	NW_020136793.1	1659	496909143
scaff_group012	NW_020136794.1	1658	496910801
scaff_group012	NW_020136795.1	1657	496912458
scaff_group012	NW_020136796.1	1656	496914114
scaff_group012	NW_020136797.1	3332	496917446
scaff_group012	NW_020136798.1	1655	496919101
scaff_group012	NW_020136799.1	1655	496920756
scaff_group012	NW_020136800.1	1654	496922410
scaff_group012	NW_020136801.1	1654	496924064
scaff_group012	NW_020136802.1	1653	496925717
scaff_group012	NW_020136803.1	2791	496928508
scaff_group012	NW_020136804.1	1653	496930161
scaff_group012	NW_020136805.1	1652	496931813
scaff_group012	NW_020136806.1	1652	496933465
scaff_group012	NW_020136807.1	1652	496935117
scaff_group012	NW_020136808.1	1652	496936769
scaff_group012	NW_020136809.1	1651	496938420
scaff_group012	NW_020136810.1	1651	496940071
scaff_group012	NW_020136811.1	1651	496941722
scaff_group012	NW_020136812.1	1650	496943372
scaff_group012	NW_020136813.1	1650	496945022
scaff_group012	NW_020136814.1	1650	496946672
scaff_group012	NW_020136815.1	1650	496948322
scaff_group012	NW_020136816.1	1650	496949972
scaff_group012	NW_020136817.1	3046	496953018
scaff_group012	NW_020136818.1	1649	496954667
scaff_group012	NW_020136819.1	1649	496956316
scaff_group012	NW_020136820.1	1649	496957965
scaff_group012	NW_020136821.1	1649	496959614
scaff_group012	NW_020136822.1	1649	496961263
scaff_group012	NW_020136823.1	1648	496962911
scaff_group012	NW_020136824.1	1648	496964559
scaff_group012	NW_020136825.1	3431	496967990
scaff_group012	NW_020136826.1	1647	496969637
scaff_group012	NW_020136827.1	1647	496971284
scaff_group012	NW_020136828.1	1647	496972931
scaff_group012	NW_020136829.1	1647	496974578
scaff_group012	NW_020136830.1	1647	496976225
scaff_group012	NW_020136831.1	1646	496977871
scaff_group012	NW_020136832.1	1646	496979517
scaff_group012	NW_020136833.1	1645	496981162
scaff_group012	NW_020136834.1	1645	496982807
scaff_group012	NW_020136835.1	1645	496984452
scaff_group012	NW_020136836.1	1644	496986096
scaff_group012	NW_020136837.1	1644	496987740
scaff_group012	NW_020136838.1	1644	496989384
scaff_group012	NW_020136839.1	1644	496991028
scaff_group012	NW_020136840.1	1643	496992671
scaff_group012	NW_020136841.1	1643	496994314
scaff_group012	NW_020136842.1	1642	496995956
scaff_group012	NW_020136843.1	1642	496997598
scaff_group012	NW_020136844.1	1642	496999240
scaff_group012	NW_020136845.1	1642	497000882
scaff_group012	NW_020136846.1	1642	497002524
scaff_group012	NW_020136847.1	1642	497004166
scaff_group012	NW_020136848.1	1641	497005807
scaff_group012	NW_020136849.1	1640	497007447
scaff_group012	NW_020136850.1	1640	497009087
scaff_group012	NW_020136851.1	1640	497010727
scaff_group012	NW_020136852.1	1639	497012366
scaff_group012	NW_020136853.1	1639	497014005
scaff_group012	NW_020136854.1	1638	497015643
scaff_group012	NW_020136855.1	1638	497017281
scaff_group012	NW_020136856.1	1638	497018919
scaff_group012	NW_020136857.1	1637	497020556
scaff_group012	NW_020136858.1	1637	497022193
scaff_group012	NW_020136859.1	1636	497023829
scaff_group012	NW_020136860.1	1636	497025465
scaff_group012	NW_020136861.1	1636	497027101
scaff_group012	NW_020136862.1	1636	497028737
scaff_group012	NW_020136863.1	1636	497030373
scaff_group012	NW_020136864.1	1635	497032008
scaff_group012	NW_020136865.1	1634	497033642
scaff_group012	NW_020136866.1	1634	497035276
scaff_group012	NW_020136867.1	1634	497036910
scaff_group012	NW_020136868.1	1634	497038544
scaff_group012	NW_020136869.1	1634	497040178
scaff_group012	NW_020136870.1	1633	497041811
scaff_group012	NW_020136871.1	1633	497043444
scaff_group012	NW_020136872.1	1633	497045077
scaff_group012	NW_020136873.1	1632	497046709
scaff_group012	NW_020136874.1	1632	497048341
scaff_group012	NW_020136875.1	1632	497049973
scaff_group012	NW_020136876.1	1632	497051605
scaff_group012	NW_020136877.1	1631	497053236
scaff_group012	NW_020136878.1	1631	497054867
scaff_group012	NW_020136879.1	1630	497056497
scaff_group012	NW_020136880.1	1629	497058126
scaff_group012	NW_020136881.1	1629	497059755
scaff_group012	NW_020136882.1	1628	497061383
scaff_group012	NW_020136883.1	1627	497063010
scaff_group012	NW_020136884.1	1627	497064637
scaff_group012	NW_020136885.1	1627	497066264
scaff_group012	NW_020136886.1	1626	497067890
scaff_group012	NW_020136887.1	1626	497069516
scaff_group012	NW_020136888.1	1626	497071142
scaff_group012	NW_020136889.1	1625	497072767
scaff_group012	NW_020136890.1	1625	497074392
scaff_group012	NW_020136891.1	1625	497076017
scaff_group012	NW_020136892.1	1624	497077641
scaff_group012	NW_020136893.1	1624	497079265
scaff_group012	NW_020136894.1	1623	497080888
scaff_group012	NW_020136895.1	1623	497082511
scaff_group012	NW_020136896.1	1623	497084134
scaff_group012	NW_020136897.1	1623	497085757
scaff_group012	NW_020136898.1	1623	497087380
scaff_group012	NW_020136899.1	1622	497089002
scaff_group012	NW_020136900.1	1622	497090624
scaff_group012	NW_020136901.1	1621	497092245
scaff_group012	NW_020136902.1	1621	497093866
scaff_group012	NW_020136903.1	1620	497095486
scaff_group012	NW_020136904.1	1620	497097106
scaff_group012	NW_020136905.1	1620	497098726
scaff_group012	NW_020136906.1	1620	497100346
scaff_group012	NW_020136907.1	1619	497101965
scaff_group012	NW_020136908.1	1618	497103583
scaff_group012	NW_020136909.1	1618	497105201
scaff_group012	NW_020136910.1	1617	497106818
scaff_group012	NW_020136911.1	1617	497108435
scaff_group012	NW_020136912.1	1617	497110052
scaff_group012	NW_020136913.1	1617	497111669
scaff_group012	NW_020136914.1	1617	497113286
scaff_group012	NW_020136915.1	1617	497114903
scaff_group012	NW_020136916.1	1615	497116518
scaff_group012	NW_020136917.1	1615	497118133
scaff_group012	NW_020136918.1	1615	497119748
scaff_group012	NW_020136919.1	1615	497121363
scaff_group012	NW_020136920.1	1614	497122977
scaff_group012	NW_020136921.1	1614	497124591
scaff_group012	NW_020136922.1	1614	497126205
scaff_group012	NW_020136923.1	1614	497127819
scaff_group012	NW_020136924.1	1614	497129433
scaff_group012	NW_020136925.1	1614	497131047
scaff_group012	NW_020136926.1	1614	497132661
scaff_group012	NW_020136927.1	1614	497134275
scaff_group012	NW_020136928.1	1613	497135888
scaff_group012	NW_020136929.1	1613	497137501
scaff_group012	NW_020136930.1	1613	497139114
scaff_group012	NW_020136931.1	1613	497140727
scaff_group012	NW_020136932.1	1612	497142339
scaff_group012	NW_020136933.1	1612	497143951
scaff_group012	NW_020136934.1	1611	497145562
scaff_group012	NW_020136935.1	1611	497147173
scaff_group012	NW_020136936.1	1611	497148784
scaff_group012	NW_020136937.1	1611	497150395
scaff_group012	NW_020136938.1	1611	497152006
scaff_group012	NW_020136939.1	1610	497153616
scaff_group012	NW_020136940.1	1610	497155226
scaff_group012	NW_020136941.1	1610	497156836
scaff_group012	NW_020136942.1	1609	497158445
scaff_group012	NW_020136943.1	1609	497160054
scaff_group012	NW_020136944.1	1609	497161663
scaff_group012	NW_020136945.1	1608	497163271
scaff_group012	NW_020136946.1	1608	497164879
scaff_group012	NW_020136947.1	1607	497166486
scaff_group012	NW_020136948.1	1607	497168093
scaff_group012	NW_020136949.1	1606	497169699
scaff_group012	NW_020136950.1	1606	497171305
scaff_group012	NW_020136951.1	1606	497172911
scaff_group012	NW_020136952.1	1606	497174517
scaff_group012	NW_020136953.1	1606	497176123
scaff_group012	NW_020136954.1	1606	497177729
scaff_group012	NW_020136955.1	1606	497179335
scaff_group012	NW_020136956.1	1605	497180940
scaff_group012	NW_020136957.1	1604	497182544
scaff_group012	NW_020136958.1	1604	497184148
scaff_group012	NW_020136959.1	1604	497185752
scaff_group012	NW_020136960.1	1604	497187356
scaff_group012	NW_020136961.1	1604	497188960
scaff_group012	NW_020136962.1	2796	497191756
scaff_group012	NW_020136963.1	1603	497193359
scaff_group012	NW_020136964.1	1602	497194961
scaff_group012	NW_020136965.1	1602	497196563
scaff_group012	NW_020136966.1	1602	497198165
scaff_group012	NW_020136967.1	1602	497199767
scaff_group012	NW_020136968.1	1602	497201369
scaff_group012	NW_020136969.1	1602	497202971
scaff_group012	NW_020136970.1	1602	497204573
scaff_group012	NW_020136971.1	1602	497206175
scaff_group012	NW_020136972.1	1601	497207776
scaff_group012	NW_020136973.1	1601	497209377
scaff_group012	NW_020136974.1	1601	497210978
scaff_group012	NW_020136975.1	1601	497212579
scaff_group012	NW_020136976.1	1600	497214179
scaff_group012	NW_020136977.1	1600	497215779
scaff_group012	NW_020136978.1	1600	497217379
scaff_group012	NW_020136979.1	1600	497218979
scaff_group012	NW_020136980.1	1600	497220579
scaff_group012	NW_020136981.1	1599	497222178
scaff_group012	NW_020136982.1	1599	497223777
scaff_group012	NW_020136983.1	1599	497225376
scaff_group012	NW_020136984.1	1599	497226975
scaff_group012	NW_020136985.1	1599	497228574
scaff_group012	NW_020136986.1	1598	497230172
scaff_group012	NW_020136987.1	1598	497231770
scaff_group012	NW_020136988.1	1598	497233368
scaff_group012	NW_020136989.1	1598	497234966
scaff_group012	NW_020136990.1	1598	497236564
scaff_group012	NW_020136991.1	1598	497238162
scaff_group012	NW_020136992.1	1597	497239759
scaff_group012	NW_020136993.1	1597	497241356
scaff_group012	NW_020136994.1	1597	497242953
scaff_group012	NW_020136995.1	1597	497244550
scaff_group012	NW_020136996.1	1597	497246147
scaff_group012	NW_020136997.1	1597	497247744
scaff_group012	NW_020136998.1	1597	497249341
scaff_group012	NW_020136999.1	1596	497250937
scaff_group012	NW_020137000.1	1596	497252533
scaff_group012	NW_020137001.1	1596	497254129
scaff_group012	NW_020137002.1	1596	497255725
scaff_group012	NW_020137003.1	1595	497257320
scaff_group012	NW_020137004.1	1595	497258915
scaff_group012	NW_020137005.1	1595	497260510
scaff_group012	NW_020137006.1	1594	497262104
scaff_group012	NW_020137007.1	1594	497263698
scaff_group012	NW_020137008.1	1594	497265292
scaff_group012	NW_020137009.1	1593	497266885
scaff_group012	NW_020137010.1	1593	497268478
scaff_group012	NW_020137011.1	1593	497270071
scaff_group012	NW_020137012.1	1593	497271664
scaff_group012	NW_020137013.1	1593	497273257
scaff_group012	NW_020137014.1	1593	497274850
scaff_group012	NW_020137015.1	1593	497276443
scaff_group012	NW_020137016.1	1592	497278035
scaff_group012	NW_020137017.1	1592	497279627
scaff_group012	NW_020137018.1	1592	497281219
scaff_group012	NW_020137019.1	6096	497287315
scaff_group012	NW_020137020.1	1592	497288907
scaff_group012	NW_020137021.1	1591	497290498
scaff_group012	NW_020137022.1	1591	497292089
scaff_group012	NW_020137023.1	1591	497293680
scaff_group012	NW_020137024.1	1590	497295270
scaff_group012	NW_020137025.1	1589	497296859
scaff_group012	NW_020137026.1	1589	497298448
scaff_group012	NW_020137027.1	1589	497300037
scaff_group012	NW_020137028.1	1589	497301626
scaff_group012	NW_020137029.1	1588	497303214
scaff_group012	NW_020137030.1	1588	497304802
scaff_group012	NW_020137031.1	1588	497306390
scaff_group012	NW_020137032.1	1588	497307978
scaff_group012	NW_020137033.1	1588	497309566
scaff_group012	NW_020137034.1	1588	497311154
scaff_group012	NW_020137035.1	1587	497312741
scaff_group012	NW_020137036.1	1586	497314327
scaff_group012	NW_020137037.1	1586	497315913
scaff_group012	NW_020137038.1	1586	497317499
scaff_group012	NW_020137039.1	1585	497319084
scaff_group012	NW_020137040.1	1585	497320669
scaff_group012	NW_020137041.1	1585	497322254
scaff_group012	NW_020137042.1	1584	497323838
scaff_group012	NW_020137043.1	1584	497325422
scaff_group012	NW_020137044.1	1584	497327006
scaff_group012	NW_020137045.1	1584	497328590
scaff_group012	NW_020137046.1	1584	497330174
scaff_group012	NW_020137047.1	1584	497331758
scaff_group012	NW_020137048.1	1583	497333341
scaff_group012	NW_020137049.1	1582	497334923
scaff_group012	NW_020137050.1	1582	497336505
scaff_group012	NW_020137051.1	1582	497338087
scaff_group012	NW_020137052.1	1581	497339668
scaff_group012	NW_020137053.1	1581	497341249
scaff_group012	NW_020137054.1	1581	497342830
scaff_group012	NW_020137055.1	1581	497344411
scaff_group012	NW_020137056.1	1581	497345992
scaff_group012	NW_020137057.1	1581	497347573
scaff_group012	NW_020137058.1	1580	497349153
scaff_group012	NW_020137059.1	1580	497350733
scaff_group012	NW_020137060.1	1580	497352313
scaff_group012	NW_020137061.1	1580	497353893
scaff_group012	NW_020137062.1	1579	497355472
scaff_group012	NW_020137063.1	1579	497357051
scaff_group012	NW_020137064.1	1578	497358629
scaff_group012	NW_020137065.1	1578	497360207
scaff_group012	NW_020137066.1	1578	497361785
scaff_group012	NW_020137067.1	1578	497363363
scaff_group012	NW_020137068.1	1578	497364941
scaff_group012	NW_020137069.1	1578	497366519
scaff_group012	NW_020137070.1	1578	497368097
scaff_group012	NW_020137071.1	1578	497369675
scaff_group012	NW_020137072.1	1578	497371253
scaff_group012	NW_020137073.1	1577	497372830
scaff_group012	NW_020137074.1	1577	497374407
scaff_group012	NW_020137075.1	1577	497375984
scaff_group012	NW_020137076.1	1577	497377561
scaff_group012	NW_020137077.1	1576	497379137
scaff_group012	NW_020137078.1	1576	497380713
scaff_group012	NW_020137079.1	1576	497382289
scaff_group012	NW_020137080.1	1576	497383865
scaff_group012	NW_020137081.1	1575	497385440
scaff_group012	NW_020137082.1	1575	497387015
scaff_group012	NW_020137083.1	1575	497388590
scaff_group012	NW_020137084.1	1575	497390165
scaff_group012	NW_020137085.1	1574	497391739
scaff_group012	NW_020137086.1	1572	497393311
scaff_group012	NW_020137087.1	1572	497394883
scaff_group012	NW_020137088.1	1572	497396455
scaff_group012	NW_020137089.1	1572	497398027
scaff_group012	NW_020137090.1	1572	497399599
scaff_group012	NW_020137091.1	1571	497401170
scaff_group012	NW_020137092.1	1571	497402741
scaff_group012	NW_020137093.1	1570	497404311
scaff_group012	NW_020137094.1	1570	497405881
scaff_group012	NW_020137095.1	1570	497407451
scaff_group012	NW_020137096.1	1570	497409021
scaff_group012	NW_020137097.1	1570	497410591
scaff_group012	NW_020137098.1	1570	497412161
scaff_group012	NW_020137099.1	1569	497413730
scaff_group012	NW_020137100.1	1569	497415299
scaff_group012	NW_020137101.1	1569	497416868
scaff_group012	NW_020137102.1	1568	497418436
scaff_group012	NW_020137103.1	1568	497420004
scaff_group012	NW_020137104.1	1568	497421572
scaff_group012	NW_020137105.1	1568	497423140
scaff_group012	NW_020137106.1	1568	497424708
scaff_group012	NW_020137107.1	1567	497426275
scaff_group012	NW_020137108.1	1567	497427842
scaff_group012	NW_020137109.1	1567	497429409
scaff_group012	NW_020137110.1	1567	497430976
scaff_group012	NW_020137111.1	1566	497432542
scaff_group012	NW_020137112.1	1566	497434108
scaff_group012	NW_020137113.1	1566	497435674
scaff_group012	NW_020137114.1	1566	497437240
scaff_group012	NW_020137115.1	1566	497438806
scaff_group012	NW_020137116.1	1566	497440372
scaff_group012	NW_020137117.1	1565	497441937
scaff_group012	NW_020137118.1	1565	497443502
scaff_group012	NW_020137119.1	1565	497445067
scaff_group012	NW_020137120.1	1565	497446632
scaff_group012	NW_020137121.1	1564	497448196
scaff_group012	NW_020137122.1	1564	497449760
scaff_group012	NW_020137123.1	1564	497451324
scaff_group012	NW_020137124.1	1564	497452888
scaff_group012	NW_020137125.1	1564	497454452
scaff_group012	NW_020137126.1	1563	497456015
scaff_group012	NW_020137127.1	1563	497457578
scaff_group012	NW_020137128.1	1563	497459141
scaff_group012	NW_020137129.1	1563	497460704
scaff_group012	NW_020137130.1	1562	497462266
scaff_group012	NW_020137131.1	1561	497463827
scaff_group012	NW_020137132.1	1561	497465388
scaff_group012	NW_020137133.1	1561	497466949
scaff_group012	NW_020137134.1	1560	497468509
scaff_group012	NW_020137135.1	1560	497470069
scaff_group012	NW_020137136.1	1560	497471629
scaff_group012	NW_020137137.1	1560	497473189
scaff_group012	NW_020137138.1	1560	497474749
scaff_group012	NW_020137139.1	1560	497476309
scaff_group012	NW_020137140.1	1559	497477868
scaff_group012	NW_020137141.1	1559	497479427
scaff_group012	NW_020137142.1	1559	497480986
scaff_group012	NW_020137143.1	1559	497482545
scaff_group012	NW_020137144.1	1559	497484104
scaff_group012	NW_020137145.1	1559	497485663
scaff_group012	NW_020137146.1	1559	497487222
scaff_group012	NW_020137147.1	1558	497488780
scaff_group012	NW_020137148.1	1558	497490338
scaff_group012	NW_020137149.1	1558	497491896
scaff_group012	NW_020137150.1	1558	497493454
scaff_group012	NW_020137151.1	1558	497495012
scaff_group012	NW_020137152.1	1558	497496570
scaff_group012	NW_020137153.1	1557	497498127
scaff_group012	NW_020137154.1	1557	497499684
scaff_group012	NW_020137155.1	1556	497501240
scaff_group012	NW_020137156.1	1555	497502795
scaff_group012	NW_020137157.1	1554	497504349
scaff_group012	NW_020137158.1	1554	497505903
scaff_group012	NW_020137159.1	1554	497507457
scaff_group012	NW_020137160.1	1554	497509011
scaff_group012	NW_020137161.1	1554	497510565
scaff_group012	NW_020137162.1	1553	497512118
scaff_group012	NW_020137163.1	1553	497513671
scaff_group012	NW_020137164.1	1552	497515223
scaff_group012	NW_020137165.1	1552	497516775
scaff_group012	NW_020137166.1	1552	497518327
scaff_group012	NW_020137167.1	1552	497519879
scaff_group012	NW_020137168.1	1552	497521431
scaff_group012	NW_020137169.1	1551	497522982
scaff_group012	NW_020137170.1	1551	497524533
scaff_group012	NW_020137171.1	1551	497526084
scaff_group012	NW_020137172.1	1551	497527635
scaff_group012	NW_020137173.1	1551	497529186
scaff_group012	NW_020137174.1	1551	497530737
scaff_group012	NW_020137175.1	1551	497532288
scaff_group012	NW_020137176.1	1551	497533839
scaff_group012	NW_020137177.1	1551	497535390
scaff_group012	NW_020137178.1	1237	497536627
scaff_group012	NW_020137179.1	1550	497538177
scaff_group012	NW_020137180.1	1550	497539727
scaff_group012	NW_020137181.1	1550	497541277
scaff_group012	NW_020137182.1	8531	497549808
scaff_group012	NW_020137183.1	1550	497551358
scaff_group012	NW_020137184.1	1550	497552908
scaff_group012	NW_020137185.1	1549	497554457
scaff_group012	NW_020137186.1	1549	497556006
scaff_group012	NW_020137187.1	1549	497557555
scaff_group012	NW_020137188.1	1549	497559104
scaff_group012	NW_020137189.1	1549	497560653
scaff_group012	NW_020137190.1	1549	497562202
scaff_group012	NW_020137191.1	1549	497563751
scaff_group012	NW_020137192.1	1548	497565299
scaff_group012	NW_020137193.1	1548	497566847
scaff_group012	NW_020137194.1	1548	497568395
scaff_group012	NW_020137195.1	1548	497569943
scaff_group012	NW_020137196.1	1548	497571491
scaff_group012	NW_020137197.1	1548	497573039
scaff_group012	NW_020137198.1	1548	497574587
scaff_group012	NW_020137199.1	1547	497576134
scaff_group012	NW_020137200.1	1547	497577681
scaff_group012	NW_020137201.1	1547	497579228
scaff_group012	NW_020137202.1	1547	497580775
scaff_group012	NW_020137203.1	1547	497582322
scaff_group012	NW_020137204.1	1547	497583869
scaff_group012	NW_020137205.1	1547	497585416
scaff_group012	NW_020137206.1	1546	497586962
scaff_group012	NW_020137207.1	1546	497588508
scaff_group012	NW_020137208.1	1546	497590054
scaff_group012	NW_020137209.1	1546	497591600
scaff_group012	NW_020137210.1	1546	497593146
scaff_group012	NW_020137211.1	1546	497594692
scaff_group012	NW_020137212.1	1546	497596238
scaff_group012	NW_020137213.1	5705	497601943
scaff_group012	NW_020137214.1	1545	497603488
scaff_group012	NW_020137215.1	1545	497605033
scaff_group012	NW_020137216.1	1545	497606578
scaff_group012	NW_020137217.1	1545	497608123
scaff_group012	NW_020137218.1	1545	497609668
scaff_group012	NW_020137219.1	1545	497611213
scaff_group012	NW_020137220.1	1544	497612757
scaff_group012	NW_020137221.1	1544	497614301
scaff_group012	NW_020137222.1	1544	497615845
scaff_group012	NW_020137223.1	1544	497617389
scaff_group012	NW_020137224.1	1543	497618932
scaff_group012	NW_020137225.1	1543	497620475
scaff_group012	NW_020137226.1	1543	497622018
scaff_group012	NW_020137227.1	1543	497623561
scaff_group012	NW_020137228.1	1543	497625104
scaff_group012	NW_020137229.1	1543	497626647
scaff_group012	NW_020137230.1	1543	497628190
scaff_group012	NW_020137231.1	1543	497629733
scaff_group012	NW_020137232.1	1542	497631275
scaff_group012	NW_020137233.1	1542	497632817
scaff_group012	NW_020137234.1	1542	497634359
scaff_group012	NW_020137235.1	1541	497635900
scaff_group012	NW_020137236.1	1541	497637441
scaff_group012	NW_020137237.1	1541	497638982
scaff_group012	NW_020137238.1	1541	497640523
scaff_group012	NW_020137239.1	1540	497642063
scaff_group012	NW_020137240.1	1540	497643603
scaff_group012	NW_020137241.1	1540	497645143
scaff_group012	NW_020137242.1	1540	497646683
scaff_group012	NW_020137243.1	1540	497648223
scaff_group012	NW_020137244.1	1539	497649762
scaff_group012	NW_020137245.1	1539	497651301
scaff_group012	NW_020137246.1	1539	497652840
scaff_group012	NW_020137247.1	1539	497654379
scaff_group012	NW_020137248.1	1539	497655918
scaff_group012	NW_020137249.1	1538	497657456
scaff_group012	NW_020137250.1	1538	497658994
scaff_group012	NW_020137251.1	1538	497660532
scaff_group012	NW_020137252.1	1538	497662070
scaff_group012	NW_020137253.1	1538	497663608
scaff_group012	NW_020137254.1	1537	497665145
scaff_group012	NW_020137255.1	1537	497666682
scaff_group012	NW_020137256.1	1537	497668219
scaff_group012	NW_020137257.1	1536	497669755
scaff_group012	NW_020137258.1	1536	497671291
scaff_group012	NW_020137259.1	1536	497672827
scaff_group012	NW_020137260.1	1536	497674363
scaff_group012	NW_020137261.1	1536	497675899
scaff_group012	NW_020137262.1	1536	497677435
scaff_group012	NW_020137263.1	1536	497678971
scaff_group012	NW_020137264.1	1536	497680507
scaff_group012	NW_020137265.1	1535	497682042
scaff_group012	NW_020137266.1	1535	497683577
scaff_group012	NW_020137267.1	1535	497685112
scaff_group012	NW_020137268.1	1535	497686647
scaff_group012	NW_020137269.1	1534	497688181
scaff_group012	NW_020137270.1	1534	497689715
scaff_group012	NW_020137271.1	1534	497691249
scaff_group012	NW_020137272.1	1534	497692783
scaff_group012	NW_020137273.1	1534	497694317
scaff_group012	NW_020137274.1	1534	497695851
scaff_group012	NW_020137275.1	1533	497697384
scaff_group012	NW_020137276.1	1533	497698917
scaff_group012	NW_020137277.1	1533	497700450
scaff_group012	NW_020137278.1	1532	497701982
scaff_group012	NW_020137279.1	1532	497703514
scaff_group012	NW_020137280.1	1532	497705046
scaff_group012	NW_020137281.1	1532	497706578
scaff_group012	NW_020137282.1	1532	497708110
scaff_group012	NW_020137283.1	1532	497709642
scaff_group012	NW_020137284.1	1532	497711174
scaff_group012	NW_020137285.1	1531	497712705
scaff_group012	NW_020137286.1	1531	497714236
scaff_group012	NW_020137287.1	1531	497715767
scaff_group012	NW_020137288.1	1530	497717297
scaff_group012	NW_020137289.1	1530	497718827
scaff_group012	NW_020137290.1	1530	497720357
scaff_group012	NW_020137291.1	1530	497721887
scaff_group012	NW_020137292.1	1530	497723417
scaff_group012	NW_020137293.1	1530	497724947
scaff_group012	NW_020137294.1	1530	497726477
scaff_group012	NW_020137295.1	1529	497728006
scaff_group012	NW_020137296.1	1529	497729535
scaff_group012	NW_020137297.1	1529	497731064
scaff_group012	NW_020137298.1	1529	497732593
scaff_group012	NW_020137299.1	1528	497734121
scaff_group012	NW_020137300.1	1528	497735649
scaff_group012	NW_020137301.1	1528	497737177
scaff_group012	NW_020137302.1	1527	497738704
scaff_group012	NW_020137303.1	1527	497740231
scaff_group012	NW_020137304.1	1527	497741758
scaff_group012	NW_020137305.1	1527	497743285
scaff_group012	NW_020137306.1	1527	497744812
scaff_group012	NW_020137307.1	1527	497746339
scaff_group012	NW_020137308.1	1526	497747865
scaff_group012	NW_020137309.1	1526	497749391
scaff_group012	NW_020137310.1	1525	497750916
scaff_group012	NW_020137311.1	1525	497752441
scaff_group012	NW_020137312.1	1524	497753965
scaff_group012	NW_020137313.1	1524	497755489
scaff_group012	NW_020137314.1	1524	497757013
scaff_group012	NW_020137315.1	1524	497758537
scaff_group012	NW_020137316.1	1524	497760061
scaff_group012	NW_020137317.1	1524	497761585
scaff_group012	NW_020137318.1	1524	497763109
scaff_group012	NW_020137319.1	1524	497764633
scaff_group012	NW_020137320.1	1523	497766156
scaff_group012	NW_020137321.1	1523	497767679
scaff_group012	NW_020137322.1	1523	497769202
scaff_group012	NW_020137323.1	1523	497770725
scaff_group012	NW_020137324.1	1523	497772248
scaff_group012	NW_020137325.1	1523	497773771
scaff_group012	NW_020137326.1	1522	497775293
scaff_group012	NW_020137327.1	1522	497776815
scaff_group012	NW_020137328.1	1522	497778337
scaff_group012	NW_020137329.1	1522	497779859
scaff_group012	NW_020137330.1	1522	497781381
scaff_group012	NW_020137331.1	1522	497782903
scaff_group012	NW_020137332.1	1521	497784424
scaff_group012	NW_020137333.1	3728	497788152
scaff_group012	NW_020137334.1	1521	497789673
scaff_group012	NW_020137335.1	1521	497791194
scaff_group012	NW_020137336.1	1521	497792715
scaff_group012	NW_020137337.1	1521	497794236
scaff_group012	NW_020137338.1	1520	497795756
scaff_group012	NW_020137339.1	1520	497797276
scaff_group012	NW_020137340.1	1520	497798796
scaff_group012	NW_020137341.1	1520	497800316
scaff_group012	NW_020137342.1	1520	497801836
scaff_group012	NW_020137343.1	1520	497803356
scaff_group012	NW_020137344.1	1519	497804875
scaff_group012	NW_020137345.1	1519	497806394
scaff_group012	NW_020137346.1	1519	497807913
scaff_group012	NW_020137347.1	1519	497809432
scaff_group012	NW_020137348.1	1519	497810951
scaff_group012	NW_020137349.1	1518	497812469
scaff_group012	NW_020137350.1	1518	497813987
scaff_group012	NW_020137351.1	1518	497815505
scaff_group012	NW_020137352.1	1518	497817023
scaff_group012	NW_020137353.1	1517	497818540
scaff_group012	NW_020137354.1	1517	497820057
scaff_group012	NW_020137355.1	1517	497821574
scaff_group012	NW_020137356.1	1517	497823091
scaff_group012	NW_020137357.1	1516	497824607
scaff_group012	NW_020137358.1	1516	497826123
scaff_group012	NW_020137359.1	1516	497827639
scaff_group012	NW_020137360.1	1516	497829155
scaff_group012	NW_020137361.1	1516	497830671
scaff_group012	NW_020137362.1	1516	497832187
scaff_group012	NW_020137363.1	1515	497833702
scaff_group012	NW_020137364.1	1515	497835217
scaff_group012	NW_020137365.1	1515	497836732
scaff_group012	NW_020137366.1	1515	497838247
scaff_group012	NW_020137367.1	1515	497839762
scaff_group012	NW_020137368.1	1515	497841277
scaff_group012	NW_020137369.1	1514	497842791
scaff_group012	NW_020137370.1	1514	497844305
scaff_group012	NW_020137371.1	1514	497845819
scaff_group012	NW_020137372.1	1514	497847333
scaff_group012	NW_020137373.1	1514	497848847
scaff_group012	NW_020137374.1	1514	497850361
scaff_group012	NW_020137375.1	1514	497851875
scaff_group012	NW_020137376.1	1514	497853389
scaff_group012	NW_020137377.1	1514	497854903
scaff_group012	NW_020137378.1	1513	497856416
scaff_group012	NW_020137379.1	1513	497857929
scaff_group012	NW_020137380.1	1513	497859442
scaff_group012	NW_020137381.1	1513	497860955
scaff_group012	NW_020137382.1	1513	497862468
scaff_group012	NW_020137383.1	1513	497863981
scaff_group012	NW_020137384.1	1513	497865494
scaff_group012	NW_020137385.1	1513	497867007
scaff_group012	NW_020137386.1	1513	497868520
scaff_group012	NW_020137387.1	8645	497877165
scaff_group012	NW_020137388.1	1512	497878677
scaff_group012	NW_020137389.1	1512	497880189
scaff_group012	NW_020137390.1	1512	497881701
scaff_group012	NW_020137391.1	1512	497883213
scaff_group012	NW_020137392.1	1512	497884725
scaff_group012	NW_020137393.1	1512	497886237
scaff_group012	NW_020137394.1	1512	497887749
scaff_group012	NW_020137395.1	1512	497889261
scaff_group012	NW_020137396.1	1511	497890772
scaff_group012	NW_020137397.1	1511	497892283
scaff_group012	NW_020137398.1	1511	497893794
scaff_group012	NW_020137399.1	1511	497895305
scaff_group012	NW_020137400.1	1511	497896816
scaff_group012	NW_020137401.1	1511	497898327
scaff_group012	NW_020137402.1	1511	497899838
scaff_group012	NW_020137403.1	1510	497901348
scaff_group012	NW_020137404.1	1510	497902858
scaff_group012	NW_020137405.1	1510	497904368
scaff_group012	NW_020137406.1	1510	497905878
scaff_group012	NW_020137407.1	1510	497907388
scaff_group012	NW_020137408.1	1459	497908847
scaff_group012	NW_020137409.1	1510	497910357
scaff_group012	NW_020137410.1	1509	497911866
scaff_group012	NW_020137411.1	1509	497913375
scaff_group012	NW_020137412.1	1509	497914884
scaff_group012	NW_020137413.1	1509	497916393
scaff_group012	NW_020137414.1	1509	497917902
scaff_group012	NW_020137415.1	4462	497922364
scaff_group012	NW_020137416.1	1509	497923873
scaff_group012	NW_020137417.1	1508	497925381
scaff_group012	NW_020137418.1	1508	497926889
scaff_group012	NW_020137419.1	1508	497928397
scaff_group012	NW_020137420.1	1508	497929905
scaff_group012	NW_020137421.1	1508	497931413
scaff_group012	NW_020137422.1	1508	497932921
scaff_group012	NW_020137423.1	1508	497934429
scaff_group012	NW_020137424.1	1508	497935937
scaff_group012	NW_020137425.1	1507	497937444
scaff_group012	NW_020137426.1	1507	497938951
scaff_group012	NW_020137427.1	1507	497940458
scaff_group012	NW_020137428.1	1507	497941965
scaff_group012	NW_020137429.1	1507	497943472
scaff_group012	NW_020137430.1	1506	497944978
scaff_group012	NW_020137431.1	1506	497946484
scaff_group012	NW_020137432.1	1506	497947990
scaff_group012	NW_020137433.1	1506	497949496
scaff_group012	NW_020137434.1	1506	497951002
scaff_group012	NW_020137435.1	1505	497952507
scaff_group012	NW_020137436.1	1505	497954012
scaff_group012	NW_020137437.1	1505	497955517
scaff_group012	NW_020137438.1	1505	497957022
scaff_group012	NW_020137439.1	1505	497958527
scaff_group012	NW_020137440.1	1505	497960032
scaff_group012	NW_020137441.1	1505	497961537
scaff_group012	NW_020137442.1	1504	497963041
scaff_group012	NW_020137443.1	1504	497964545
scaff_group012	NW_020137444.1	1504	497966049
scaff_group012	NW_020137445.1	1504	497967553
scaff_group012	NW_020137446.1	1503	497969056
scaff_group012	NW_020137447.1	1503	497970559
scaff_group012	NW_020137448.1	1503	497972062
scaff_group012	NW_020137449.1	1503	497973565
scaff_group012	NW_020137450.1	1503	497975068
scaff_group012	NW_020137451.1	1503	497976571
scaff_group012	NW_020137452.1	1502	497978073
scaff_group012	NW_020137453.1	1502	497979575
scaff_group012	NW_020137454.1	1502	497981077
scaff_group012	NW_020137455.1	1501	497982578
scaff_group012	NW_020137456.1	1501	497984079
scaff_group012	NW_020137457.1	1501	497985580
scaff_group012	NW_020137458.1	1501	497987081
scaff_group012	NW_020137459.1	1500	497988581
scaff_group012	NW_020137460.1	1500	497990081
scaff_group012	NW_020137461.1	1500	497991581
scaff_group012	NW_020137462.1	1500	497993081
scaff_group012	NW_020137463.1	1499	497994580
scaff_group012	NW_020137464.1	1499	497996079
scaff_group012	NW_020137465.1	1498	497997577
scaff_group012	NW_020137466.1	1498	497999075
scaff_group012	NW_020137467.1	1498	498000573
scaff_group012	NW_020137468.1	1498	498002071
scaff_group012	NW_020137469.1	1498	498003569
scaff_group012	NW_020137470.1	1498	498005067
scaff_group012	NW_020137471.1	1497	498006564
scaff_group012	NW_020137472.1	1497	498008061
scaff_group012	NW_020137473.1	1497	498009558
scaff_group012	NW_020137474.1	1497	498011055
scaff_group012	NW_020137475.1	1496	498012551
scaff_group012	NW_020137476.1	1496	498014047
scaff_group012	NW_020137477.1	1496	498015543
scaff_group012	NW_020137478.1	1496	498017039
scaff_group012	NW_020137479.1	1496	498018535
scaff_group012	NW_020137480.1	1496	498020031
scaff_group012	NW_020137481.1	1496	498021527
scaff_group012	NW_020137482.1	1496	498023023
scaff_group012	NW_020137483.1	1496	498024519
scaff_group012	NW_020137484.1	1496	498026015
scaff_group012	NW_020137485.1	1496	498027511
scaff_group012	NW_020137486.1	1496	498029007
scaff_group012	NW_020137487.1	1495	498030502
scaff_group012	NW_020137488.1	1495	498031997
scaff_group012	NW_020137489.1	1495	498033492
scaff_group012	NW_020137490.1	1495	498034987
scaff_group012	NW_020137491.1	1494	498036481
scaff_group012	NW_020137492.1	1494	498037975
scaff_group012	NW_020137493.1	1494	498039469
scaff_group012	NW_020137494.1	1494	498040963
scaff_group012	NW_020137495.1	1493	498042456
scaff_group012	NW_020137496.1	1493	498043949
scaff_group012	NW_020137497.1	1493	498045442
scaff_group012	NW_020137498.1	1493	498046935
scaff_group012	NW_020137499.1	1493	498048428
scaff_group012	NW_020137500.1	1492	498049920
scaff_group012	NW_020137501.1	1492	498051412
scaff_group012	NW_020137502.1	1491	498052903
scaff_group012	NW_020137503.1	1491	498054394
scaff_group012	NW_020137504.1	1491	498055885
scaff_group012	NW_020137505.1	1491	498057376
scaff_group012	NW_020137506.1	1491	498058867
scaff_group012	NW_020137507.1	1491	498060358
scaff_group012	NW_020137508.1	1491	498061849
scaff_group012	NW_020137509.1	1490	498063339
scaff_group012	NW_020137510.1	1490	498064829
scaff_group012	NW_020137511.1	1490	498066319
scaff_group012	NW_020137512.1	1490	498067809
scaff_group012	NW_020137513.1	1489	498069298
scaff_group012	NW_020137514.1	1489	498070787
scaff_group012	NW_020137515.1	1489	498072276
scaff_group012	NW_020137516.1	1488	498073764
scaff_group012	NW_020137517.1	1488	498075252
scaff_group012	NW_020137518.1	1488	498076740
scaff_group012	NW_020137519.1	1488	498078228
scaff_group012	NW_020137520.1	1488	498079716
scaff_group012	NW_020137521.1	1487	498081203
scaff_group012	NW_020137522.1	1487	498082690
scaff_group012	NW_020137523.1	1487	498084177
scaff_group012	NW_020137524.1	1487	498085664
scaff_group012	NW_020137525.1	1486	498087150
scaff_group012	NW_020137526.1	1486	498088636
scaff_group012	NW_020137527.1	1486	498090122
scaff_group012	NW_020137528.1	1486	498091608
scaff_group012	NW_020137529.1	1485	498093093
scaff_group012	NW_020137530.1	1485	498094578
scaff_group012	NW_020137531.1	1485	498096063
scaff_group012	NW_020137532.1	1485	498097548
scaff_group012	NW_020137533.1	1485	498099033
scaff_group012	NW_020137534.1	1485	498100518
scaff_group012	NW_020137535.1	1484	498102002
scaff_group012	NW_020137536.1	1484	498103486
scaff_group012	NW_020137537.1	1484	498104970
scaff_group012	NW_020137538.1	1484	498106454
scaff_group012	NW_020137539.1	1484	498107938
scaff_group012	NW_020137540.1	1483	498109421
scaff_group012	NW_020137541.1	1483	498110904
scaff_group012	NW_020137542.1	1482	498112386
scaff_group012	NW_020137543.1	1482	498113868
scaff_group012	NW_020137544.1	1482	498115350
scaff_group012	NW_020137545.1	1481	498116831
scaff_group012	NW_020137546.1	1481	498118312
scaff_group012	NW_020137547.1	1481	498119793
scaff_group012	NW_020137548.1	1481	498121274
scaff_group012	NW_020137549.1	1481	498122755
scaff_group012	NW_020137550.1	1480	498124235
scaff_group012	NW_020137551.1	1480	498125715
scaff_group012	NW_020137552.1	1480	498127195
scaff_group012	NW_020137553.1	1480	498128675
scaff_group012	NW_020137554.1	10005	498138680
scaff_group012	NW_020137555.1	1480	498140160
scaff_group012	NW_020137556.1	1480	498141640
scaff_group012	NW_020137557.1	1480	498143120
scaff_group012	NW_020137558.1	1479	498144599
scaff_group012	NW_020137559.1	1479	498146078
scaff_group012	NW_020137560.1	1479	498147557
scaff_group012	NW_020137561.1	1479	498149036
scaff_group012	NW_020137562.1	1478	498150514
scaff_group012	NW_020137563.1	1478	498151992
scaff_group012	NW_020137564.1	1478	498153470
scaff_group012	NW_020137565.1	1478	498154948
scaff_group012	NW_020137566.1	1477	498156425
scaff_group012	NW_020137567.1	1477	498157902
scaff_group012	NW_020137568.1	1477	498159379
scaff_group012	NW_020137569.1	1477	498160856
scaff_group012	NW_020137570.1	1477	498162333
scaff_group012	NW_020137571.1	1477	498163810
scaff_group012	NW_020137572.1	1477	498165287
scaff_group012	NW_020137573.1	1477	498166764
scaff_group012	NW_020137574.1	1477	498168241
scaff_group012	NW_020137575.1	1477	498169718
scaff_group012	NW_020137576.1	1476	498171194
scaff_group012	NW_020137577.1	1476	498172670
scaff_group012	NW_020137578.1	1476	498174146
scaff_group012	NW_020137579.1	1476	498175622
scaff_group012	NW_020137580.1	1475	498177097
scaff_group012	NW_020137581.1	5227	498182324
scaff_group012	NW_020137582.1	1475	498183799
scaff_group012	NW_020137583.1	1474	498185273
scaff_group012	NW_020137584.1	1474	498186747
scaff_group012	NW_020137585.1	1474	498188221
scaff_group012	NW_020137586.1	1473	498189694
scaff_group012	NW_020137587.1	1473	498191167
scaff_group012	NW_020137588.1	1473	498192640
scaff_group012	NW_020137589.1	1472	498194112
scaff_group012	NW_020137590.1	1472	498195584
scaff_group012	NW_020137591.1	1472	498197056
scaff_group012	NW_020137592.1	1472	498198528
scaff_group012	NW_020137593.1	1471	498199999
scaff_group012	NW_020137594.1	1471	498201470
scaff_group012	NW_020137595.1	1471	498202941
scaff_group012	NW_020137596.1	1471	498204412
scaff_group012	NW_020137597.1	1470	498205882
scaff_group012	NW_020137598.1	1470	498207352
scaff_group012	NW_020137599.1	1470	498208822
scaff_group012	NW_020137600.1	1470	498210292
scaff_group012	NW_020137601.1	1470	498211762
scaff_group012	NW_020137602.1	1469	498213231
scaff_group012	NW_020137603.1	1469	498214700
scaff_group012	NW_020137604.1	1469	498216169
scaff_group012	NW_020137605.1	1469	498217638
scaff_group012	NW_020137606.1	1469	498219107
scaff_group012	NW_020137607.1	1469	498220576
scaff_group012	NW_020137608.1	1469	498222045
scaff_group012	NW_020137609.1	1469	498223514
scaff_group012	NW_020137610.1	1469	498224983
scaff_group012	NW_020137611.1	1469	498226452
scaff_group012	NW_020137612.1	1468	498227920
scaff_group012	NW_020137613.1	1468	498229388
scaff_group012	NW_020137614.1	1468	498230856
scaff_group012	NW_020137615.1	1468	498232324
scaff_group012	NW_020137616.1	1468	498233792
scaff_group012	NW_020137617.1	1468	498235260
scaff_group012	NW_020137618.1	1468	498236728
scaff_group012	NW_020137619.1	1467	498238195
scaff_group012	NW_020137620.1	1467	498239662
scaff_group012	NW_020137621.1	1467	498241129
scaff_group012	NW_020137622.1	1467	498242596
scaff_group012	NW_020137623.1	1467	498244063
scaff_group012	NW_020137624.1	1466	498245529
scaff_group012	NW_020137625.1	1466	498246995
scaff_group012	NW_020137626.1	1466	498248461
scaff_group012	NW_020137627.1	1466	498249927
scaff_group012	NW_020137628.1	1466	498251393
scaff_group012	NW_020137629.1	1466	498252859
scaff_group012	NW_020137630.1	1466	498254325
scaff_group012	NW_020137631.1	1466	498255791
scaff_group012	NW_020137632.1	1466	498257257
scaff_group012	NW_020137633.1	1466	498258723
scaff_group012	NW_020137634.1	1466	498260189
scaff_group012	NW_020137635.1	1465	498261654
scaff_group012	NW_020137636.1	1465	498263119
scaff_group012	NW_020137637.1	1465	498264584
scaff_group012	NW_020137638.1	1465	498266049
scaff_group012	NW_020137639.1	1465	498267514
scaff_group012	NW_020137640.1	1464	498268978
scaff_group012	NW_020137641.1	1464	498270442
scaff_group012	NW_020137642.1	1463	498271905
scaff_group012	NW_020137643.1	1463	498273368
scaff_group012	NW_020137644.1	1463	498274831
scaff_group012	NW_020137645.1	1463	498276294
scaff_group012	NW_020137646.1	1463	498277757
scaff_group012	NW_020137647.1	1462	498279219
scaff_group012	NW_020137648.1	1462	498280681
scaff_group012	NW_020137649.1	1462	498282143
scaff_group012	NW_020137650.1	1462	498283605
scaff_group012	NW_020137651.1	1462	498285067
scaff_group012	NW_020137652.1	1462	498286529
scaff_group012	NW_020137653.1	1462	498287991
scaff_group012	NW_020137654.1	1462	498289453
scaff_group012	NW_020137655.1	1461	498290914
scaff_group012	NW_020137656.1	1461	498292375
scaff_group012	NW_020137657.1	1461	498293836
scaff_group012	NW_020137658.1	1461	498295297
scaff_group012	NW_020137659.1	1460	498296757
scaff_group012	NW_020137660.1	1460	498298217
scaff_group012	NW_020137661.1	1460	498299677
scaff_group012	NW_020137662.1	1460	498301137
scaff_group012	NW_020137663.1	1459	498302596
scaff_group012	NW_020137664.1	1459	498304055
scaff_group012	NW_020137665.1	1459	498305514
scaff_group012	NW_020137666.1	1459	498306973
scaff_group012	NW_020137667.1	1459	498308432
scaff_group012	NW_020137668.1	1458	498309890
scaff_group012	NW_020137669.1	1458	498311348
scaff_group012	NW_020137670.1	1458	498312806
scaff_group012	NW_020137671.1	1458	498314264
scaff_group012	NW_020137672.1	1457	498315721
scaff_group012	NW_020137673.1	1457	498317178
scaff_group012	NW_020137674.1	1457	498318635
scaff_group012	NW_020137675.1	1457	498320092
scaff_group012	NW_020137676.1	1457	498321549
scaff_group012	NW_020137677.1	1457	498323006
scaff_group012	NW_020137678.1	1457	498324463
scaff_group012	NW_020137679.1	1456	498325919
scaff_group012	NW_020137680.1	1456	498327375
scaff_group012	NW_020137681.1	1456	498328831
scaff_group012	NW_020137682.1	1456	498330287
scaff_group012	NW_020137683.1	1456	498331743
scaff_group012	NW_020137684.1	1456	498333199
scaff_group012	NW_020137685.1	1455	498334654
scaff_group012	NW_020137686.1	1455	498336109
scaff_group012	NW_020137687.1	1455	498337564
scaff_group012	NW_020137688.1	1455	498339019
scaff_group012	NW_020137689.1	1455	498340474
scaff_group012	NW_020137690.1	1455	498341929
scaff_group012	NW_020137691.1	1455	498343384
scaff_group012	NW_020137692.1	1454	498344838
scaff_group012	NW_020137693.1	1454	498346292
scaff_group012	NW_020137694.1	1454	498347746
scaff_group012	NW_020137695.1	1454	498349200
scaff_group012	NW_020137696.1	1454	498350654
scaff_group012	NW_020137697.1	1454	498352108
scaff_group012	NW_020137698.1	1454	498353562
scaff_group012	NW_020137699.1	1454	498355016
scaff_group012	NW_020137700.1	1453	498356469
scaff_group012	NW_020137701.1	1453	498357922
scaff_group012	NW_020137702.1	1453	498359375
scaff_group012	NW_020137703.1	1452	498360827
scaff_group012	NW_020137704.1	1452	498362279
scaff_group012	NW_020137705.1	1451	498363730
scaff_group012	NW_020137706.1	1451	498365181
scaff_group012	NW_020137707.1	1451	498366632
scaff_group012	NW_020137708.1	1451	498368083
scaff_group012	NW_020137709.1	1451	498369534
scaff_group012	NW_020137710.1	1451	498370985
scaff_group012	NW_020137711.1	1451	498372436
scaff_group012	NW_020137712.1	1451	498373887
scaff_group012	NW_020137713.1	1450	498375337
scaff_group012	NW_020137714.1	1450	498376787
scaff_group012	NW_020137715.1	1450	498378237
scaff_group012	NW_020137716.1	1450	498379687
scaff_group012	NW_020137717.1	1449	498381136
scaff_group012	NW_020137718.1	1449	498382585
scaff_group012	NW_020137719.1	1449	498384034
scaff_group012	NW_020137720.1	1449	498385483
scaff_group012	NW_020137721.1	1449	498386932
scaff_group012	NW_020137722.1	1448	498388380
scaff_group012	NW_020137723.1	1448	498389828
scaff_group012	NW_020137724.1	1447	498391275
scaff_group012	NW_020137725.1	1447	498392722
scaff_group012	NW_020137726.1	1447	498394169
scaff_group012	NW_020137727.1	1447	498395616
scaff_group012	NW_020137728.1	1446	498397062
scaff_group012	NW_020137729.1	1446	498398508
scaff_group012	NW_020137730.1	1446	498399954
scaff_group012	NW_020137731.1	1445	498401399
scaff_group012	NW_020137732.1	1445	498402844
scaff_group012	NW_020137733.1	1445	498404289
scaff_group012	NW_020137734.1	1445	498405734
scaff_group012	NW_020137735.1	1445	498407179
scaff_group012	NW_020137736.1	1444	498408623
scaff_group012	NW_020137737.1	1444	498410067
scaff_group012	NW_020137738.1	1444	498411511
scaff_group012	NW_020137739.1	1444	498412955
scaff_group012	NW_020137740.1	1444	498414399
scaff_group012	NW_020137741.1	1443	498415842
scaff_group012	NW_020137742.1	1443	498417285
scaff_group012	NW_020137743.1	1443	498418728
scaff_group012	NW_020137744.1	1443	498420171
scaff_group012	NW_020137745.1	1443	498421614
scaff_group012	NW_020137746.1	1443	498423057
scaff_group012	NW_020137747.1	1443	498424500
scaff_group012	NW_020137748.1	1442	498425942
scaff_group012	NW_020137749.1	1442	498427384
scaff_group012	NW_020137750.1	1442	498428826
scaff_group012	NW_020137751.1	1442	498430268
scaff_group012	NW_020137752.1	1442	498431710
scaff_group012	NW_020137753.1	1441	498433151
scaff_group012	NW_020137754.1	1441	498434592
scaff_group012	NW_020137755.1	1441	498436033
scaff_group012	NW_020137756.1	1441	498437474
scaff_group012	NW_020137757.1	1441	498438915
scaff_group012	NW_020137758.1	1440	498440355
scaff_group012	NW_020137759.1	1440	498441795
scaff_group012	NW_020137760.1	1440	498443235
scaff_group012	NW_020137761.1	1440	498444675
scaff_group012	NW_020137762.1	1440	498446115
scaff_group012	NW_020137763.1	1440	498447555
scaff_group012	NW_020137764.1	1440	498448995
scaff_group012	NW_020137765.1	1440	498450435
scaff_group012	NW_020137766.1	1439	498451874
scaff_group012	NW_020137767.1	1439	498453313
scaff_group012	NW_020137768.1	1438	498454751
scaff_group012	NW_020137769.1	1438	498456189
scaff_group012	NW_020137770.1	1438	498457627
scaff_group012	NW_020137771.1	1438	498459065
scaff_group012	NW_020137772.1	1438	498460503
scaff_group012	NW_020137773.1	1437	498461940
scaff_group012	NW_020137774.1	1437	498463377
scaff_group012	NW_020137775.1	1437	498464814
scaff_group012	NW_020137776.1	1437	498466251
scaff_group012	NW_020137777.1	1437	498467688
scaff_group012	NW_020137778.1	1436	498469124
scaff_group012	NW_020137779.1	1436	498470560
scaff_group012	NW_020137780.1	1436	498471996
scaff_group012	NW_020137781.1	1436	498473432
scaff_group012	NW_020137782.1	1436	498474868
scaff_group012	NW_020137783.1	1435	498476303
scaff_group012	NW_020137784.1	1435	498477738
scaff_group012	NW_020137785.1	1435	498479173
scaff_group012	NW_020137786.1	1435	498480608
scaff_group012	NW_020137787.1	1434	498482042
scaff_group012	NW_020137788.1	1434	498483476
scaff_group012	NW_020137789.1	1434	498484910
scaff_group012	NW_020137790.1	1434	498486344
scaff_group012	NW_020137791.1	1433	498487777
scaff_group012	NW_020137792.1	1433	498489210
scaff_group012	NW_020137793.1	1433	498490643
scaff_group012	NW_020137794.1	1433	498492076
scaff_group012	NW_020137795.1	1433	498493509
scaff_group012	NW_020137796.1	1432	498494941
scaff_group012	NW_020137797.1	1432	498496373
scaff_group012	NW_020137798.1	1432	498497805
scaff_group012	NW_020137799.1	1432	498499237
scaff_group012	NW_020137800.1	1432	498500669
scaff_group012	NW_020137801.1	1431	498502100
scaff_group012	NW_020137802.1	1431	498503531
scaff_group012	NW_020137803.1	1431	498504962
scaff_group012	NW_020137804.1	1431	498506393
scaff_group012	NW_020137805.1	1431	498507824
scaff_group012	NW_020137806.1	1431	498509255
scaff_group012	NW_020137807.1	1431	498510686
scaff_group012	NW_020137808.1	1430	498512116
scaff_group012	NW_020137809.1	1430	498513546
scaff_group012	NW_020137810.1	1430	498514976
scaff_group012	NW_020137811.1	1429	498516405
scaff_group012	NW_020137812.1	1429	498517834
scaff_group012	NW_020137813.1	1429	498519263
scaff_group012	NW_020137814.1	1429	498520692
scaff_group012	NW_020137815.1	1428	498522120
scaff_group012	NW_020137816.1	1428	498523548
scaff_group012	NW_020137817.1	1428	498524976
scaff_group012	NW_020137818.1	1428	498526404
scaff_group012	NW_020137819.1	1427	498527831
scaff_group012	NW_020137820.1	1427	498529258
scaff_group012	NW_020137821.1	1427	498530685
scaff_group012	NW_020137822.1	1427	498532112
scaff_group012	NW_020137823.1	1426	498533538
scaff_group012	NW_020137824.1	1426	498534964
scaff_group012	NW_020137825.1	1426	498536390
scaff_group012	NW_020137826.1	1426	498537816
scaff_group012	NW_020137827.1	1426	498539242
scaff_group012	NW_020137828.1	1426	498540668
scaff_group012	NW_020137829.1	1426	498542094
scaff_group012	NW_020137830.1	1426	498543520
scaff_group012	NW_020137831.1	1425	498544945
scaff_group012	NW_020137832.1	1425	498546370
scaff_group012	NW_020137833.1	1425	498547795
scaff_group012	NW_020137834.1	1425	498549220
scaff_group012	NW_020137835.1	1425	498550645
scaff_group012	NW_020137836.1	1425	498552070
scaff_group012	NW_020137837.1	1424	498553494
scaff_group012	NW_020137838.1	1424	498554918
scaff_group012	NW_020137839.1	1424	498556342
scaff_group012	NW_020137840.1	1424	498557766
scaff_group012	NW_020137841.1	1423	498559189
scaff_group012	NW_020137842.1	1423	498560612
scaff_group012	NW_020137843.1	1423	498562035
scaff_group012	NW_020137844.1	1423	498563458
scaff_group012	NW_020137845.1	1422	498564880
scaff_group012	NW_020137846.1	1422	498566302
scaff_group012	NW_020137847.1	1422	498567724
scaff_group012	NW_020137848.1	1422	498569146
scaff_group012	NW_020137849.1	1422	498570568
scaff_group012	NW_020137850.1	1421	498571989
scaff_group012	NW_020137851.1	1421	498573410
scaff_group012	NW_020137852.1	1421	498574831
scaff_group012	NW_020137853.1	1421	498576252
scaff_group012	NW_020137854.1	1421	498577673
scaff_group012	NW_020137855.1	1421	498579094
scaff_group012	NW_020137856.1	1421	498580515
scaff_group012	NW_020137857.1	1421	498581936
scaff_group012	NW_020137858.1	1421	498583357
scaff_group012	NW_020137859.1	1421	498584778
scaff_group012	NW_020137860.1	1420	498586198
scaff_group012	NW_020137861.1	1420	498587618
scaff_group012	NW_020137862.1	1420	498589038
scaff_group012	NW_020137863.1	1420	498590458
scaff_group012	NW_020137864.1	1420	498591878
scaff_group012	NW_020137865.1	1419	498593297
scaff_group012	NW_020137866.1	1419	498594716
scaff_group012	NW_020137867.1	1419	498596135
scaff_group012	NW_020137868.1	1419	498597554
scaff_group012	NW_020137869.1	1419	498598973
scaff_group012	NW_020137870.1	1419	498600392
scaff_group012	NW_020137871.1	1419	498601811
scaff_group012	NW_020137872.1	1418	498603229
scaff_group012	NW_020137873.1	1418	498604647
scaff_group012	NW_020137874.1	1418	498606065
scaff_group012	NW_020137875.1	1418	498607483
scaff_group012	NW_020137876.1	1418	498608901
scaff_group012	NW_020137877.1	1417	498610318
scaff_group012	NW_020137878.1	1417	498611735
scaff_group012	NW_020137879.1	1417	498613152
scaff_group012	NW_020137880.1	1417	498614569
scaff_group012	NW_020137881.1	1417	498615986
scaff_group012	NW_020137882.1	1417	498617403
scaff_group012	NW_020137883.1	1417	498618820
scaff_group012	NW_020137884.1	1417	498620237
scaff_group012	NW_020137885.1	1416	498621653
scaff_group012	NW_020137886.1	1416	498623069
scaff_group012	NW_020137887.1	1416	498624485
scaff_group012	NW_020137888.1	1416	498625901
scaff_group012	NW_020137889.1	1416	498627317
scaff_group012	NW_020137890.1	1415	498628732
scaff_group012	NW_020137891.1	1415	498630147
scaff_group012	NW_020137892.1	1414	498631561
scaff_group012	NW_020137893.1	1414	498632975
scaff_group012	NW_020137894.1	1414	498634389
scaff_group012	NW_020137895.1	1414	498635803
scaff_group012	NW_020137896.1	1414	498637217
scaff_group012	NW_020137897.1	1414	498638631
scaff_group012	NW_020137898.1	1414	498640045
scaff_group012	NW_020137899.1	1413	498641458
scaff_group012	NW_020137900.1	1413	498642871
scaff_group012	NW_020137901.1	1413	498644284
scaff_group012	NW_020137902.1	1413	498645697
scaff_group012	NW_020137903.1	1413	498647110
scaff_group012	NW_020137904.1	1413	498648523
scaff_group012	NW_020137905.1	1413	498649936
scaff_group012	NW_020137906.1	1413	498651349
scaff_group012	NW_020137907.1	1413	498652762
scaff_group012	NW_020137908.1	1413	498654175
scaff_group012	NW_020137909.1	1412	498655587
scaff_group012	NW_020137910.1	1412	498656999
scaff_group012	NW_020137911.1	1412	498658411
scaff_group012	NW_020137912.1	1412	498659823
scaff_group012	NW_020137913.1	1412	498661235
scaff_group012	NW_020137914.1	1412	498662647
scaff_group012	NW_020137915.1	1412	498664059
scaff_group012	NW_020137916.1	1411	498665470
scaff_group012	NW_020137917.1	1411	498666881
scaff_group012	NW_020137918.1	1411	498668292
scaff_group012	NW_020137919.1	1411	498669703
scaff_group012	NW_020137920.1	1411	498671114
scaff_group012	NW_020137921.1	1411	498672525
scaff_group012	NW_020137922.1	1411	498673936
scaff_group012	NW_020137923.1	3687	498677623
scaff_group012	NW_020137924.1	1411	498679034
scaff_group012	NW_020137925.1	1410	498680444
scaff_group012	NW_020137926.1	1410	498681854
scaff_group012	NW_020137927.1	1410	498683264
scaff_group012	NW_020137928.1	1410	498684674
scaff_group012	NW_020137929.1	6293	498690967
scaff_group012	NW_020137930.1	1410	498692377
scaff_group012	NW_020137931.1	1410	498693787
scaff_group012	NW_020137932.1	1409	498695196
scaff_group012	NW_020137933.1	1409	498696605
scaff_group012	NW_020137934.1	1409	498698014
scaff_group012	NW_020137935.1	1408	498699422
scaff_group012	NW_020137936.1	1408	498700830
scaff_group012	NW_020137937.1	1408	498702238
scaff_group012	NW_020137938.1	1408	498703646
scaff_group012	NW_020137939.1	1408	498705054
scaff_group012	NW_020137940.1	1408	498706462
scaff_group012	NW_020137941.1	1407	498707869
scaff_group012	NW_020137942.1	1407	498709276
scaff_group012	NW_020137943.1	1407	498710683
scaff_group012	NW_020137944.1	1407	498712090
scaff_group012	NW_020137945.1	1407	498713497
scaff_group012	NW_020137946.1	1407	498714904
scaff_group012	NW_020137947.1	1406	498716310
scaff_group012	NW_020137948.1	1406	498717716
scaff_group012	NW_020137949.1	1406	498719122
scaff_group012	NW_020137950.1	1405	498720527
scaff_group012	NW_020137951.1	1405	498721932
scaff_group012	NW_020137952.1	1405	498723337
scaff_group012	NW_020137953.1	1405	498724742
scaff_group012	NW_020137954.1	1405	498726147
scaff_group012	NW_020137955.1	1404	498727551
scaff_group012	NW_020137956.1	1404	498728955
scaff_group012	NW_020137957.1	1404	498730359
scaff_group012	NW_020137958.1	1404	498731763
scaff_group012	NW_020137959.1	1404	498733167
scaff_group012	NW_020137960.1	1404	498734571
scaff_group012	NW_020137961.1	1404	498735975
scaff_group012	NW_020137962.1	1403	498737378
scaff_group012	NW_020137963.1	1403	498738781
scaff_group012	NW_020137964.1	1402	498740183
scaff_group012	NW_020137965.1	1402	498741585
scaff_group012	NW_020137966.1	1402	498742987
scaff_group012	NW_020137967.1	1402	498744389
scaff_group012	NW_020137968.1	1402	498745791
scaff_group012	NW_020137969.1	1402	498747193
scaff_group012	NW_020137970.1	1402	498748595
scaff_group012	NW_020137971.1	1402	498749997
scaff_group012	NW_020137972.1	1401	498751398
scaff_group012	NW_020137973.1	1401	498752799
scaff_group012	NW_020137974.1	1401	498754200
scaff_group012	NW_020137975.1	1401	498755601
scaff_group012	NW_020137976.1	1401	498757002
scaff_group012	NW_020137977.1	1401	498758403
scaff_group012	NW_020137978.1	1400	498759803
scaff_group012	NW_020137979.1	1400	498761203
scaff_group012	NW_020137980.1	1400	498762603
scaff_group012	NW_020137981.1	1400	498764003
scaff_group012	NW_020137982.1	1400	498765403
scaff_group012	NW_020137983.1	1400	498766803
scaff_group012	NW_020137984.1	1400	498768203
scaff_group012	NW_020137985.1	1400	498769603
scaff_group012	NW_020137986.1	1400	498771003
scaff_group012	NW_020137987.1	1399	498772402
scaff_group012	NW_020137988.1	1399	498773801
scaff_group012	NW_020137989.1	1399	498775200
scaff_group012	NW_020137990.1	1399	498776599
scaff_group012	NW_020137991.1	1399	498777998
scaff_group012	NW_020137992.1	1399	498779397
scaff_group012	NW_020137993.1	1399	498780796
scaff_group012	NW_020137994.1	1399	498782195
scaff_group012	NW_020137995.1	1398	498783593
scaff_group012	NW_020137996.1	1398	498784991
scaff_group012	NW_020137997.1	1398	498786389
scaff_group012	NW_020137998.1	1398	498787787
scaff_group012	NW_020137999.1	1398	498789185
scaff_group012	NW_020138000.1	1398	498790583
scaff_group012	NW_020138001.1	1397	498791980
scaff_group012	NW_020138002.1	1397	498793377
scaff_group012	NW_020138003.1	1397	498794774
scaff_group012	NW_020138004.1	1397	498796171
scaff_group012	NW_020138005.1	1397	498797568
scaff_group012	NW_020138006.1	1397	498798965
scaff_group012	NW_020138007.1	1397	498800362
scaff_group012	NW_020138008.1	1397	498801759
scaff_group012	NW_020138009.1	1397	498803156
scaff_group012	NW_020138010.1	1396	498804552
scaff_group012	NW_020138011.1	1396	498805948
scaff_group012	NW_020138012.1	1396	498807344
scaff_group012	NW_020138013.1	1396	498808740
scaff_group012	NW_020138014.1	1396	498810136
scaff_group012	NW_020138015.1	1396	498811532
scaff_group012	NW_020138016.1	1396	498812928
scaff_group012	NW_020138017.1	1396	498814324
scaff_group012	NW_020138018.1	1396	498815720
scaff_group012	NW_020138019.1	1395	498817115
scaff_group012	NW_020138020.1	1395	498818510
scaff_group012	NW_020138021.1	1395	498819905
scaff_group012	NW_020138022.1	1395	498821300
scaff_group012	NW_020138023.1	1395	498822695
scaff_group012	NW_020138024.1	1395	498824090
scaff_group012	NW_020138025.1	1394	498825484
scaff_group012	NW_020138026.1	1394	498826878
scaff_group012	NW_020138027.1	1394	498828272
scaff_group012	NW_020138028.1	1394	498829666
scaff_group012	NW_020138029.1	1394	498831060
scaff_group012	NW_020138030.1	1394	498832454
scaff_group012	NW_020138031.1	1394	498833848
scaff_group012	NW_020138032.1	1394	498835242
scaff_group012	NW_020138033.1	1393	498836635
scaff_group012	NW_020138034.1	1393	498838028
scaff_group012	NW_020138035.1	1393	498839421
scaff_group012	NW_020138036.1	1393	498840814
scaff_group012	NW_020138037.1	1393	498842207
scaff_group012	NW_020138038.1	1392	498843599
scaff_group012	NW_020138039.1	1392	498844991
scaff_group012	NW_020138040.1	1392	498846383
scaff_group012	NW_020138041.1	1392	498847775
scaff_group012	NW_020138042.1	1392	498849167
scaff_group012	NW_020138043.1	1392	498850559
scaff_group012	NW_020138044.1	1392	498851951
scaff_group012	NW_020138045.1	1392	498853343
scaff_group012	NW_020138046.1	1392	498854735
scaff_group012	NW_020138047.1	1392	498856127
scaff_group012	NW_020138048.1	1392	498857519
scaff_group012	NW_020138049.1	1392	498858911
scaff_group012	NW_020138050.1	1391	498860302
scaff_group012	NW_020138051.1	1391	498861693
scaff_group012	NW_020138052.1	1391	498863084
scaff_group012	NW_020138053.1	1390	498864474
scaff_group012	NW_020138054.1	1390	498865864
scaff_group012	NW_020138055.1	1390	498867254
scaff_group012	NW_020138056.1	1390	498868644
scaff_group012	NW_020138057.1	1390	498870034
scaff_group012	NW_020138058.1	1389	498871423
scaff_group012	NW_020138059.1	1389	498872812
scaff_group012	NW_020138060.1	1389	498874201
scaff_group012	NW_020138061.1	1389	498875590
scaff_group012	NW_020138062.1	1389	498876979
scaff_group012	NW_020138063.1	1389	498878368
scaff_group012	NW_020138064.1	1388	498879756
scaff_group012	NW_020138065.1	1388	498881144
scaff_group012	NW_020138066.1	1388	498882532
scaff_group012	NW_020138067.1	1388	498883920
scaff_group012	NW_020138068.1	1388	498885308
scaff_group012	NW_020138069.1	1388	498886696
scaff_group012	NW_020138070.1	1388	498888084
scaff_group012	NW_020138071.1	1388	498889472
scaff_group012	NW_020138072.1	1387	498890859
scaff_group012	NW_020138073.1	1387	498892246
scaff_group012	NW_020138074.1	1387	498893633
scaff_group012	NW_020138075.1	1387	498895020
scaff_group012	NW_020138076.1	7234	498902254
scaff_group012	NW_020138077.1	7681	498909935
scaff_group012	NW_020138078.1	1387	498911322
scaff_group012	NW_020138079.1	1386	498912708
scaff_group012	NW_020138080.1	1386	498914094
scaff_group012	NW_020138081.1	1386	498915480
scaff_group012	NW_020138082.1	1386	498916866
scaff_group012	NW_020138083.1	1386	498918252
scaff_group012	NW_020138084.1	1386	498919638
scaff_group012	NW_020138085.1	1385	498921023
scaff_group012	NW_020138086.1	1385	498922408
scaff_group012	NW_020138087.1	1385	498923793
scaff_group012	NW_020138088.1	1385	498925178
scaff_group012	NW_020138089.1	1385	498926563
scaff_group012	NW_020138090.1	1384	498927947
scaff_group012	NW_020138091.1	1384	498929331
scaff_group012	NW_020138092.1	1384	498930715
scaff_group012	NW_020138093.1	1384	498932099
scaff_group012	NW_020138094.1	1384	498933483
scaff_group012	NW_020138095.1	1384	498934867
scaff_group012	NW_020138096.1	1384	498936251
scaff_group012	NW_020138097.1	1384	498937635
scaff_group012	NW_020138098.1	1384	498939019
scaff_group012	NW_020138099.1	1384	498940403
scaff_group012	NW_020138100.1	1383	498941786
scaff_group012	NW_020138101.1	5557	498947343
scaff_group012	NW_020138102.1	1383	498948726
scaff_group012	NW_020138103.1	1383	498950109
scaff_group012	NW_020138104.1	1383	498951492
scaff_group012	NW_020138105.1	1383	498952875
scaff_group012	NW_020138106.1	1383	498954258
scaff_group012	NW_020138107.1	1383	498955641
scaff_group012	NW_020138108.1	1383	498957024
scaff_group012	NW_020138109.1	1383	498958407
scaff_group012	NW_020138110.1	1383	498959790
scaff_group012	NW_020138111.1	1383	498961173
scaff_group012	NW_020138112.1	1382	498962555
scaff_group012	NW_020138113.1	1382	498963937
scaff_group012	NW_020138114.1	1382	498965319
scaff_group012	NW_020138115.1	1382	498966701
scaff_group012	NW_020138116.1	1382	498968083
scaff_group012	NW_020138117.1	1382	498969465
scaff_group012	NW_020138118.1	1382	498970847
scaff_group012	NW_020138119.1	1382	498972229
scaff_group012	NW_020138120.1	1382	498973611
scaff_group012	NW_020138121.1	1382	498974993
scaff_group012	NW_020138122.1	1381	498976374
scaff_group012	NW_020138123.1	1381	498977755
scaff_group012	NW_020138124.1	1381	498979136
scaff_group012	NW_020138125.1	1381	498980517
scaff_group012	NW_020138126.1	1381	498981898
scaff_group012	NW_020138127.1	5666	498987564
scaff_group012	NW_020138128.1	1380	498988944
scaff_group012	NW_020138129.1	1380	498990324
scaff_group012	NW_020138130.1	1380	498991704
scaff_group012	NW_020138131.1	1379	498993083
scaff_group012	NW_020138132.1	1379	498994462
scaff_group012	NW_020138133.1	1379	498995841
scaff_group012	NW_020138134.1	1379	498997220
scaff_group012	NW_020138135.1	1379	498998599
scaff_group012	NW_020138136.1	13890	499012489
scaff_group012	NW_020138137.1	1379	499013868
scaff_group012	NW_020138138.1	1379	499015247
scaff_group012	NW_020138139.1	1379	499016626
scaff_group012	NW_020138140.1	1379	499018005
scaff_group012	NW_020138141.1	1379	499019384
scaff_group012	NW_020138142.1	1379	499020763
scaff_group012	NW_020138143.1	1378	499022141
scaff_group012	NW_020138144.1	1378	499023519
scaff_group012	NW_020138145.1	1378	499024897
scaff_group012	NW_020138146.1	1378	499026275
scaff_group012	NW_020138147.1	1378	499027653
scaff_group012	NW_020138148.1	1377	499029030
scaff_group012	NW_020138149.1	1377	499030407
scaff_group012	NW_020138150.1	1377	499031784
scaff_group012	NW_020138151.1	1376	499033160
scaff_group012	NW_020138152.1	1376	499034536
scaff_group012	NW_020138153.1	1376	499035912
scaff_group012	NW_020138154.1	1376	499037288
scaff_group012	NW_020138155.1	1376	499038664
scaff_group012	NW_020138156.1	1376	499040040
scaff_group012	NW_020138157.1	1376	499041416
scaff_group012	NW_020138158.1	1375	499042791
scaff_group012	NW_020138159.1	1375	499044166
scaff_group012	NW_020138160.1	1375	499045541
scaff_group012	NW_020138161.1	1375	499046916
scaff_group012	NW_020138162.1	1375	499048291
scaff_group012	NW_020138163.1	1375	499049666
scaff_group012	NW_020138164.1	1375	499051041
scaff_group012	NW_020138165.1	1375	499052416
scaff_group012	NW_020138166.1	1375	499053791
scaff_group012	NW_020138167.1	1374	499055165
scaff_group012	NW_020138168.1	1374	499056539
scaff_group012	NW_020138169.1	1374	499057913
scaff_group012	NW_020138170.1	1374	499059287
scaff_group012	NW_020138171.1	1374	499060661
scaff_group012	NW_020138172.1	1374	499062035
scaff_group012	NW_020138173.1	1374	499063409
scaff_group012	NW_020138174.1	1373	499064782
scaff_group012	NW_020138175.1	1373	499066155
scaff_group012	NW_020138176.1	1373	499067528
scaff_group012	NW_020138177.1	1373	499068901
scaff_group012	NW_020138178.1	1373	499070274
scaff_group012	NW_020138179.1	1373	499071647
scaff_group012	NW_020138180.1	1373	499073020
scaff_group012	NW_020138181.1	1372	499074392
scaff_group012	NW_020138182.1	1372	499075764
scaff_group012	NW_020138183.1	1372	499077136
scaff_group012	NW_020138184.1	1372	499078508
scaff_group012	NW_020138185.1	1372	499079880
scaff_group012	NW_020138186.1	1372	499081252
scaff_group012	NW_020138187.1	1372	499082624
scaff_group012	NW_020138188.1	1372	499083996
scaff_group012	NW_020138189.1	1371	499085367
scaff_group012	NW_020138190.1	1371	499086738
scaff_group012	NW_020138191.1	1371	499088109
scaff_group012	NW_020138192.1	1371	499089480
scaff_group012	NW_020138193.1	1371	499090851
scaff_group012	NW_020138194.1	1370	499092221
scaff_group012	NW_020138195.1	1370	499093591
scaff_group012	NW_020138196.1	1370	499094961
scaff_group012	NW_020138197.1	2632	499097593
scaff_group012	NW_020138198.1	1370	499098963
scaff_group012	NW_020138199.1	1370	499100333
scaff_group012	NW_020138200.1	1370	499101703
scaff_group012	NW_020138201.1	1370	499103073
scaff_group012	NW_020138202.1	1370	499104443
scaff_group012	NW_020138203.1	1369	499105812
scaff_group012	NW_020138204.1	1369	499107181
scaff_group012	NW_020138205.1	1369	499108550
scaff_group012	NW_020138206.1	1369	499109919
scaff_group012	NW_020138207.1	1369	499111288
scaff_group012	NW_020138208.1	1369	499112657
scaff_group012	NW_020138209.1	1368	499114025
scaff_group012	NW_020138210.1	1368	499115393
scaff_group012	NW_020138211.1	1368	499116761
scaff_group012	NW_020138212.1	2599	499119360
scaff_group012	NW_020138213.1	1368	499120728
scaff_group012	NW_020138214.1	1368	499122096
scaff_group012	NW_020138215.1	1368	499123464
scaff_group012	NW_020138216.1	1367	499124831
scaff_group012	NW_020138217.1	1367	499126198
scaff_group012	NW_020138218.1	1367	499127565
scaff_group012	NW_020138219.1	1367	499128932
scaff_group012	NW_020138220.1	1367	499130299
scaff_group012	NW_020138221.1	1367	499131666
scaff_group012	NW_020138222.1	1367	499133033
scaff_group012	NW_020138223.1	1367	499134400
scaff_group012	NW_020138224.1	1367	499135767
scaff_group012	NW_020138225.1	1366	499137133
scaff_group012	NW_020138226.1	1366	499138499
scaff_group012	NW_020138227.1	1366	499139865
scaff_group012	NW_020138228.1	1366	499141231
scaff_group012	NW_020138229.1	1366	499142597
scaff_group012	NW_020138230.1	1366	499143963
scaff_group012	NW_020138231.1	1366	499145329
scaff_group012	NW_020138232.1	1366	499146695
scaff_group012	NW_020138233.1	1366	499148061
scaff_group012	NW_020138234.1	1366	499149427
scaff_group012	NW_020138235.1	1366	499150793
scaff_group012	NW_020138236.1	1365	499152158
scaff_group012	NW_020138237.1	1365	499153523
scaff_group012	NW_020138238.1	1365	499154888
scaff_group012	NW_020138239.1	1365	499156253
scaff_group012	NW_020138240.1	1365	499157618
scaff_group012	NW_020138241.1	1365	499158983
scaff_group012	NW_020138242.1	1365	499160348
scaff_group012	NW_020138243.1	1365	499161713
scaff_group012	NW_020138244.1	1365	499163078
scaff_group012	NW_020138245.1	1365	499164443
scaff_group012	NW_020138246.1	1365	499165808
scaff_group012	NW_020138247.1	1364	499167172
scaff_group012	NW_020138248.1	1364	499168536
scaff_group012	NW_020138249.1	1364	499169900
scaff_group012	NW_020138250.1	1364	499171264
scaff_group012	NW_020138251.1	1364	499172628
scaff_group012	NW_020138252.1	1364	499173992
scaff_group012	NW_020138253.1	1364	499175356
scaff_group012	NW_020138254.1	1364	499176720
scaff_group012	NW_020138255.1	1363	499178083
scaff_group012	NW_020138256.1	1363	499179446
scaff_group012	NW_020138257.1	1363	499180809
scaff_group012	NW_020138258.1	1363	499182172
scaff_group012	NW_020138259.1	1363	499183535
scaff_group012	NW_020138260.1	1363	499184898
scaff_group012	NW_020138261.1	1362	499186260
scaff_group012	NW_020138262.1	1362	499187622
scaff_group012	NW_020138263.1	1362	499188984
scaff_group012	NW_020138264.1	1362	499190346
scaff_group012	NW_020138265.1	1362	499191708
scaff_group012	NW_020138266.1	1362	499193070
scaff_group012	NW_020138267.1	1361	499194431
scaff_group012	NW_020138268.1	1361	499195792
scaff_group012	NW_020138269.1	1361	499197153
scaff_group012	NW_020138270.1	1361	499198514
scaff_group012	NW_020138271.1	1361	499199875
scaff_group012	NW_020138272.1	1361	499201236
scaff_group012	NW_020138273.1	1361	499202597
scaff_group012	NW_020138274.1	1361	499203958
scaff_group012	NW_020138275.1	1361	499205319
scaff_group012	NW_020138276.1	92891	499298210
scaff_group012	NW_020138277.1	1361	499299571
scaff_group012	NW_020138278.1	1360	499300931
scaff_group012	NW_020138279.1	1360	499302291
scaff_group012	NW_020138280.1	1360	499303651
scaff_group012	NW_020138281.1	1360	499305011
scaff_group012	NW_020138282.1	1360	499306371
scaff_group012	NW_020138283.1	1360	499307731
scaff_group012	NW_020138284.1	1360	499309091
scaff_group012	NW_020138285.1	1360	499310451
scaff_group012	NW_020138286.1	1359	499311810
scaff_group012	NW_020138287.1	1359	499313169
scaff_group012	NW_020138288.1	1359	499314528
scaff_group012	NW_020138289.1	1358	499315886
scaff_group012	NW_020138290.1	1358	499317244
scaff_group012	NW_020138291.1	1358	499318602
scaff_group012	NW_020138292.1	1358	499319960
scaff_group012	NW_020138293.1	1358	499321318
scaff_group012	NW_020138294.1	1357	499322675
scaff_group012	NW_020138295.1	1357	499324032
scaff_group012	NW_020138296.1	1357	499325389
scaff_group012	NW_020138297.1	1357	499326746
scaff_group012	NW_020138298.1	1357	499328103
scaff_group012	NW_020138299.1	1357	499329460
scaff_group012	NW_020138300.1	1357	499330817
scaff_group012	NW_020138301.1	1357	499332174
scaff_group012	NW_020138302.1	1357	499333531
scaff_group012	NW_020138303.1	1357	499334888
scaff_group012	NW_020138304.1	1357	499336245
scaff_group012	NW_020138305.1	1356	499337601
scaff_group012	NW_020138306.1	1356	499338957
scaff_group012	NW_020138307.1	1356	499340313
scaff_group012	NW_020138308.1	1356	499341669
scaff_group012	NW_020138309.1	1355	499343024
scaff_group012	NW_020138310.1	1355	499344379
scaff_group012	NW_020138311.1	1355	499345734
scaff_group012	NW_020138312.1	1355	499347089
scaff_group012	NW_020138313.1	1355	499348444
scaff_group012	NW_020138314.1	1355	499349799
scaff_group012	NW_020138315.1	1354	499351153
scaff_group012	NW_020138316.1	1354	499352507
scaff_group012	NW_020138317.1	1354	499353861
scaff_group012	NW_020138318.1	1353	499355214
scaff_group012	NW_020138319.1	1353	499356567
scaff_group012	NW_020138320.1	1353	499357920
scaff_group012	NW_020138321.1	1353	499359273
scaff_group012	NW_020138322.1	1353	499360626
scaff_group012	NW_020138323.1	1353	499361979
scaff_group012	NW_020138324.1	1353	499363332
scaff_group012	NW_020138325.1	1353	499364685
scaff_group012	NW_020138326.1	1352	499366037
scaff_group012	NW_020138327.1	1352	499367389
scaff_group012	NW_020138328.1	1352	499368741
scaff_group012	NW_020138329.1	1352	499370093
scaff_group012	NW_020138330.1	1352	499371445
scaff_group012	NW_020138331.1	1352	499372797
scaff_group012	NW_020138332.1	1352	499374149
scaff_group012	NW_020138333.1	1351	499375500
scaff_group012	NW_020138334.1	1351	499376851
scaff_group012	NW_020138335.1	1351	499378202
scaff_group012	NW_020138336.1	1351	499379553
scaff_group012	NW_020138337.1	1351	499380904
scaff_group012	NW_020138338.1	1350	499382254
scaff_group012	NW_020138339.1	1350	499383604
scaff_group012	NW_020138340.1	1350	499384954
scaff_group012	NW_020138341.1	1350	499386304
scaff_group012	NW_020138342.1	1350	499387654
scaff_group012	NW_020138343.1	1350	499389004
scaff_group012	NW_020138344.1	1350	499390354
scaff_group012	NW_020138345.1	1349	499391703
scaff_group012	NW_020138346.1	1349	499393052
scaff_group012	NW_020138347.1	1349	499394401
scaff_group012	NW_020138348.1	1349	499395750
scaff_group012	NW_020138349.1	1349	499397099
scaff_group012	NW_020138350.1	1349	499398448
scaff_group012	NW_020138351.1	1349	499399797
scaff_group012	NW_020138352.1	1349	499401146
scaff_group012	NW_020138353.1	1349	499402495
scaff_group012	NW_020138354.1	1349	499403844
scaff_group012	NW_020138355.1	1348	499405192
scaff_group012	NW_020138356.1	1348	499406540
scaff_group012	NW_020138357.1	1348	499407888
scaff_group012	NW_020138358.1	1348	499409236
scaff_group012	NW_020138359.1	1348	499410584
scaff_group012	NW_020138360.1	1348	499411932
scaff_group012	NW_020138361.1	1347	499413279
scaff_group012	NW_020138362.1	1347	499414626
scaff_group012	NW_020138363.1	1347	499415973
scaff_group012	NW_020138364.1	1347	499417320
scaff_group012	NW_020138365.1	1347	499418667
scaff_group012	NW_020138366.1	1347	499420014
scaff_group012	NW_020138367.1	1347	499421361
scaff_group012	NW_020138368.1	1347	499422708
scaff_group012	NW_020138369.1	1347	499424055
scaff_group012	NW_020138370.1	1346	499425401
scaff_group012	NW_020138371.1	1346	499426747
scaff_group012	NW_020138372.1	1346	499428093
scaff_group012	NW_020138373.1	1346	499429439
scaff_group012	NW_020138374.1	1346	499430785
scaff_group012	NW_020138375.1	1346	499432131
scaff_group012	NW_020138376.1	1346	499433477
scaff_group012	NW_020138377.1	1346	499434823
scaff_group012	NW_020138378.1	1345	499436168
scaff_group012	NW_020138379.1	1345	499437513
scaff_group012	NW_020138380.1	1345	499438858
scaff_group012	NW_020138381.1	1345	499440203
scaff_group012	NW_020138382.1	1345	499441548
scaff_group012	NW_020138383.1	1345	499442893
scaff_group012	NW_020138384.1	1345	499444238
scaff_group012	NW_020138385.1	1344	499445582
scaff_group012	NW_020138386.1	1344	499446926
scaff_group012	NW_020138387.1	1344	499448270
scaff_group012	NW_020138388.1	1344	499449614
scaff_group012	NW_020138389.1	1344	499450958
scaff_group012	NW_020138390.1	1344	499452302
scaff_group012	NW_020138391.1	1344	499453646
scaff_group012	NW_020138392.1	1344	499454990
scaff_group012	NW_020138393.1	1343	499456333
scaff_group012	NW_020138394.1	1343	499457676
scaff_group012	NW_020138395.1	1343	499459019
scaff_group012	NW_020138396.1	1343	499460362
scaff_group012	NW_020138397.1	1343	499461705
scaff_group012	NW_020138398.1	1343	499463048
scaff_group012	NW_020138399.1	1343	499464391
scaff_group012	NW_020138400.1	1343	499465734
scaff_group012	NW_020138401.1	1343	499467077
scaff_group012	NW_020138402.1	1343	499468420
scaff_group012	NW_020138403.1	1343	499469763
scaff_group012	NW_020138404.1	1342	499471105
scaff_group012	NW_020138405.1	1342	499472447
scaff_group012	NW_020138406.1	1342	499473789
scaff_group012	NW_020138407.1	1342	499475131
scaff_group012	NW_020138408.1	1342	499476473
scaff_group012	NW_020138409.1	1342	499477815
scaff_group012	NW_020138410.1	1342	499479157
scaff_group012	NW_020138411.1	1341	499480498
scaff_group012	NW_020138412.1	1341	499481839
scaff_group012	NW_020138413.1	1341	499483180
scaff_group012	NW_020138414.1	1341	499484521
scaff_group012	NW_020138415.1	1341	499485862
scaff_group012	NW_020138416.1	1341	499487203
scaff_group012	NW_020138417.1	1340	499488543
scaff_group012	NW_020138418.1	1340	499489883
scaff_group012	NW_020138419.1	1340	499491223
scaff_group012	NW_020138420.1	1340	499492563
scaff_group012	NW_020138421.1	1340	499493903
scaff_group012	NW_020138422.1	1340	499495243
scaff_group012	NW_020138423.1	1339	499496582
scaff_group012	NW_020138424.1	1339	499497921
scaff_group012	NW_020138425.1	1339	499499260
scaff_group012	NW_020138426.1	1339	499500599
scaff_group012	NW_020138427.1	1339	499501938
scaff_group012	NW_020138428.1	1339	499503277
scaff_group012	NW_020138429.1	1339	499504616
scaff_group012	NW_020138430.1	1338	499505954
scaff_group012	NW_020138431.1	1338	499507292
scaff_group012	NW_020138432.1	1338	499508630
scaff_group012	NW_020138433.1	1338	499509968
scaff_group012	NW_020138434.1	1338	499511306
scaff_group012	NW_020138435.1	1338	499512644
scaff_group012	NW_020138436.1	1338	499513982
scaff_group012	NW_020138437.1	1338	499515320
scaff_group012	NW_020138438.1	1338	499516658
scaff_group012	NW_020138439.1	1337	499517995
scaff_group012	NW_020138440.1	1337	499519332
scaff_group012	NW_020138441.1	1337	499520669
scaff_group012	NW_020138442.1	1337	499522006
scaff_group012	NW_020138443.1	1336	499523342
scaff_group012	NW_020138444.1	1336	499524678
scaff_group012	NW_020138445.1	1336	499526014
scaff_group012	NW_020138446.1	1336	499527350
scaff_group012	NW_020138447.1	1336	499528686
scaff_group012	NW_020138448.1	1336	499530022
scaff_group012	NW_020138449.1	1336	499531358
scaff_group012	NW_020138450.1	1336	499532694
scaff_group012	NW_020138451.1	1336	499534030
scaff_group012	NW_020138452.1	1335	499535365
scaff_group012	NW_020138453.1	1335	499536700
scaff_group012	NW_020138454.1	1335	499538035
scaff_group012	NW_020138455.1	1335	499539370
scaff_group012	NW_020138456.1	1335	499540705
scaff_group012	NW_020138457.1	1335	499542040
scaff_group012	NW_020138458.1	1335	499543375
scaff_group012	NW_020138459.1	1335	499544710
scaff_group012	NW_020138460.1	1335	499546045
scaff_group012	NW_020138461.1	1335	499547380
scaff_group012	NW_020138462.1	1335	499548715
scaff_group012	NW_020138463.1	1334	499550049
scaff_group012	NW_020138464.1	1334	499551383
scaff_group012	NW_020138465.1	1334	499552717
scaff_group012	NW_020138466.1	1334	499554051
scaff_group012	NW_020138467.1	1334	499555385
scaff_group012	NW_020138468.1	1334	499556719
scaff_group012	NW_020138469.1	1334	499558053
scaff_group012	NW_020138470.1	1334	499559387
scaff_group012	NW_020138471.1	1334	499560721
scaff_group012	NW_020138472.1	1333	499562054
scaff_group012	NW_020138473.1	1333	499563387
scaff_group012	NW_020138474.1	1333	499564720
scaff_group012	NW_020138475.1	1333	499566053
scaff_group012	NW_020138476.1	1333	499567386
scaff_group012	NW_020138477.1	1333	499568719
scaff_group012	NW_020138478.1	1333	499570052
scaff_group012	NW_020138479.1	1332	499571384
scaff_group012	NW_020138480.1	1332	499572716
scaff_group012	NW_020138481.1	1332	499574048
scaff_group012	NW_020138482.1	1332	499575380
scaff_group012	NW_020138483.1	1332	499576712
scaff_group012	NW_020138484.1	1332	499578044
scaff_group012	NW_020138485.1	1332	499579376
scaff_group012	NW_020138486.1	1332	499580708
scaff_group012	NW_020138487.1	1332	499582040
scaff_group012	NW_020138488.1	1332	499583372
scaff_group012	NW_020138489.1	1332	499584704
scaff_group012	NW_020138490.1	1332	499586036
scaff_group012	NW_020138491.1	1331	499587367
scaff_group012	NW_020138492.1	1331	499588698
scaff_group012	NW_020138493.1	1331	499590029
scaff_group012	NW_020138494.1	1331	499591360
scaff_group012	NW_020138495.1	1331	499592691
scaff_group012	NW_020138496.1	1331	499594022
scaff_group012	NW_020138497.1	1331	499595353
scaff_group012	NW_020138498.1	1330	499596683
scaff_group012	NW_020138499.1	1330	499598013
scaff_group012	NW_020138500.1	1330	499599343
scaff_group012	NW_020138501.1	1330	499600673
scaff_group012	NW_020138502.1	1330	499602003
scaff_group012	NW_020138503.1	1330	499603333
scaff_group012	NW_020138504.1	1330	499604663
scaff_group012	NW_020138505.1	1329	499605992
scaff_group012	NW_020138506.1	1329	499607321
scaff_group012	NW_020138507.1	1329	499608650
scaff_group012	NW_020138508.1	1329	499609979
scaff_group012	NW_020138509.1	1328	499611307
scaff_group012	NW_020138510.1	1328	499612635
scaff_group012	NW_020138511.1	1328	499613963
scaff_group012	NW_020138512.1	1328	499615291
scaff_group012	NW_020138513.1	1328	499616619
scaff_group012	NW_020138514.1	1328	499617947
scaff_group012	NW_020138515.1	1327	499619274
scaff_group012	NW_020138516.1	1327	499620601
scaff_group012	NW_020138517.1	1327	499621928
scaff_group012	NW_020138518.1	1327	499623255
scaff_group012	NW_020138519.1	1327	499624582
scaff_group012	NW_020138520.1	1327	499625909
scaff_group012	NW_020138521.1	1327	499627236
scaff_group012	NW_020138522.1	1327	499628563
scaff_group012	NW_020138523.1	1327	499629890
scaff_group012	NW_020138524.1	1326	499631216
scaff_group012	NW_020138525.1	1326	499632542
scaff_group012	NW_020138526.1	1326	499633868
scaff_group012	NW_020138527.1	1326	499635194
scaff_group012	NW_020138528.1	1326	499636520
scaff_group012	NW_020138529.1	1326	499637846
scaff_group012	NW_020138530.1	1325	499639171
scaff_group012	NW_020138531.1	1325	499640496
scaff_group012	NW_020138532.1	1325	499641821
scaff_group012	NW_020138533.1	1325	499643146
scaff_group012	NW_020138534.1	2440	499645586
scaff_group012	NW_020138535.1	1325	499646911
scaff_group012	NW_020138536.1	1325	499648236
scaff_group012	NW_020138537.1	1325	499649561
scaff_group012	NW_020138538.1	1324	499650885
scaff_group012	NW_020138539.1	1324	499652209
scaff_group012	NW_020138540.1	1324	499653533
scaff_group012	NW_020138541.1	1324	499654857
scaff_group012	NW_020138542.1	1324	499656181
scaff_group012	NW_020138543.1	1324	499657505
scaff_group012	NW_020138544.1	1323	499658828
scaff_group012	NW_020138545.1	1323	499660151
scaff_group012	NW_020138546.1	1323	499661474
scaff_group012	NW_020138547.1	1323	499662797
scaff_group012	NW_020138548.1	1323	499664120
scaff_group012	NW_020138549.1	1323	499665443
scaff_group012	NW_020138550.1	3022	499668465
scaff_group012	NW_020138551.1	1323	499669788
scaff_group012	NW_020138552.1	1322	499671110
scaff_group012	NW_020138553.1	1322	499672432
scaff_group012	NW_020138554.1	1322	499673754
scaff_group012	NW_020138555.1	1322	499675076
scaff_group012	NW_020138556.1	1322	499676398
scaff_group012	NW_020138557.1	1322	499677720
scaff_group012	NW_020138558.1	1322	499679042
scaff_group012	NW_020138559.1	1322	499680364
scaff_group012	NW_020138560.1	1322	499681686
scaff_group012	NW_020138561.1	1321	499683007
scaff_group012	NW_020138562.1	1321	499684328
scaff_group012	NW_020138563.1	1321	499685649
scaff_group012	NW_020138564.1	1321	499686970
scaff_group012	NW_020138565.1	1321	499688291
scaff_group012	NW_020138566.1	1321	499689612
scaff_group012	NW_020138567.1	1321	499690933
scaff_group012	NW_020138568.1	1321	499692254
scaff_group012	NW_020138569.1	1320	499693574
scaff_group012	NW_020138570.1	1320	499694894
scaff_group012	NW_020138571.1	1320	499696214
scaff_group012	NW_020138572.1	1320	499697534
scaff_group012	NW_020138573.1	9238	499706772
scaff_group012	NW_020138574.1	1320	499708092
scaff_group012	NW_020138575.1	1320	499709412
scaff_group012	NW_020138576.1	1320	499710732
scaff_group012	NW_020138577.1	1319	499712051
scaff_group012	NW_020138578.1	1319	499713370
scaff_group012	NW_020138579.1	1319	499714689
scaff_group012	NW_020138580.1	1319	499716008
scaff_group012	NW_020138581.1	1318	499717326
scaff_group012	NW_020138582.1	1318	499718644
scaff_group012	NW_020138583.1	1318	499719962
scaff_group012	NW_020138584.1	1318	499721280
scaff_group012	NW_020138585.1	1317	499722597
scaff_group012	NW_020138586.1	1317	499723914
scaff_group012	NW_020138587.1	1317	499725231
scaff_group012	NW_020138588.1	1317	499726548
scaff_group012	NW_020138589.1	1317	499727865
scaff_group012	NW_020138590.1	1317	499729182
scaff_group012	NW_020138591.1	1316	499730498
scaff_group012	NW_020138592.1	1316	499731814
scaff_group012	NW_020138593.1	3219	499735033
scaff_group012	NW_020138594.1	1316	499736349
scaff_group012	NW_020138595.1	1316	499737665
scaff_group012	NW_020138596.1	1316	499738981
scaff_group012	NW_020138597.1	1316	499740297
scaff_group012	NW_020138598.1	1316	499741613
scaff_group012	NW_020138599.1	1315	499742928
scaff_group012	NW_020138600.1	1315	499744243
scaff_group012	NW_020138601.1	1315	499745558
scaff_group012	NW_020138602.1	1315	499746873
scaff_group012	NW_020138603.1	1315	499748188
scaff_group012	NW_020138604.1	1315	499749503
scaff_group012	NW_020138605.1	1315	499750818
scaff_group012	NW_020138606.1	2854	499753672
scaff_group012	NW_020138607.1	1314	499754986
scaff_group012	NW_020138608.1	1314	499756300
scaff_group012	NW_020138609.1	1314	499757614
scaff_group012	NW_020138610.1	1314	499758928
scaff_group012	NW_020138611.1	1314	499760242
scaff_group012	NW_020138612.1	1314	499761556
scaff_group012	NW_020138613.1	1314	499762870
scaff_group012	NW_020138614.1	1314	499764184
scaff_group012	NW_020138615.1	1314	499765498
scaff_group012	NW_020138616.1	1314	499766812
scaff_group012	NW_020138617.1	1313	499768125
scaff_group012	NW_020138618.1	1313	499769438
scaff_group012	NW_020138619.1	1313	499770751
scaff_group012	NW_020138620.1	1313	499772064
scaff_group012	NW_020138621.1	1313	499773377
scaff_group012	NW_020138622.1	1313	499774690
scaff_group012	NW_020138623.1	1313	499776003
scaff_group012	NW_020138624.1	1313	499777316
scaff_group012	NW_020138625.1	1312	499778628
scaff_group012	NW_020138626.1	1312	499779940
scaff_group012	NW_020138627.1	1312	499781252
scaff_group012	NW_020138628.1	1311	499782563
scaff_group012	NW_020138629.1	1311	499783874
scaff_group012	NW_020138630.1	1311	499785185
scaff_group012	NW_020138631.1	1311	499786496
scaff_group012	NW_020138632.1	1311	499787807
scaff_group012	NW_020138633.1	1311	499789118
scaff_group012	NW_020138634.1	1311	499790429
scaff_group012	NW_020138635.1	7711	499798140
scaff_group012	NW_020138636.1	1311	499799451
scaff_group012	NW_020138637.1	1310	499800761
scaff_group012	NW_020138638.1	1310	499802071
scaff_group012	NW_020138639.1	1310	499803381
scaff_group012	NW_020138640.1	1310	499804691
scaff_group012	NW_020138641.1	1310	499806001
scaff_group012	NW_020138642.1	1310	499807311
scaff_group012	NW_020138643.1	1309	499808620
scaff_group012	NW_020138644.1	1309	499809929
scaff_group012	NW_020138645.1	1309	499811238
scaff_group012	NW_020138646.1	1309	499812547
scaff_group012	NW_020138647.1	1309	499813856
scaff_group012	NW_020138648.1	1309	499815165
scaff_group012	NW_020138649.1	1309	499816474
scaff_group012	NW_020138650.1	1308	499817782
scaff_group012	NW_020138651.1	1308	499819090
scaff_group012	NW_020138652.1	2392	499821482
scaff_group012	NW_020138653.1	1308	499822790
scaff_group012	NW_020138654.1	1308	499824098
scaff_group012	NW_020138655.1	1308	499825406
scaff_group012	NW_020138656.1	1308	499826714
scaff_group012	NW_020138657.1	1308	499828022
scaff_group012	NW_020138658.1	1308	499829330
scaff_group012	NW_020138659.1	1308	499830638
scaff_group012	NW_020138660.1	1308	499831946
scaff_group012	NW_020138661.1	1308	499833254
scaff_group012	NW_020138662.1	1308	499834562
scaff_group012	NW_020138663.1	1308	499835870
scaff_group012	NW_020138664.1	1307	499837177
scaff_group012	NW_020138665.1	1307	499838484
scaff_group012	NW_020138666.1	1307	499839791
scaff_group012	NW_020138667.1	1307	499841098
scaff_group012	NW_020138668.1	1307	499842405
scaff_group012	NW_020138669.1	1307	499843712
scaff_group012	NW_020138670.1	1307	499845019
scaff_group012	NW_020138671.1	1307	499846326
scaff_group012	NW_020138672.1	1306	499847632
scaff_group012	NW_020138673.1	1306	499848938
scaff_group012	NW_020138674.1	1306	499850244
scaff_group012	NW_020138675.1	1306	499851550
scaff_group012	NW_020138676.1	1306	499852856
scaff_group012	NW_020138677.1	1306	499854162
scaff_group012	NW_020138678.1	1306	499855468
scaff_group012	NW_020138679.1	1306	499856774
scaff_group012	NW_020138680.1	1305	499858079
scaff_group012	NW_020138681.1	1305	499859384
scaff_group012	NW_020138682.1	1305	499860689
scaff_group012	NW_020138683.1	1305	499861994
scaff_group012	NW_020138684.1	1305	499863299
scaff_group012	NW_020138685.1	1305	499864604
scaff_group012	NW_020138686.1	1305	499865909
scaff_group012	NW_020138687.1	1305	499867214
scaff_group012	NW_020138688.1	1305	499868519
scaff_group012	NW_020138689.1	1305	499869824
scaff_group012	NW_020138690.1	1305	499871129
scaff_group012	NW_020138691.1	1305	499872434
scaff_group012	NW_020138692.1	1305	499873739
scaff_group012	NW_020138693.1	1305	499875044
scaff_group012	NW_020138694.1	1305	499876349
scaff_group012	NW_020138695.1	1305	499877654
scaff_group012	NW_020138696.1	1305	499878959
scaff_group012	NW_020138697.1	1304	499880263
scaff_group012	NW_020138698.1	1304	499881567
scaff_group012	NW_020138699.1	1304	499882871
scaff_group012	NW_020138700.1	1304	499884175
scaff_group012	NW_020138701.1	1304	499885479
scaff_group012	NW_020138702.1	1303	499886782
scaff_group012	NW_020138703.1	1303	499888085
scaff_group012	NW_020138704.1	1303	499889388
scaff_group012	NW_020138705.1	1303	499890691
scaff_group012	NW_020138706.1	1303	499891994
scaff_group012	NW_020138707.1	1303	499893297
scaff_group012	NW_020138708.1	1303	499894600
scaff_group012	NW_020138709.1	1303	499895903
scaff_group012	NW_020138710.1	1303	499897206
scaff_group012	NW_020138711.1	1303	499898509
scaff_group012	NW_020138712.1	1302	499899811
scaff_group012	NW_020138713.1	1302	499901113
scaff_group012	NW_020138714.1	1302	499902415
scaff_group012	NW_020138715.1	1302	499903717
scaff_group012	NW_020138716.1	1301	499905018
scaff_group012	NW_020138717.1	1301	499906319
scaff_group012	NW_020138718.1	1301	499907620
scaff_group012	NW_020138719.1	1301	499908921
scaff_group012	NW_020138720.1	1301	499910222
scaff_group012	NW_020138721.1	1301	499911523
scaff_group012	NW_020138722.1	1301	499912824
scaff_group012	NW_020138723.1	1301	499914125
scaff_group012	NW_020138724.1	1301	499915426
scaff_group012	NW_020138725.1	1301	499916727
scaff_group012	NW_020138726.1	1301	499918028
scaff_group012	NW_020138727.1	1301	499919329
scaff_group012	NW_020138728.1	1301	499920630
scaff_group012	NW_020138729.1	1301	499921931
scaff_group012	NW_020138730.1	1301	499923232
scaff_group012	NW_020138731.1	1300	499924532
scaff_group012	NW_020138732.1	1300	499925832
scaff_group012	NW_020138733.1	1300	499927132
scaff_group012	NW_020138734.1	1300	499928432
scaff_group012	NW_020138735.1	1300	499929732
scaff_group012	NW_020138736.1	1300	499931032
scaff_group012	NW_020138737.1	1300	499932332
scaff_group012	NW_020138738.1	1300	499933632
scaff_group012	NW_020138739.1	1300	499934932
scaff_group012	NW_020138740.1	1300	499936232
scaff_group012	NW_020138741.1	1300	499937532
scaff_group012	NW_020138742.1	1299	499938831
scaff_group012	NW_020138743.1	1299	499940130
scaff_group012	NW_020138744.1	1299	499941429
scaff_group012	NW_020138745.1	1299	499942728
scaff_group012	NW_020138746.1	1299	499944027
scaff_group012	NW_020138747.1	1299	499945326
scaff_group012	NW_020138748.1	1299	499946625
scaff_group012	NW_020138749.1	1299	499947924
scaff_group012	NW_020138750.1	1299	499949223
scaff_group012	NW_020138751.1	1299	499950522
scaff_group012	NW_020138752.1	1298	499951820
scaff_group012	NW_020138753.1	1298	499953118
scaff_group012	NW_020138754.1	1298	499954416
scaff_group012	NW_020138755.1	1298	499955714
scaff_group012	NW_020138756.1	1298	499957012
scaff_group012	NW_020138757.1	1298	499958310
scaff_group012	NW_020138758.1	1298	499959608
scaff_group012	NW_020138759.1	1297	499960905
scaff_group012	NW_020138760.1	1297	499962202
scaff_group012	NW_020138761.1	1297	499963499
scaff_group012	NW_020138762.1	1297	499964796
scaff_group012	NW_020138763.1	1297	499966093
scaff_group012	NW_020138764.1	1297	499967390
scaff_group012	NW_020138765.1	1297	499968687
scaff_group012	NW_020138766.1	1297	499969984
scaff_group012	NW_020138767.1	1297	499971281
scaff_group012	NW_020138768.1	1296	499972577
scaff_group012	NW_020138769.1	1296	499973873
scaff_group012	NW_020138770.1	1296	499975169
scaff_group012	NW_020138771.1	1295	499976464
scaff_group012	NW_020138772.1	1295	499977759
scaff_group012	NW_020138773.1	1295	499979054
scaff_group012	NW_020138774.1	1295	499980349
scaff_group012	NW_020138775.1	1295	499981644
scaff_group012	NW_020138776.1	1295	499982939
scaff_group012	NW_020138777.1	1295	499984234
scaff_group012	NW_020138778.1	1295	499985529
scaff_group012	NW_020138779.1	1295	499986824
scaff_group012	NW_020138780.1	1295	499988119
scaff_group012	NW_020138781.1	1294	499989413
scaff_group012	NW_020138782.1	1294	499990707
scaff_group012	NW_020138783.1	1294	499992001
scaff_group012	NW_020138784.1	1294	499993295
scaff_group012	NW_020138785.1	1294	499994589
scaff_group012	NW_020138786.1	1294	499995883
scaff_group012	NW_020138787.1	1294	499997177
scaff_group012	NW_020138788.1	1294	499998471
scaff_group012	NW_020138789.1	1294	499999765
scaff_group012	NW_020138790.1	1294	500001059
scaff_group012	NW_020138791.1	1294	500002353
scaff_group012	NW_020138792.1	1294	500003647
scaff_group012	NW_020138793.1	1294	500004941
scaff_group012	NW_020138794.1	1293	500006234
scaff_group012	NW_020138795.1	1293	500007527
scaff_group012	NW_020138796.1	1293	500008820
scaff_group012	NW_020138797.1	1293	500010113
scaff_group012	NW_020138798.1	1293	500011406
scaff_group012	NW_020138799.1	1293	500012699
scaff_group012	NW_020138800.1	1293	500013992
scaff_group012	NW_020138801.1	1293	500015285
scaff_group012	NW_020138802.1	1292	500016577
scaff_group012	NW_020138803.1	1292	500017869
scaff_group012	NW_020138804.1	1292	500019161
scaff_group012	NW_020138805.1	1292	500020453
scaff_group012	NW_020138806.1	1292	500021745
scaff_group012	NW_020138807.1	1292	500023037
scaff_group012	NW_020138808.1	1292	500024329
scaff_group012	NW_020138809.1	1292	500025621
scaff_group012	NW_020138810.1	1292	500026913
scaff_group012	NW_020138811.1	1292	500028205
scaff_group012	NW_020138812.1	1292	500029497
scaff_group012	NW_020138813.1	1291	500030788
scaff_group012	NW_020138814.1	1291	500032079
scaff_group012	NW_020138815.1	1291	500033370
scaff_group012	NW_020138816.1	1291	500034661
scaff_group012	NW_020138817.1	1291	500035952
scaff_group012	NW_020138818.1	1291	500037243
scaff_group012	NW_020138819.1	1291	500038534
scaff_group012	NW_020138820.1	1290	500039824
scaff_group012	NW_020138821.1	1290	500041114
scaff_group012	NW_020138822.1	1290	500042404
scaff_group012	NW_020138823.1	1290	500043694
scaff_group012	NW_020138824.1	1290	500044984
scaff_group012	NW_020138825.1	1290	500046274
scaff_group012	NW_020138826.1	1290	500047564
scaff_group012	NW_020138827.1	1289	500048853
scaff_group012	NW_020138828.1	1289	500050142
scaff_group012	NW_020138829.1	1289	500051431
scaff_group012	NW_020138830.1	1289	500052720
scaff_group012	NW_020138831.1	1289	500054009
scaff_group012	NW_020138832.1	1289	500055298
scaff_group012	NW_020138833.1	1289	500056587
scaff_group012	NW_020138834.1	1289	500057876
scaff_group012	NW_020138835.1	1289	500059165
scaff_group012	NW_020138836.1	1289	500060454
scaff_group012	NW_020138837.1	1289	500061743
scaff_group012	NW_020138838.1	1288	500063031
scaff_group012	NW_020138839.1	1288	500064319
scaff_group012	NW_020138840.1	1288	500065607
scaff_group012	NW_020138841.1	1288	500066895
scaff_group012	NW_020138842.1	1288	500068183
scaff_group012	NW_020138843.1	1288	500069471
scaff_group012	NW_020138844.1	1288	500070759
scaff_group012	NW_020138845.1	1288	500072047
scaff_group012	NW_020138846.1	1288	500073335
scaff_group012	NW_020138847.1	1288	500074623
scaff_group012	NW_020138848.1	1288	500075911
scaff_group012	NW_020138849.1	1288	500077199
scaff_group012	NW_020138850.1	1288	500078487
scaff_group012	NW_020138851.1	1288	500079775
scaff_group012	NW_020138852.1	1288	500081063
scaff_group012	NW_020138853.1	1287	500082350
scaff_group012	NW_020138854.1	1287	500083637
scaff_group012	NW_020138855.1	1287	500084924
scaff_group012	NW_020138856.1	1287	500086211
scaff_group012	NW_020138857.1	1286	500087497
scaff_group012	NW_020138858.1	1286	500088783
scaff_group012	NW_020138859.1	1286	500090069
scaff_group012	NW_020138860.1	1286	500091355
scaff_group012	NW_020138861.1	1286	500092641
scaff_group012	NW_020138862.1	1285	500093926
scaff_group012	NW_020138863.1	1285	500095211
scaff_group012	NW_020138864.1	1285	500096496
scaff_group012	NW_020138865.1	1285	500097781
scaff_group012	NW_020138866.1	1285	500099066
scaff_group012	NW_020138867.1	1285	500100351
scaff_group012	NW_020138868.1	1285	500101636
scaff_group012	NW_020138869.1	1285	500102921
scaff_group012	NW_020138870.1	1285	500104206
scaff_group012	NW_020138871.1	1284	500105490
scaff_group012	NW_020138872.1	1284	500106774
scaff_group012	NW_020138873.1	1284	500108058
scaff_group012	NW_020138874.1	1284	500109342
scaff_group012	NW_020138875.1	1284	500110626
scaff_group012	NW_020138876.1	1284	500111910
scaff_group012	NW_020138877.1	1284	500113194
scaff_group012	NW_020138878.1	1284	500114478
scaff_group012	NW_020138879.1	1284	500115762
scaff_group012	NW_020138880.1	1283	500117045
scaff_group012	NW_020138881.1	1283	500118328
scaff_group012	NW_020138882.1	1283	500119611
scaff_group012	NW_020138883.1	1283	500120894
scaff_group012	NW_020138884.1	1283	500122177
scaff_group012	NW_020138885.1	1283	500123460
scaff_group012	NW_020138886.1	1283	500124743
scaff_group012	NW_020138887.1	1282	500126025
scaff_group012	NW_020138888.1	1282	500127307
scaff_group012	NW_020138889.1	1282	500128589
scaff_group012	NW_020138890.1	1282	500129871
scaff_group012	NW_020138891.1	1282	500131153
scaff_group012	NW_020138892.1	1282	500132435
scaff_group012	NW_020138893.1	1282	500133717
scaff_group012	NW_020138894.1	1282	500134999
scaff_group012	NW_020138895.1	1282	500136281
scaff_group012	NW_020138896.1	1281	500137562
scaff_group012	NW_020138897.1	1281	500138843
scaff_group012	NW_020138898.1	1281	500140124
scaff_group012	NW_020138899.1	1281	500141405
scaff_group012	NW_020138900.1	1281	500142686
scaff_group012	NW_020138901.1	1281	500143967
scaff_group012	NW_020138902.1	1281	500145248
scaff_group012	NW_020138903.1	1281	500146529
scaff_group012	NW_020138904.1	1281	500147810
scaff_group012	NW_020138905.1	1281	500149091
scaff_group012	NW_020138906.1	1280	500150371
scaff_group012	NW_020138907.1	1280	500151651
scaff_group012	NW_020138908.1	1280	500152931
scaff_group012	NW_020138909.1	1280	500154211
scaff_group012	NW_020138910.1	1280	500155491
scaff_group012	NW_020138911.1	1280	500156771
scaff_group012	NW_020138912.1	1280	500158051
scaff_group012	NW_020138913.1	1280	500159331
scaff_group012	NW_020138914.1	1280	500160611
scaff_group012	NW_020138915.1	1280	500161891
scaff_group012	NW_020138916.1	1280	500163171
scaff_group012	NW_020138917.1	1279	500164450
scaff_group012	NW_020138918.1	1279	500165729
scaff_group012	NW_020138919.1	1279	500167008
scaff_group012	NW_020138920.1	1279	500168287
scaff_group012	NW_020138921.1	1279	500169566
scaff_group012	NW_020138922.1	1279	500170845
scaff_group012	NW_020138923.1	1279	500172124
scaff_group012	NW_020138924.1	1279	500173403
scaff_group012	NW_020138925.1	1278	500174681
scaff_group012	NW_020138926.1	1278	500175959
scaff_group012	NW_020138927.1	1278	500177237
scaff_group012	NW_020138928.1	1278	500178515
scaff_group012	NW_020138929.1	1278	500179793
scaff_group012	NW_020138930.1	1278	500181071
scaff_group012	NW_020138931.1	1278	500182349
scaff_group012	NW_020138932.1	1277	500183626
scaff_group012	NW_020138933.1	1277	500184903
scaff_group012	NW_020138934.1	1277	500186180
scaff_group012	NW_020138935.1	1277	500187457
scaff_group012	NW_020138936.1	1277	500188734
scaff_group012	NW_020138937.1	1277	500190011
scaff_group012	NW_020138938.1	1277	500191288
scaff_group012	NW_020138939.1	1277	500192565
scaff_group012	NW_020138940.1	1277	500193842
scaff_group012	NW_020138941.1	1277	500195119
scaff_group012	NW_020138942.1	1276	500196395
scaff_group012	NW_020138943.1	1276	500197671
scaff_group012	NW_020138944.1	1276	500198947
scaff_group012	NW_020138945.1	1276	500200223
scaff_group012	NW_020138946.1	1275	500201498
scaff_group012	NW_020138947.1	1275	500202773
scaff_group012	NW_020138948.1	1275	500204048
scaff_group012	NW_020138949.1	1275	500205323
scaff_group012	NW_020138950.1	1275	500206598
scaff_group012	NW_020138951.1	1275	500207873
scaff_group012	NW_020138952.1	1275	500209148
scaff_group012	NW_020138953.1	1275	500210423
scaff_group012	NW_020138954.1	1275	500211698
scaff_group012	NW_020138955.1	1275	500212973
scaff_group012	NW_020138956.1	1275	500214248
scaff_group012	NW_020138957.1	1275	500215523
scaff_group012	NW_020138958.1	1274	500216797
scaff_group012	NW_020138959.1	1274	500218071
scaff_group012	NW_020138960.1	1274	500219345
scaff_group012	NW_020138961.1	1274	500220619
scaff_group012	NW_020138962.1	1274	500221893
scaff_group012	NW_020138963.1	1274	500223167
scaff_group012	NW_020138964.1	1274	500224441
scaff_group012	NW_020138965.1	1274	500225715
scaff_group012	NW_020138966.1	1274	500226989
scaff_group012	NW_020138967.1	1274	500228263
scaff_group012	NW_020138968.1	1274	500229537
scaff_group012	NW_020138969.1	4920	500234457
scaff_group012	NW_020138970.1	1273	500235730
scaff_group012	NW_020138971.1	1273	500237003
scaff_group012	NW_020138972.1	1273	500238276
scaff_group012	NW_020138973.1	1273	500239549
scaff_group012	NW_020138974.1	1272	500240821
scaff_group012	NW_020138975.1	1272	500242093
scaff_group012	NW_020138976.1	1272	500243365
scaff_group012	NW_020138977.1	1272	500244637
scaff_group012	NW_020138978.1	1272	500245909
scaff_group012	NW_020138979.1	1272	500247181
scaff_group012	NW_020138980.1	1272	500248453
scaff_group012	NW_020138981.1	1272	500249725
scaff_group012	NW_020138982.1	1271	500250996
scaff_group012	NW_020138983.1	1271	500252267
scaff_group012	NW_020138984.1	1271	500253538
scaff_group012	NW_020138985.1	1271	500254809
scaff_group012	NW_020138986.1	1271	500256080
scaff_group012	NW_020138987.1	1271	500257351
scaff_group012	NW_020138988.1	1271	500258622
scaff_group012	NW_020138989.1	1271	500259893
scaff_group012	NW_020138990.1	1271	500261164
scaff_group012	NW_020138991.1	1271	500262435
scaff_group012	NW_020138992.1	1270	500263705
scaff_group012	NW_020138993.1	1270	500264975
scaff_group012	NW_020138994.1	1270	500266245
scaff_group012	NW_020138995.1	1270	500267515
scaff_group012	NW_020138996.1	1270	500268785
scaff_group012	NW_020138997.1	1270	500270055
scaff_group012	NW_020138998.1	1270	500271325
scaff_group012	NW_020138999.1	1270	500272595
scaff_group012	NW_020139000.1	1270	500273865
scaff_group012	NW_020139001.1	1269	500275134
scaff_group012	NW_020139002.1	1269	500276403
scaff_group012	NW_020139003.1	1268	500277671
scaff_group012	NW_020139004.1	1268	500278939
scaff_group012	NW_020139005.1	1268	500280207
scaff_group012	NW_020139006.1	1268	500281475
scaff_group012	NW_020139007.1	1268	500282743
scaff_group012	NW_020139008.1	1268	500284011
scaff_group012	NW_020139009.1	1268	500285279
scaff_group012	NW_020139010.1	1268	500286547
scaff_group012	NW_020139011.1	1268	500287815
scaff_group012	NW_020139012.1	1268	500289083
scaff_group012	NW_020139013.1	1267	500290350
scaff_group012	NW_020139014.1	1267	500291617
scaff_group012	NW_020139015.1	1267	500292884
scaff_group012	NW_020139016.1	1267	500294151
scaff_group012	NW_020139017.1	1267	500295418
scaff_group012	NW_020139018.1	1267	500296685
scaff_group012	NW_020139019.1	1266	500297951
scaff_group012	NW_020139020.1	1266	500299217
scaff_group012	NW_020139021.1	1266	500300483
scaff_group012	NW_020139022.1	1266	500301749
scaff_group012	NW_020139023.1	1266	500303015
scaff_group012	NW_020139024.1	1266	500304281
scaff_group012	NW_020139025.1	1266	500305547
scaff_group012	NW_020139026.1	1265	500306812
scaff_group012	NW_020139027.1	1265	500308077
scaff_group012	NW_020139028.1	1265	500309342
scaff_group012	NW_020139029.1	1265	500310607
scaff_group012	NW_020139030.1	1265	500311872
scaff_group012	NW_020139031.1	1265	500313137
scaff_group012	NW_020139032.1	1265	500314402
scaff_group012	NW_020139033.1	1265	500315667
scaff_group012	NW_020139034.1	1265	500316932
scaff_group012	NW_020139035.1	1265	500318197
scaff_group012	NW_020139036.1	1265	500319462
scaff_group012	NW_020139037.1	1265	500320727
scaff_group012	NW_020139038.1	1264	500321991
scaff_group012	NW_020139039.1	1264	500323255
scaff_group012	NW_020139040.1	1264	500324519
scaff_group012	NW_020139041.1	1264	500325783
scaff_group012	NW_020139042.1	1264	500327047
scaff_group012	NW_020139043.1	1264	500328311
scaff_group012	NW_020139044.1	1264	500329575
scaff_group012	NW_020139045.1	1263	500330838
scaff_group012	NW_020139046.1	1263	500332101
scaff_group012	NW_020139047.1	1263	500333364
scaff_group012	NW_020139048.1	1263	500334627
scaff_group012	NW_020139049.1	1263	500335890
scaff_group012	NW_020139050.1	1263	500337153
scaff_group012	NW_020139051.1	1263	500338416
scaff_group012	NW_020139052.1	1263	500339679
scaff_group012	NW_020139053.1	1262	500340941
scaff_group012	NW_020139054.1	1262	500342203
scaff_group012	NW_020139055.1	1262	500343465
scaff_group012	NW_020139056.1	1262	500344727
scaff_group012	NW_020139057.1	1262	500345989
scaff_group012	NW_020139058.1	1262	500347251
scaff_group012	NW_020139059.1	1262	500348513
scaff_group012	NW_020139060.1	1261	500349774
scaff_group012	NW_020139061.1	1261	500351035
scaff_group012	NW_020139062.1	1261	500352296
scaff_group012	NW_020139063.1	1261	500353557
scaff_group012	NW_020139064.1	1261	500354818
scaff_group012	NW_020139065.1	1261	500356079
scaff_group012	NW_020139066.1	1261	500357340
scaff_group012	NW_020139067.1	1261	500358601
scaff_group012	NW_020139068.1	1261	500359862
scaff_group012	NW_020139069.1	1260	500361122
scaff_group012	NW_020139070.1	1260	500362382
scaff_group012	NW_020139071.1	1260	500363642
scaff_group012	NW_020139072.1	1260	500364902
scaff_group012	NW_020139073.1	1260	500366162
scaff_group012	NW_020139074.1	1260	500367422
scaff_group012	NW_020139075.1	1260	500368682
scaff_group012	NW_020139076.1	1260	500369942
scaff_group012	NW_020139077.1	1260	500371202
scaff_group012	NW_020139078.1	1260	500372462
scaff_group012	NW_020139079.1	1260	500373722
scaff_group012	NW_020139080.1	1260	500374982
scaff_group012	NW_020139081.1	1260	500376242
scaff_group012	NW_020139082.1	1259	500377501
scaff_group012	NW_020139083.1	1259	500378760
scaff_group012	NW_020139084.1	1259	500380019
scaff_group012	NW_020139085.1	1259	500381278
scaff_group012	NW_020139086.1	1259	500382537
scaff_group012	NW_020139087.1	1259	500383796
scaff_group012	NW_020139088.1	1259	500385055
scaff_group012	NW_020139089.1	1259	500386314
scaff_group012	NW_020139090.1	1259	500387573
scaff_group012	NW_020139091.1	1259	500388832
scaff_group012	NW_020139092.1	1259	500390091
scaff_group012	NW_020139093.1	1258	500391349
scaff_group012	NW_020139094.1	1258	500392607
scaff_group012	NW_020139095.1	1258	500393865
scaff_group012	NW_020139096.1	1258	500395123
scaff_group012	NW_020139097.1	1258	500396381
scaff_group012	NW_020139098.1	1258	500397639
scaff_group012	NW_020139099.1	1258	500398897
scaff_group012	NW_020139100.1	1258	500400155
scaff_group012	NW_020139101.1	1258	500401413
scaff_group012	NW_020139102.1	1257	500402670
scaff_group012	NW_020139103.1	1257	500403927
scaff_group012	NW_020139104.1	1257	500405184
scaff_group012	NW_020139105.1	1257	500406441
scaff_group012	NW_020139106.1	1257	500407698
scaff_group012	NW_020139107.1	1257	500408955
scaff_group012	NW_020139108.1	1257	500410212
scaff_group012	NW_020139109.1	1257	500411469
scaff_group012	NW_020139110.1	1257	500412726
scaff_group012	NW_020139111.1	1257	500413983
scaff_group012	NW_020139112.1	1257	500415240
scaff_group012	NW_020139113.1	1256	500416496
scaff_group012	NW_020139114.1	1256	500417752
scaff_group012	NW_020139115.1	1256	500419008
scaff_group012	NW_020139116.1	1256	500420264
scaff_group012	NW_020139117.1	1256	500421520
scaff_group012	NW_020139118.1	1256	500422776
scaff_group012	NW_020139119.1	1256	500424032
scaff_group012	NW_020139120.1	1256	500425288
scaff_group012	NW_020139121.1	1256	500426544
scaff_group012	NW_020139122.1	1256	500427800
scaff_group012	NW_020139123.1	1256	500429056
scaff_group012	NW_020139124.1	1255	500430311
scaff_group012	NW_020139125.1	1255	500431566
scaff_group012	NW_020139126.1	1255	500432821
scaff_group012	NW_020139127.1	1255	500434076
scaff_group012	NW_020139128.1	1254	500435330
scaff_group012	NW_020139129.1	1254	500436584
scaff_group012	NW_020139130.1	1254	500437838
scaff_group012	NW_020139131.1	1254	500439092
scaff_group012	NW_020139132.1	1254	500440346
scaff_group012	NW_020139133.1	1254	500441600
scaff_group012	NW_020139134.1	1254	500442854
scaff_group012	NW_020139135.1	1254	500444108
scaff_group012	NW_020139136.1	1254	500445362
scaff_group012	NW_020139137.1	1254	500446616
scaff_group012	NW_020139138.1	1253	500447869
scaff_group012	NW_020139139.1	1253	500449122
scaff_group012	NW_020139140.1	1253	500450375
scaff_group012	NW_020139141.1	1253	500451628
scaff_group012	NW_020139142.1	1253	500452881
scaff_group012	NW_020139143.1	1253	500454134
scaff_group012	NW_020139144.1	1253	500455387
scaff_group012	NW_020139145.1	1253	500456640
scaff_group012	NW_020139146.1	1253	500457893
scaff_group012	NW_020139147.1	1253	500459146
scaff_group012	NW_020139148.1	1253	500460399
scaff_group012	NW_020139149.1	1252	500461651
scaff_group012	NW_020139150.1	1252	500462903
scaff_group012	NW_020139151.1	1252	500464155
scaff_group012	NW_020139152.1	1251	500465406
scaff_group012	NW_020139153.1	1251	500466657
scaff_group012	NW_020139154.1	1251	500467908
scaff_group012	NW_020139155.1	1251	500469159
scaff_group012	NW_020139156.1	1251	500470410
scaff_group012	NW_020139157.1	1251	500471661
scaff_group012	NW_020139158.1	1251	500472912
scaff_group012	NW_020139159.1	1251	500474163
scaff_group012	NW_020139160.1	1251	500475414
scaff_group012	NW_020139161.1	1251	500476665
scaff_group012	NW_020139162.1	1250	500477915
scaff_group012	NW_020139163.1	1250	500479165
scaff_group012	NW_020139164.1	1250	500480415
scaff_group012	NW_020139165.1	1250	500481665
scaff_group012	NW_020139166.1	1250	500482915
scaff_group012	NW_020139167.1	1250	500484165
scaff_group012	NW_020139168.1	1249	500485414
scaff_group012	NW_020139169.1	1249	500486663
scaff_group012	NW_020139170.1	1249	500487912
scaff_group012	NW_020139171.1	1249	500489161
scaff_group012	NW_020139172.1	1249	500490410
scaff_group012	NW_020139173.1	1249	500491659
scaff_group012	NW_020139174.1	1249	500492908
scaff_group012	NW_020139175.1	1249	500494157
scaff_group012	NW_020139176.1	1249	500495406
scaff_group012	NW_020139177.1	1249	500496655
scaff_group012	NW_020139178.1	1249	500497904
scaff_group012	NW_020139179.1	1249	500499153
scaff_group012	NW_020139180.1	1249	500500402
scaff_group012	NW_020139181.1	1248	500501650
scaff_group012	NW_020139182.1	1248	500502898
scaff_group012	NW_020139183.1	1248	500504146
scaff_group012	NW_020139184.1	1248	500505394
scaff_group012	NW_020139185.1	1248	500506642
scaff_group012	NW_020139186.1	1247	500507889
scaff_group012	NW_020139187.1	1247	500509136
scaff_group012	NW_020139188.1	1247	500510383
scaff_group012	NW_020139189.1	1247	500511630
scaff_group012	NW_020139190.1	1247	500512877
scaff_group012	NW_020139191.1	1247	500514124
scaff_group012	NW_020139192.1	1247	500515371
scaff_group012	NW_020139193.1	1247	500516618
scaff_group012	NW_020139194.1	1246	500517864
scaff_group012	NW_020139195.1	1246	500519110
scaff_group012	NW_020139196.1	1246	500520356
scaff_group012	NW_020139197.1	1246	500521602
scaff_group012	NW_020139198.1	1246	500522848
scaff_group012	NW_020139199.1	1246	500524094
scaff_group012	NW_020139200.1	1246	500525340
scaff_group012	NW_020139201.1	1246	500526586
scaff_group012	NW_020139202.1	1246	500527832
scaff_group012	NW_020139203.1	1246	500529078
scaff_group012	NW_020139204.1	1246	500530324
scaff_group012	NW_020139205.1	1245	500531569
scaff_group012	NW_020139206.1	1245	500532814
scaff_group012	NW_020139207.1	1245	500534059
scaff_group012	NW_020139208.1	1245	500535304
scaff_group012	NW_020139209.1	1244	500536548
scaff_group012	NW_020139210.1	1244	500537792
scaff_group012	NW_020139211.1	1244	500539036
scaff_group012	NW_020139212.1	1244	500540280
scaff_group012	NW_020139213.1	1244	500541524
scaff_group012	NW_020139214.1	1244	500542768
scaff_group012	NW_020139215.1	1244	500544012
scaff_group012	NW_020139216.1	1243	500545255
scaff_group012	NW_020139217.1	1243	500546498
scaff_group012	NW_020139218.1	1243	500547741
scaff_group012	NW_020139219.1	1243	500548984
scaff_group012	NW_020139220.1	1243	500550227
scaff_group012	NW_020139221.1	1243	500551470
scaff_group012	NW_020139222.1	1243	500552713
scaff_group012	NW_020139223.1	1243	500553956
scaff_group012	NW_020139224.1	1243	500555199
scaff_group012	NW_020139225.1	1242	500556441
scaff_group012	NW_020139226.1	1242	500557683
scaff_group012	NW_020139227.1	1242	500558925
scaff_group012	NW_020139228.1	1242	500560167
scaff_group012	NW_020139229.1	1242	500561409
scaff_group012	NW_020139230.1	1242	500562651
scaff_group012	NW_020139231.1	1241	500563892
scaff_group012	NW_020139232.1	1241	500565133
scaff_group012	NW_020139233.1	1241	500566374
scaff_group012	NW_020139234.1	1241	500567615
scaff_group012	NW_020139235.1	1241	500568856
scaff_group012	NW_020139236.1	1241	500570097
scaff_group012	NW_020139237.1	1241	500571338
scaff_group012	NW_020139238.1	1241	500572579
scaff_group012	NW_020139239.1	1241	500573820
scaff_group012	NW_020139240.1	1240	500575060
scaff_group012	NW_020139241.1	1240	500576300
scaff_group012	NW_020139242.1	1240	500577540
scaff_group012	NW_020139243.1	1240	500578780
scaff_group012	NW_020139244.1	1240	500580020
scaff_group012	NW_020139245.1	1240	500581260
scaff_group012	NW_020139246.1	1239	500582499
scaff_group012	NW_020139247.1	1239	500583738
scaff_group012	NW_020139248.1	1239	500584977
scaff_group012	NW_020139249.1	1239	500586216
scaff_group012	NW_020139250.1	1239	500587455
scaff_group012	NW_020139251.1	1239	500588694
scaff_group012	NW_020139252.1	1239	500589933
scaff_group012	NW_020139253.1	1239	500591172
scaff_group012	NW_020139254.1	1239	500592411
scaff_group012	NW_020139255.1	1239	500593650
scaff_group012	NW_020139256.1	1238	500594888
scaff_group012	NW_020139257.1	1238	500596126
scaff_group012	NW_020139258.1	1238	500597364
scaff_group012	NW_020139259.1	1238	500598602
scaff_group012	NW_020139260.1	1238	500599840
scaff_group012	NW_020139261.1	1238	500601078
scaff_group012	NW_020139262.1	1238	500602316
scaff_group012	NW_020139263.1	1238	500603554
scaff_group012	NW_020139264.1	1238	500604792
scaff_group012	NW_020139265.1	1238	500606030
scaff_group012	NW_020139266.1	1237	500607267
scaff_group012	NW_020139267.1	1237	500608504
scaff_group012	NW_020139268.1	1237	500609741
scaff_group012	NW_020139269.1	1237	500610978
scaff_group012	NW_020139270.1	1237	500612215
scaff_group012	NW_020139271.1	1237	500613452
scaff_group012	NW_020139272.1	1237	500614689
scaff_group012	NW_020139273.1	1237	500615926
scaff_group012	NW_020139274.1	1236	500617162
scaff_group012	NW_020139275.1	1236	500618398
scaff_group012	NW_020139276.1	1236	500619634
scaff_group012	NW_020139277.1	1236	500620870
scaff_group012	NW_020139278.1	1236	500622106
scaff_group012	NW_020139279.1	1236	500623342
scaff_group012	NW_020139280.1	1236	500624578
scaff_group012	NW_020139281.1	1236	500625814
scaff_group012	NW_020139282.1	1236	500627050
scaff_group012	NW_020139283.1	1236	500628286
scaff_group012	NW_020139284.1	1236	500629522
scaff_group012	NW_020139285.1	1236	500630758
scaff_group012	NW_020139286.1	1236	500631994
scaff_group012	NW_020139287.1	1236	500633230
scaff_group012	NW_020139288.1	1236	500634466
scaff_group012	NW_020139289.1	1236	500635702
scaff_group012	NW_020139290.1	1236	500636938
scaff_group012	NW_020139291.1	1235	500638173
scaff_group012	NW_020139292.1	1235	500639408
scaff_group012	NW_020139293.1	1235	500640643
scaff_group012	NW_020139294.1	1235	500641878
scaff_group012	NW_020139295.1	1235	500643113
scaff_group012	NW_020139296.1	1235	500644348
scaff_group012	NW_020139297.1	1235	500645583
scaff_group012	NW_020139298.1	1235	500646818
scaff_group012	NW_020139299.1	1235	500648053
scaff_group012	NW_020139300.1	1235	500649288
scaff_group012	NW_020139301.1	1235	500650523
scaff_group012	NW_020139302.1	1235	500651758
scaff_group012	NW_020139303.1	1234	500652992
scaff_group012	NW_020139304.1	1234	500654226
scaff_group012	NW_020139305.1	1234	500655460
scaff_group012	NW_020139306.1	1234	500656694
scaff_group012	NW_020139307.1	1234	500657928
scaff_group012	NW_020139308.1	1234	500659162
scaff_group012	NW_020139309.1	1234	500660396
scaff_group012	NW_020139310.1	1234	500661630
scaff_group012	NW_020139311.1	1234	500662864
scaff_group012	NW_020139312.1	1234	500664098
scaff_group012	NW_020139313.1	1233	500665331
scaff_group012	NW_020139314.1	1233	500666564
scaff_group012	NW_020139315.1	1233	500667797
scaff_group012	NW_020139316.1	1233	500669030
scaff_group012	NW_020139317.1	1233	500670263
scaff_group012	NW_020139318.1	1233	500671496
scaff_group012	NW_020139319.1	1233	500672729
scaff_group012	NW_020139320.1	1233	500673962
scaff_group012	NW_020139321.1	1232	500675194
scaff_group012	NW_020139322.1	1232	500676426
scaff_group012	NW_020139323.1	1232	500677658
scaff_group012	NW_020139324.1	1232	500678890
scaff_group012	NW_020139325.1	1232	500680122
scaff_group012	NW_020139326.1	1232	500681354
scaff_group012	NW_020139327.1	1232	500682586
scaff_group012	NW_020139328.1	1232	500683818
scaff_group012	NW_020139329.1	1232	500685050
scaff_group012	NW_020139330.1	1232	500686282
scaff_group012	NW_020139331.1	1232	500687514
scaff_group012	NW_020139332.1	1231	500688745
scaff_group012	NW_020139333.1	1231	500689976
scaff_group012	NW_020139334.1	1231	500691207
scaff_group012	NW_020139335.1	1231	500692438
scaff_group012	NW_020139336.1	1231	500693669
scaff_group012	NW_020139337.1	1231	500694900
scaff_group012	NW_020139338.1	1231	500696131
scaff_group012	NW_020139339.1	1231	500697362
scaff_group012	NW_020139340.1	1231	500698593
scaff_group012	NW_020139341.1	1231	500699824
scaff_group012	NW_020139342.1	1231	500701055
scaff_group012	NW_020139343.1	1231	500702286
scaff_group012	NW_020139344.1	1231	500703517
scaff_group012	NW_020139345.1	1231	500704748
scaff_group012	NW_020139346.1	1230	500705978
scaff_group012	NW_020139347.1	1230	500707208
scaff_group012	NW_020139348.1	1230	500708438
scaff_group012	NW_020139349.1	1230	500709668
scaff_group012	NW_020139350.1	1230	500710898
scaff_group012	NW_020139351.1	1230	500712128
scaff_group012	NW_020139352.1	1230	500713358
scaff_group012	NW_020139353.1	1229	500714587
scaff_group012	NW_020139354.1	1229	500715816
scaff_group012	NW_020139355.1	1229	500717045
scaff_group012	NW_020139356.1	1229	500718274
scaff_group012	NW_020139357.1	1229	500719503
scaff_group012	NW_020139358.1	1229	500720732
scaff_group012	NW_020139359.1	1229	500721961
scaff_group012	NW_020139360.1	1229	500723190
scaff_group012	NW_020139361.1	1229	500724419
scaff_group012	NW_020139362.1	1229	500725648
scaff_group012	NW_020139363.1	1229	500726877
scaff_group012	NW_020139364.1	1228	500728105
scaff_group012	NW_020139365.1	1228	500729333
scaff_group012	NW_020139366.1	1228	500730561
scaff_group012	NW_020139367.1	1228	500731789
scaff_group012	NW_020139368.1	1228	500733017
scaff_group012	NW_020139369.1	1228	500734245
scaff_group012	NW_020139370.1	1228	500735473
scaff_group012	NW_020139371.1	1228	500736701
scaff_group012	NW_020139372.1	1228	500737929
scaff_group012	NW_020139373.1	1228	500739157
scaff_group012	NW_020139374.1	1228	500740385
scaff_group012	NW_020139375.1	1228	500741613
scaff_group012	NW_020139376.1	1227	500742840
scaff_group012	NW_020139377.1	1227	500744067
scaff_group012	NW_020139378.1	1227	500745294
scaff_group012	NW_020139379.1	1227	500746521
scaff_group012	NW_020139380.1	1227	500747748
scaff_group012	NW_020139381.1	1227	500748975
scaff_group012	NW_020139382.1	1227	500750202
scaff_group012	NW_020139383.1	1227	500751429
scaff_group012	NW_020139384.1	1227	500752656
scaff_group012	NW_020139385.1	1227	500753883
scaff_group012	NW_020139386.1	1227	500755110
scaff_group012	NW_020139387.1	1227	500756337
scaff_group012	NW_020139388.1	1226	500757563
scaff_group012	NW_020139389.1	1226	500758789
scaff_group012	NW_020139390.1	1226	500760015
scaff_group012	NW_020139391.1	1226	500761241
scaff_group012	NW_020139392.1	1226	500762467
scaff_group012	NW_020139393.1	1226	500763693
scaff_group012	NW_020139394.1	1226	500764919
scaff_group012	NW_020139395.1	1226	500766145
scaff_group012	NW_020139396.1	1226	500767371
scaff_group012	NW_020139397.1	1226	500768597
scaff_group012	NW_020139398.1	1226	500769823
scaff_group012	NW_020139399.1	1226	500771049
scaff_group012	NW_020139400.1	1226	500772275
scaff_group012	NW_020139401.1	1226	500773501
scaff_group012	NW_020139402.1	1226	500774727
scaff_group012	NW_020139403.1	1225	500775952
scaff_group012	NW_020139404.1	1225	500777177
scaff_group012	NW_020139405.1	1225	500778402
scaff_group012	NW_020139406.1	1225	500779627
scaff_group012	NW_020139407.1	1225	500780852
scaff_group012	NW_020139408.1	1225	500782077
scaff_group012	NW_020139409.1	1224	500783301
scaff_group012	NW_020139410.1	1224	500784525
scaff_group012	NW_020139411.1	1224	500785749
scaff_group012	NW_020139412.1	1224	500786973
scaff_group012	NW_020139413.1	1224	500788197
scaff_group012	NW_020139414.1	1224	500789421
scaff_group012	NW_020139415.1	1224	500790645
scaff_group012	NW_020139416.1	1224	500791869
scaff_group012	NW_020139417.1	1224	500793093
scaff_group012	NW_020139418.1	1224	500794317
scaff_group012	NW_020139419.1	1223	500795540
scaff_group012	NW_020139420.1	1223	500796763
scaff_group012	NW_020139421.1	1223	500797986
scaff_group012	NW_020139422.1	1223	500799209
scaff_group012	NW_020139423.1	1223	500800432
scaff_group012	NW_020139424.1	1223	500801655
scaff_group012	NW_020139425.1	1223	500802878
scaff_group012	NW_020139426.1	1223	500804101
scaff_group012	NW_020139427.1	1223	500805324
scaff_group012	NW_020139428.1	1223	500806547
scaff_group012	NW_020139429.1	1223	500807770
scaff_group012	NW_020139430.1	1223	500808993
scaff_group012	NW_020139431.1	1223	500810216
scaff_group012	NW_020139432.1	1223	500811439
scaff_group012	NW_020139433.1	1223	500812662
scaff_group012	NW_020139434.1	1222	500813884
scaff_group012	NW_020139435.1	1222	500815106
scaff_group012	NW_020139436.1	1222	500816328
scaff_group012	NW_020139437.1	1222	500817550
scaff_group012	NW_020139438.1	1222	500818772
scaff_group012	NW_020139439.1	1222	500819994
scaff_group012	NW_020139440.1	1222	500821216
scaff_group012	NW_020139441.1	1222	500822438
scaff_group012	NW_020139442.1	1221	500823659
scaff_group012	NW_020139443.1	1221	500824880
scaff_group012	NW_020139444.1	1221	500826101
scaff_group012	NW_020139445.1	1221	500827322
scaff_group012	NW_020139446.1	1221	500828543
scaff_group012	NW_020139447.1	1221	500829764
scaff_group012	NW_020139448.1	1221	500830985
scaff_group012	NW_020139449.1	1221	500832206
scaff_group012	NW_020139450.1	1221	500833427
scaff_group012	NW_020139451.1	1221	500834648
scaff_group012	NW_020139452.1	1221	500835869
scaff_group012	NW_020139453.1	1221	500837090
scaff_group012	NW_020139454.1	1221	500838311
scaff_group012	NW_020139455.1	1221	500839532
scaff_group012	NW_020139456.1	1221	500840753
scaff_group012	NW_020139457.1	1221	500841974
scaff_group012	NW_020139458.1	1220	500843194
scaff_group012	NW_020139459.1	1220	500844414
scaff_group012	NW_020139460.1	1220	500845634
scaff_group012	NW_020139461.1	1220	500846854
scaff_group012	NW_020139462.1	1220	500848074
scaff_group012	NW_020139463.1	1220	500849294
scaff_group012	NW_020139464.1	1220	500850514
scaff_group012	NW_020139465.1	1220	500851734
scaff_group012	NW_020139466.1	1219	500852953
scaff_group012	NW_020139467.1	1219	500854172
scaff_group012	NW_020139468.1	1219	500855391
scaff_group012	NW_020139469.1	1219	500856610
scaff_group012	NW_020139470.1	1219	500857829
scaff_group012	NW_020139471.1	1219	500859048
scaff_group012	NW_020139472.1	1219	500860267
scaff_group012	NW_020139473.1	1219	500861486
scaff_group012	NW_020139474.1	1218	500862704
scaff_group012	NW_020139475.1	1218	500863922
scaff_group012	NW_020139476.1	1218	500865140
scaff_group012	NW_020139477.1	1218	500866358
scaff_group012	NW_020139478.1	1218	500867576
scaff_group012	NW_020139479.1	1217	500868793
scaff_group012	NW_020139480.1	1217	500870010
scaff_group012	NW_020139481.1	1217	500871227
scaff_group012	NW_020139482.1	1217	500872444
scaff_group012	NW_020139483.1	1217	500873661
scaff_group012	NW_020139484.1	1217	500874878
scaff_group012	NW_020139485.1	1217	500876095
scaff_group012	NW_020139486.1	1217	500877312
scaff_group012	NW_020139487.1	1217	500878529
scaff_group012	NW_020139488.1	1216	500879745
scaff_group012	NW_020139489.1	1216	500880961
scaff_group012	NW_020139490.1	1216	500882177
scaff_group012	NW_020139491.1	1215	500883392
scaff_group012	NW_020139492.1	1215	500884607
scaff_group012	NW_020139493.1	1215	500885822
scaff_group012	NW_020139494.1	1215	500887037
scaff_group012	NW_020139495.1	1215	500888252
scaff_group012	NW_020139496.1	1215	500889467
scaff_group012	NW_020139497.1	1215	500890682
scaff_group012	NW_020139498.1	1215	500891897
scaff_group012	NW_020139499.1	1215	500893112
scaff_group012	NW_020139500.1	1214	500894326
scaff_group012	NW_020139501.1	1214	500895540
scaff_group012	NW_020139502.1	1214	500896754
scaff_group012	NW_020139503.1	1214	500897968
scaff_group012	NW_020139504.1	1214	500899182
scaff_group012	NW_020139505.1	1214	500900396
scaff_group012	NW_020139506.1	1214	500901610
scaff_group012	NW_020139507.1	1214	500902824
scaff_group012	NW_020139508.1	1214	500904038
scaff_group012	NW_020139509.1	1214	500905252
scaff_group012	NW_020139510.1	1213	500906465
scaff_group012	NW_020139511.1	1213	500907678
scaff_group012	NW_020139512.1	20520	500928198
scaff_group012	NW_020139513.1	1213	500929411
scaff_group012	NW_020139514.1	1213	500930624
scaff_group012	NW_020139515.1	1213	500931837
scaff_group012	NW_020139516.1	1213	500933050
scaff_group012	NW_020139517.1	1213	500934263
scaff_group012	NW_020139518.1	1212	500935475
scaff_group012	NW_020139519.1	1212	500936687
scaff_group012	NW_020139520.1	1212	500937899
scaff_group012	NW_020139521.1	1212	500939111
scaff_group012	NW_020139522.1	1212	500940323
scaff_group012	NW_020139523.1	1212	500941535
scaff_group012	NW_020139524.1	1212	500942747
scaff_group012	NW_020139525.1	1212	500943959
scaff_group012	NW_020139526.1	1212	500945171
scaff_group012	NW_020139527.1	1212	500946383
scaff_group012	NW_020139528.1	1212	500947595
scaff_group012	NW_020139529.1	1212	500948807
scaff_group012	NW_020139530.1	1212	500950019
scaff_group012	NW_020139531.1	1211	500951230
scaff_group012	NW_020139532.1	1211	500952441
scaff_group012	NW_020139533.1	1211	500953652
scaff_group012	NW_020139534.1	1211	500954863
scaff_group012	NW_020139535.1	1211	500956074
scaff_group012	NW_020139536.1	1211	500957285
scaff_group012	NW_020139537.1	1211	500958496
scaff_group012	NW_020139538.1	1211	500959707
scaff_group012	NW_020139539.1	1211	500960918
scaff_group012	NW_020139540.1	1211	500962129
scaff_group012	NW_020139541.1	1211	500963340
scaff_group012	NW_020139542.1	1210	500964550
scaff_group012	NW_020139543.1	1210	500965760
scaff_group012	NW_020139544.1	1210	500966970
scaff_group012	NW_020139545.1	1210	500968180
scaff_group012	NW_020139546.1	1210	500969390
scaff_group012	NW_020139547.1	1210	500970600
scaff_group012	NW_020139548.1	1210	500971810
scaff_group012	NW_020139549.1	1210	500973020
scaff_group012	NW_020139550.1	1210	500974230
scaff_group012	NW_020139551.1	1210	500975440
scaff_group012	NW_020139552.1	1210	500976650
scaff_group012	NW_020139553.1	1210	500977860
scaff_group012	NW_020139554.1	1210	500979070
scaff_group012	NW_020139555.1	1210	500980280
scaff_group012	NW_020139556.1	1210	500981490
scaff_group012	NW_020139557.1	1210	500982700
scaff_group012	NW_020139558.1	1209	500983909
scaff_group012	NW_020139559.1	1209	500985118
scaff_group012	NW_020139560.1	1209	500986327
scaff_group012	NW_020139561.1	1209	500987536
scaff_group012	NW_020139562.1	1209	500988745
scaff_group012	NW_020139563.1	1209	500989954
scaff_group012	NW_020139564.1	1209	500991163
scaff_group012	NW_020139565.1	1209	500992372
scaff_group012	NW_020139566.1	1209	500993581
scaff_group012	NW_020139567.1	1209	500994790
scaff_group012	NW_020139568.1	1209	500995999
scaff_group012	NW_020139569.1	1209	500997208
scaff_group012	NW_020139570.1	1208	500998416
scaff_group012	NW_020139571.1	1208	500999624
scaff_group012	NW_020139572.1	1208	501000832
scaff_group012	NW_020139573.1	1208	501002040
scaff_group012	NW_020139574.1	1208	501003248
scaff_group012	NW_020139575.1	1208	501004456
scaff_group012	NW_020139576.1	1208	501005664
scaff_group012	NW_020139577.1	1208	501006872
scaff_group012	NW_020139578.1	1208	501008080
scaff_group012	NW_020139579.1	1208	501009288
scaff_group012	NW_020139580.1	1208	501010496
scaff_group012	NW_020139581.1	1208	501011704
scaff_group012	NW_020139582.1	1208	501012912
scaff_group012	NW_020139583.1	1207	501014119
scaff_group012	NW_020139584.1	1207	501015326
scaff_group012	NW_020139585.1	1207	501016533
scaff_group012	NW_020139586.1	1207	501017740
scaff_group012	NW_020139587.1	1207	501018947
scaff_group012	NW_020139588.1	1207	501020154
scaff_group012	NW_020139589.1	1206	501021360
scaff_group012	NW_020139590.1	1206	501022566
scaff_group012	NW_020139591.1	1206	501023772
scaff_group012	NW_020139592.1	1206	501024978
scaff_group012	NW_020139593.1	1206	501026184
scaff_group012	NW_020139594.1	1206	501027390
scaff_group012	NW_020139595.1	1206	501028596
scaff_group012	NW_020139596.1	1206	501029802
scaff_group012	NW_020139597.1	1206	501031008
scaff_group012	NW_020139598.1	1205	501032213
scaff_group012	NW_020139599.1	1205	501033418
scaff_group012	NW_020139600.1	1205	501034623
scaff_group012	NW_020139601.1	1205	501035828
scaff_group012	NW_020139602.1	1205	501037033
scaff_group012	NW_020139603.1	1205	501038238
scaff_group012	NW_020139604.1	1205	501039443
scaff_group012	NW_020139605.1	1205	501040648
scaff_group012	NW_020139606.1	1205	501041853
scaff_group012	NW_020139607.1	1205	501043058
scaff_group012	NW_020139608.1	1205	501044263
scaff_group012	NW_020139609.1	1204	501045467
scaff_group012	NW_020139610.1	1204	501046671
scaff_group012	NW_020139611.1	1204	501047875
scaff_group012	NW_020139612.1	1204	501049079
scaff_group012	NW_020139613.1	1204	501050283
scaff_group012	NW_020139614.1	1204	501051487
scaff_group012	NW_020139615.1	1204	501052691
scaff_group012	NW_020139616.1	1204	501053895
scaff_group012	NW_020139617.1	1204	501055099
scaff_group012	NW_020139618.1	1204	501056303
scaff_group012	NW_020139619.1	1204	501057507
scaff_group012	NW_020139620.1	1204	501058711
scaff_group012	NW_020139621.1	1204	501059915
scaff_group012	NW_020139622.1	1203	501061118
scaff_group012	NW_020139623.1	1203	501062321
scaff_group012	NW_020139624.1	1203	501063524
scaff_group012	NW_020139625.1	1203	501064727
scaff_group012	NW_020139626.1	1203	501065930
scaff_group012	NW_020139627.1	1203	501067133
scaff_group012	NW_020139628.1	1203	501068336
scaff_group012	NW_020139629.1	1203	501069539
scaff_group012	NW_020139630.1	1203	501070742
scaff_group012	NW_020139631.1	1202	501071944
scaff_group012	NW_020139632.1	1202	501073146
scaff_group012	NW_020139633.1	1202	501074348
scaff_group012	NW_020139634.1	1202	501075550
scaff_group012	NW_020139635.1	1202	501076752
scaff_group012	NW_020139636.1	1202	501077954
scaff_group012	NW_020139637.1	1202	501079156
scaff_group012	NW_020139638.1	1202	501080358
scaff_group012	NW_020139639.1	1202	501081560
scaff_group012	NW_020139640.1	1202	501082762
scaff_group012	NW_020139641.1	1202	501083964
scaff_group012	NW_020139642.1	1202	501085166
scaff_group012	NW_020139643.1	1201	501086367
scaff_group012	NW_020139644.1	1201	501087568
scaff_group012	NW_020139645.1	1201	501088769
scaff_group012	NW_020139646.1	1201	501089970
scaff_group012	NW_020139647.1	1201	501091171
scaff_group012	NW_020139648.1	1201	501092372
scaff_group012	NW_020139649.1	1201	501093573
scaff_group012	NW_020139650.1	1201	501094774
scaff_group012	NW_020139651.1	1200	501095974
scaff_group012	NW_020139652.1	1200	501097174
scaff_group012	NW_020139653.1	1200	501098374
scaff_group012	NW_020139654.1	1200	501099574
scaff_group012	NW_020139655.1	1200	501100774
scaff_group012	NW_020139656.1	1200	501101974
scaff_group012	NW_020139657.1	1199	501103173
scaff_group012	NW_020139658.1	1199	501104372
scaff_group012	NW_020139659.1	1199	501105571
scaff_group012	NW_020139660.1	1199	501106770
scaff_group012	NW_020139661.1	1199	501107969
scaff_group012	NW_020139662.1	1199	501109168
scaff_group012	NW_020139663.1	1199	501110367
scaff_group012	NW_020139664.1	1199	501111566
scaff_group012	NW_020139665.1	1199	501112765
scaff_group012	NW_020139666.1	1198	501113963
scaff_group012	NW_020139667.1	1198	501115161
scaff_group012	NW_020139668.1	1198	501116359
scaff_group012	NW_020139669.1	1198	501117557
scaff_group012	NW_020139670.1	1198	501118755
scaff_group012	NW_020139671.1	1198	501119953
scaff_group012	NW_020139672.1	1198	501121151
scaff_group012	NW_020139673.1	1198	501122349
scaff_group012	NW_020139674.1	1198	501123547
scaff_group012	NW_020139675.1	1198	501124745
scaff_group012	NW_020139676.1	1197	501125942
scaff_group012	NW_020139677.1	1197	501127139
scaff_group012	NW_020139678.1	1197	501128336
scaff_group012	NW_020139679.1	1197	501129533
scaff_group012	NW_020139680.1	1197	501130730
scaff_group012	NW_020139681.1	1197	501131927
scaff_group012	NW_020139682.1	1197	501133124
scaff_group012	NW_020139683.1	1197	501134321
scaff_group012	NW_020139684.1	1197	501135518
scaff_group012	NW_020139685.1	1197	501136715
scaff_group012	NW_020139686.1	1197	501137912
scaff_group012	NW_020139687.1	1196	501139108
scaff_group012	NW_020139688.1	1196	501140304
scaff_group012	NW_020139689.1	1196	501141500
scaff_group012	NW_020139690.1	1196	501142696
scaff_group012	NW_020139691.1	1196	501143892
scaff_group012	NW_020139692.1	1196	501145088
scaff_group012	NW_020139693.1	1196	501146284
scaff_group012	NW_020139694.1	1195	501147479
scaff_group012	NW_020139695.1	1195	501148674
scaff_group012	NW_020139696.1	1195	501149869
scaff_group012	NW_020139697.1	1195	501151064
scaff_group012	NW_020139698.1	1195	501152259
scaff_group012	NW_020139699.1	1195	501153454
scaff_group012	NW_020139700.1	1195	501154649
scaff_group012	NW_020139701.1	1195	501155844
scaff_group012	NW_020139702.1	1195	501157039
scaff_group012	NW_020139703.1	1195	501158234
scaff_group012	NW_020139704.1	1195	501159429
scaff_group012	NW_020139705.1	1195	501160624
scaff_group012	NW_020139706.1	1195	501161819
scaff_group012	NW_020139707.1	1195	501163014
scaff_group012	NW_020139708.1	1194	501164208
scaff_group012	NW_020139709.1	1194	501165402
scaff_group012	NW_020139710.1	1194	501166596
scaff_group012	NW_020139711.1	1194	501167790
scaff_group012	NW_020139712.1	1194	501168984
scaff_group012	NW_020139713.1	1194	501170178
scaff_group012	NW_020139714.1	1194	501171372
scaff_group012	NW_020139715.1	1194	501172566
scaff_group012	NW_020139716.1	1194	501173760
scaff_group012	NW_020139717.1	1194	501174954
scaff_group012	NW_020139718.1	1194	501176148
scaff_group012	NW_020139719.1	1194	501177342
scaff_group012	NW_020139720.1	1194	501178536
scaff_group012	NW_020139721.1	1193	501179729
scaff_group012	NW_020139722.1	1193	501180922
scaff_group012	NW_020139723.1	1193	501182115
scaff_group012	NW_020139724.1	1193	501183308
scaff_group012	NW_020139725.1	1193	501184501
scaff_group012	NW_020139726.1	1193	501185694
scaff_group012	NW_020139727.1	1193	501186887
scaff_group012	NW_020139728.1	1193	501188080
scaff_group012	NW_020139729.1	1192	501189272
scaff_group012	NW_020139730.1	1192	501190464
scaff_group012	NW_020139731.1	1192	501191656
scaff_group012	NW_020139732.1	1192	501192848
scaff_group012	NW_020139733.1	1192	501194040
scaff_group012	NW_020139734.1	1192	501195232
scaff_group012	NW_020139735.1	1192	501196424
scaff_group012	NW_020139736.1	1192	501197616
scaff_group012	NW_020139737.1	1192	501198808
scaff_group012	NW_020139738.1	1191	501199999
scaff_group012	NW_020139739.1	1191	501201190
scaff_group012	NW_020139740.1	1191	501202381
scaff_group012	NW_020139741.1	1191	501203572
scaff_group012	NW_020139742.1	1191	501204763
scaff_group012	NW_020139743.1	1191	501205954
scaff_group012	NW_020139744.1	1191	501207145
scaff_group012	NW_020139745.1	1191	501208336
scaff_group012	NW_020139746.1	1191	501209527
scaff_group012	NW_020139747.1	1191	501210718
scaff_group012	NW_020139748.1	1191	501211909
scaff_group012	NW_020139749.1	1191	501213100
scaff_group012	NW_020139750.1	1191	501214291
scaff_group012	NW_020139751.1	1191	501215482
scaff_group012	NW_020139752.1	1191	501216673
scaff_group012	NW_020139753.1	1191	501217864
scaff_group012	NW_020139754.1	1191	501219055
scaff_group012	NW_020139755.1	1191	501220246
scaff_group012	NW_020139756.1	1190	501221436
scaff_group012	NW_020139757.1	1190	501222626
scaff_group012	NW_020139758.1	1190	501223816
scaff_group012	NW_020139759.1	1190	501225006
scaff_group012	NW_020139760.1	1190	501226196
scaff_group012	NW_020139761.1	1190	501227386
scaff_group012	NW_020139762.1	1190	501228576
scaff_group012	NW_020139763.1	1189	501229765
scaff_group012	NW_020139764.1	1189	501230954
scaff_group012	NW_020139765.1	1189	501232143
scaff_group012	NW_020139766.1	1189	501233332
scaff_group012	NW_020139767.1	1189	501234521
scaff_group012	NW_020139768.1	1189	501235710
scaff_group012	NW_020139769.1	1189	501236899
scaff_group012	NW_020139770.1	1189	501238088
scaff_group012	NW_020139771.1	1189	501239277
scaff_group012	NW_020139772.1	1189	501240466
scaff_group012	NW_020139773.1	1189	501241655
scaff_group012	NW_020139774.1	1189	501242844
scaff_group012	NW_020139775.1	1189	501244033
scaff_group012	NW_020139776.1	1189	501245222
scaff_group012	NW_020139777.1	1188	501246410
scaff_group012	NW_020139778.1	1188	501247598
scaff_group012	NW_020139779.1	1188	501248786
scaff_group012	NW_020139780.1	1188	501249974
scaff_group012	NW_020139781.1	1188	501251162
scaff_group012	NW_020139782.1	1188	501252350
scaff_group012	NW_020139783.1	1188	501253538
scaff_group012	NW_020139784.1	1188	501254726
scaff_group012	NW_020139785.1	1188	501255914
scaff_group012	NW_020139786.1	1188	501257102
scaff_group012	NW_020139787.1	1188	501258290
scaff_group012	NW_020139788.1	1187	501259477
scaff_group012	NW_020139789.1	1187	501260664
scaff_group012	NW_020139790.1	1187	501261851
scaff_group012	NW_020139791.1	1187	501263038
scaff_group012	NW_020139792.1	1187	501264225
scaff_group012	NW_020139793.1	1187	501265412
scaff_group012	NW_020139794.1	1187	501266599
scaff_group012	NW_020139795.1	1187	501267786
scaff_group012	NW_020139796.1	1187	501268973
scaff_group012	NW_020139797.1	1187	501270160
scaff_group012	NW_020139798.1	1187	501271347
scaff_group012	NW_020139799.1	1187	501272534
scaff_group012	NW_020139800.1	1187	501273721
scaff_group012	NW_020139801.1	1187	501274908
scaff_group012	NW_020139802.1	1186	501276094
scaff_group012	NW_020139803.1	1186	501277280
scaff_group012	NW_020139804.1	1186	501278466
scaff_group012	NW_020139805.1	1186	501279652
scaff_group012	NW_020139806.1	1186	501280838
scaff_group012	NW_020139807.1	1186	501282024
scaff_group012	NW_020139808.1	1186	501283210
scaff_group012	NW_020139809.1	1186	501284396
scaff_group012	NW_020139810.1	1186	501285582
scaff_group012	NW_020139811.1	1186	501286768
scaff_group012	NW_020139812.1	1185	501287953
scaff_group012	NW_020139813.1	1185	501289138
scaff_group012	NW_020139814.1	1185	501290323
scaff_group012	NW_020139815.1	1185	501291508
scaff_group012	NW_020139816.1	1185	501292693
scaff_group012	NW_020139817.1	1185	501293878
scaff_group012	NW_020139818.1	1185	501295063
scaff_group012	NW_020139819.1	1185	501296248
scaff_group012	NW_020139820.1	1185	501297433
scaff_group012	NW_020139821.1	1184	501298617
scaff_group012	NW_020139822.1	1184	501299801
scaff_group012	NW_020139823.1	1184	501300985
scaff_group012	NW_020139824.1	1184	501302169
scaff_group012	NW_020139825.1	1184	501303353
scaff_group012	NW_020139826.1	1184	501304537
scaff_group012	NW_020139827.1	1184	501305721
scaff_group012	NW_020139828.1	1184	501306905
scaff_group012	NW_020139829.1	1184	501308089
scaff_group012	NW_020139830.1	1184	501309273
scaff_group012	NW_020139831.1	1184	501310457
scaff_group012	NW_020139832.1	1183	501311640
scaff_group012	NW_020139833.1	1183	501312823
scaff_group012	NW_020139834.1	1183	501314006
scaff_group012	NW_020139835.1	1183	501315189
scaff_group012	NW_020139836.1	1183	501316372
scaff_group012	NW_020139837.1	1183	501317555
scaff_group012	NW_020139838.1	1183	501318738
scaff_group012	NW_020139839.1	1183	501319921
scaff_group012	NW_020139840.1	1183	501321104
scaff_group012	NW_020139841.1	1183	501322287
scaff_group012	NW_020139842.1	1182	501323469
scaff_group012	NW_020139843.1	1182	501324651
scaff_group012	NW_020139844.1	1182	501325833
scaff_group012	NW_020139845.1	1182	501327015
scaff_group012	NW_020139846.1	1182	501328197
scaff_group012	NW_020139847.1	1182	501329379
scaff_group012	NW_020139848.1	1182	501330561
scaff_group012	NW_020139849.1	1181	501331742
scaff_group012	NW_020139850.1	1181	501332923
scaff_group012	NW_020139851.1	1181	501334104
scaff_group012	NW_020139852.1	1181	501335285
scaff_group012	NW_020139853.1	1181	501336466
scaff_group012	NW_020139854.1	1181	501337647
scaff_group012	NW_020139855.1	1181	501338828
scaff_group012	NW_020139856.1	1181	501340009
scaff_group012	NW_020139857.1	1181	501341190
scaff_group012	NW_020139858.1	1181	501342371
scaff_group012	NW_020139859.1	1181	501343552
scaff_group012	NW_020139860.1	1181	501344733
scaff_group012	NW_020139861.1	1181	501345914
scaff_group012	NW_020139862.1	1181	501347095
scaff_group012	NW_020139863.1	1181	501348276
scaff_group012	NW_020139864.1	1181	501349457
scaff_group012	NW_020139865.1	1181	501350638
scaff_group012	NW_020139866.1	1180	501351818
scaff_group012	NW_020139867.1	1180	501352998
scaff_group012	NW_020139868.1	1180	501354178
scaff_group012	NW_020139869.1	1180	501355358
scaff_group012	NW_020139870.1	1180	501356538
scaff_group012	NW_020139871.1	1180	501357718
scaff_group012	NW_020139872.1	1180	501358898
scaff_group012	NW_020139873.1	1179	501360077
scaff_group012	NW_020139874.1	1179	501361256
scaff_group012	NW_020139875.1	1179	501362435
scaff_group012	NW_020139876.1	1179	501363614
scaff_group012	NW_020139877.1	1179	501364793
scaff_group012	NW_020139878.1	1179	501365972
scaff_group012	NW_020139879.1	1179	501367151
scaff_group012	NW_020139880.1	1179	501368330
scaff_group012	NW_020139881.1	1179	501369509
scaff_group012	NW_020139882.1	1179	501370688
scaff_group012	NW_020139883.1	1179	501371867
scaff_group012	NW_020139884.1	1179	501373046
scaff_group012	NW_020139885.1	1179	501374225
scaff_group012	NW_020139886.1	1179	501375404
scaff_group012	NW_020139887.1	1179	501376583
scaff_group012	NW_020139888.1	1179	501377762
scaff_group012	NW_020139889.1	1178	501378940
scaff_group012	NW_020139890.1	1178	501380118
scaff_group012	NW_020139891.1	1178	501381296
scaff_group012	NW_020139892.1	1178	501382474
scaff_group012	NW_020139893.1	1178	501383652
scaff_group012	NW_020139894.1	1178	501384830
scaff_group012	NW_020139895.1	1178	501386008
scaff_group012	NW_020139896.1	1178	501387186
scaff_group012	NW_020139897.1	1178	501388364
scaff_group012	NW_020139898.1	1178	501389542
scaff_group012	NW_020139899.1	1178	501390720
scaff_group012	NW_020139900.1	1178	501391898
scaff_group012	NW_020139901.1	1178	501393076
scaff_group012	NW_020139902.1	1177	501394253
scaff_group012	NW_020139903.1	1177	501395430
scaff_group012	NW_020139904.1	1177	501396607
scaff_group012	NW_020139905.1	1177	501397784
scaff_group012	NW_020139906.1	1177	501398961
scaff_group012	NW_020139907.1	1177	501400138
scaff_group012	NW_020139908.1	1177	501401315
scaff_group012	NW_020139909.1	1177	501402492
scaff_group012	NW_020139910.1	1177	501403669
scaff_group012	NW_020139911.1	1177	501404846
scaff_group012	NW_020139912.1	1177	501406023
scaff_group012	NW_020139913.1	1177	501407200
scaff_group012	NW_020139914.1	1177	501408377
scaff_group012	NW_020139915.1	1176	501409553
scaff_group012	NW_020139916.1	1176	501410729
scaff_group012	NW_020139917.1	1176	501411905
scaff_group012	NW_020139918.1	1176	501413081
scaff_group012	NW_020139919.1	1176	501414257
scaff_group012	NW_020139920.1	1176	501415433
scaff_group012	NW_020139921.1	1176	501416609
scaff_group012	NW_020139922.1	1175	501417784
scaff_group012	NW_020139923.1	1175	501418959
scaff_group012	NW_020139924.1	1175	501420134
scaff_group012	NW_020139925.1	1175	501421309
scaff_group012	NW_020139926.1	1175	501422484
scaff_group012	NW_020139927.1	1175	501423659
scaff_group012	NW_020139928.1	1175	501424834
scaff_group012	NW_020139929.1	1175	501426009
scaff_group012	NW_020139930.1	1175	501427184
scaff_group012	NW_020139931.1	1175	501428359
scaff_group012	NW_020139932.1	1175	501429534
scaff_group012	NW_020139933.1	1175	501430709
scaff_group012	NW_020139934.1	1175	501431884
scaff_group012	NW_020139935.1	1175	501433059
scaff_group012	NW_020139936.1	1175	501434234
scaff_group012	NW_020139937.1	1175	501435409
scaff_group012	NW_020139938.1	1174	501436583
scaff_group012	NW_020139939.1	1174	501437757
scaff_group012	NW_020139940.1	1174	501438931
scaff_group012	NW_020139941.1	1174	501440105
scaff_group012	NW_020139942.1	1174	501441279
scaff_group012	NW_020139943.1	1173	501442452
scaff_group012	NW_020139944.1	1173	501443625
scaff_group012	NW_020139945.1	1173	501444798
scaff_group012	NW_020139946.1	1173	501445971
scaff_group012	NW_020139947.1	1173	501447144
scaff_group012	NW_020139948.1	1173	501448317
scaff_group012	NW_020139949.1	1173	501449490
scaff_group012	NW_020139950.1	1173	501450663
scaff_group012	NW_020139951.1	1173	501451836
scaff_group012	NW_020139952.1	1173	501453009
scaff_group012	NW_020139953.1	1173	501454182
scaff_group012	NW_020139954.1	1172	501455354
scaff_group012	NW_020139955.1	1172	501456526
scaff_group012	NW_020139956.1	1172	501457698
scaff_group012	NW_020139957.1	1172	501458870
scaff_group012	NW_020139958.1	1172	501460042
scaff_group012	NW_020139959.1	1172	501461214
scaff_group012	NW_020139960.1	1172	501462386
scaff_group012	NW_020139961.1	1172	501463558
scaff_group012	NW_020139962.1	1172	501464730
scaff_group012	NW_020139963.1	1172	501465902
scaff_group012	NW_020139964.1	1172	501467074
scaff_group012	NW_020139965.1	1171	501468245
scaff_group012	NW_020139966.1	1171	501469416
scaff_group012	NW_020139967.1	1171	501470587
scaff_group012	NW_020139968.1	1171	501471758
scaff_group012	NW_020139969.1	1171	501472929
scaff_group012	NW_020139970.1	1171	501474100
scaff_group012	NW_020139971.1	1171	501475271
scaff_group012	NW_020139972.1	1171	501476442
scaff_group012	NW_020139973.1	1171	501477613
scaff_group012	NW_020139974.1	1170	501478783
scaff_group012	NW_020139975.1	1170	501479953
scaff_group012	NW_020139976.1	1170	501481123
scaff_group012	NW_020139977.1	1170	501482293
scaff_group012	NW_020139978.1	1170	501483463
scaff_group012	NW_020139979.1	1170	501484633
scaff_group012	NW_020139980.1	1170	501485803
scaff_group012	NW_020139981.1	1170	501486973
scaff_group012	NW_020139982.1	1170	501488143
scaff_group012	NW_020139983.1	1170	501489313
scaff_group012	NW_020139984.1	1169	501490482
scaff_group012	NW_020139985.1	1169	501491651
scaff_group012	NW_020139986.1	1169	501492820
scaff_group012	NW_020139987.1	1169	501493989
scaff_group012	NW_020139988.1	1169	501495158
scaff_group012	NW_020139989.1	1169	501496327
scaff_group012	NW_020139990.1	1169	501497496
scaff_group012	NW_020139991.1	1168	501498664
scaff_group012	NW_020139992.1	1168	501499832
scaff_group012	NW_020139993.1	1168	501501000
scaff_group012	NW_020139994.1	1168	501502168
scaff_group012	NW_020139995.1	1167	501503335
scaff_group012	NW_020139996.1	1167	501504502
scaff_group012	NW_020139997.1	1167	501505669
scaff_group012	NW_020139998.1	1167	501506836
scaff_group012	NW_020139999.1	1167	501508003
scaff_group012	NW_020140000.1	1167	501509170
scaff_group012	NW_020140001.1	1167	501510337
scaff_group012	NW_020140002.1	1167	501511504
scaff_group012	NW_020140003.1	1167	501512671
scaff_group012	NW_020140004.1	1167	501513838
scaff_group012	NW_020140005.1	1167	501515005
scaff_group012	NW_020140006.1	1167	501516172
scaff_group012	NW_020140007.1	1167	501517339
scaff_group012	NW_020140008.1	1166	501518505
scaff_group012	NW_020140009.1	1166	501519671
scaff_group012	NW_020140010.1	1166	501520837
scaff_group012	NW_020140011.1	1166	501522003
scaff_group012	NW_020140012.1	1166	501523169
scaff_group012	NW_020140013.1	1166	501524335
scaff_group012	NW_020140014.1	1166	501525501
scaff_group012	NW_020140015.1	1166	501526667
scaff_group012	NW_020140016.1	1166	501527833
scaff_group012	NW_020140017.1	1166	501528999
scaff_group012	NW_020140018.1	1166	501530165
scaff_group012	NW_020140019.1	1165	501531330
scaff_group012	NW_020140020.1	1165	501532495
scaff_group012	NW_020140021.1	1165	501533660
scaff_group012	NW_020140022.1	1165	501534825
scaff_group012	NW_020140023.1	1165	501535990
scaff_group012	NW_020140024.1	1165	501537155
scaff_group012	NW_020140025.1	1165	501538320
scaff_group012	NW_020140026.1	1165	501539485
scaff_group012	NW_020140027.1	1165	501540650
scaff_group012	NW_020140028.1	1165	501541815
scaff_group012	NW_020140029.1	1164	501542979
scaff_group012	NW_020140030.1	1164	501544143
scaff_group012	NW_020140031.1	1164	501545307
scaff_group012	NW_020140032.1	1164	501546471
scaff_group012	NW_020140033.1	1164	501547635
scaff_group012	NW_020140034.1	1164	501548799
scaff_group012	NW_020140035.1	1164	501549963
scaff_group012	NW_020140036.1	1164	501551127
scaff_group012	NW_020140037.1	1164	501552291
scaff_group012	NW_020140038.1	1164	501553455
scaff_group012	NW_020140039.1	1164	501554619
scaff_group012	NW_020140040.1	1163	501555782
scaff_group012	NW_020140041.1	1163	501556945
scaff_group012	NW_020140042.1	1163	501558108
scaff_group012	NW_020140043.1	1163	501559271
scaff_group012	NW_020140044.1	1163	501560434
scaff_group012	NW_020140045.1	1163	501561597
scaff_group012	NW_020140046.1	1163	501562760
scaff_group012	NW_020140047.1	1163	501563923
scaff_group012	NW_020140048.1	1163	501565086
scaff_group012	NW_020140049.1	1163	501566249
scaff_group012	NW_020140050.1	1163	501567412
scaff_group012	NW_020140051.1	1163	501568575
scaff_group012	NW_020140052.1	1163	501569738
scaff_group012	NW_020140053.1	1162	501570900
scaff_group012	NW_020140054.1	1162	501572062
scaff_group012	NW_020140055.1	1162	501573224
scaff_group012	NW_020140056.1	1162	501574386
scaff_group012	NW_020140057.1	1162	501575548
scaff_group012	NW_020140058.1	1162	501576710
scaff_group012	NW_020140059.1	1162	501577872
scaff_group012	NW_020140060.1	1162	501579034
scaff_group012	NW_020140061.1	1162	501580196
scaff_group012	NW_020140062.1	1162	501581358
scaff_group012	NW_020140063.1	1162	501582520
scaff_group012	NW_020140064.1	1161	501583681
scaff_group012	NW_020140065.1	1161	501584842
scaff_group012	NW_020140066.1	1161	501586003
scaff_group012	NW_020140067.1	1161	501587164
scaff_group012	NW_020140068.1	1161	501588325
scaff_group012	NW_020140069.1	1161	501589486
scaff_group012	NW_020140070.1	1161	501590647
scaff_group012	NW_020140071.1	1161	501591808
scaff_group012	NW_020140072.1	1161	501592969
scaff_group012	NW_020140073.1	1161	501594130
scaff_group012	NW_020140074.1	1161	501595291
scaff_group012	NW_020140075.1	1160	501596451
scaff_group012	NW_020140076.1	1160	501597611
scaff_group012	NW_020140077.1	1160	501598771
scaff_group012	NW_020140078.1	1160	501599931
scaff_group012	NW_020140079.1	1160	501601091
scaff_group012	NW_020140080.1	1160	501602251
scaff_group012	NW_020140081.1	1160	501603411
scaff_group012	NW_020140082.1	1160	501604571
scaff_group012	NW_020140083.1	1160	501605731
scaff_group012	NW_020140084.1	1160	501606891
scaff_group012	NW_020140085.1	1160	501608051
scaff_group012	NW_020140086.1	1160	501609211
scaff_group012	NW_020140087.1	1159	501610370
scaff_group012	NW_020140088.1	1159	501611529
scaff_group012	NW_020140089.1	1159	501612688
scaff_group012	NW_020140090.1	1159	501613847
scaff_group012	NW_020140091.1	1159	501615006
scaff_group012	NW_020140092.1	1159	501616165
scaff_group012	NW_020140093.1	1159	501617324
scaff_group012	NW_020140094.1	1159	501618483
scaff_group012	NW_020140095.1	1159	501619642
scaff_group012	NW_020140096.1	1159	501620801
scaff_group012	NW_020140097.1	1159	501621960
scaff_group012	NW_020140098.1	1159	501623119
scaff_group012	NW_020140099.1	1159	501624278
scaff_group012	NW_020140100.1	1159	501625437
scaff_group012	NW_020140101.1	1158	501626595
scaff_group012	NW_020140102.1	1158	501627753
scaff_group012	NW_020140103.1	1158	501628911
scaff_group012	NW_020140104.1	1158	501630069
scaff_group012	NW_020140105.1	1158	501631227
scaff_group012	NW_020140106.1	1158	501632385
scaff_group012	NW_020140107.1	1158	501633543
scaff_group012	NW_020140108.1	1158	501634701
scaff_group012	NW_020140109.1	1158	501635859
scaff_group012	NW_020140110.1	1158	501637017
scaff_group012	NW_020140111.1	1158	501638175
scaff_group012	NW_020140112.1	1158	501639333
scaff_group012	NW_020140113.1	1158	501640491
scaff_group012	NW_020140114.1	1157	501641648
scaff_group012	NW_020140115.1	1157	501642805
scaff_group012	NW_020140116.1	1157	501643962
scaff_group012	NW_020140117.1	1157	501645119
scaff_group012	NW_020140118.1	1157	501646276
scaff_group012	NW_020140119.1	1157	501647433
scaff_group012	NW_020140120.1	1157	501648590
scaff_group012	NW_020140121.1	1157	501649747
scaff_group012	NW_020140122.1	1157	501650904
scaff_group012	NW_020140123.1	1157	501652061
scaff_group012	NW_020140124.1	1156	501653217
scaff_group012	NW_020140125.1	1156	501654373
scaff_group012	NW_020140126.1	1156	501655529
scaff_group012	NW_020140127.1	1156	501656685
scaff_group012	NW_020140128.1	1156	501657841
scaff_group012	NW_020140129.1	1156	501658997
scaff_group012	NW_020140130.1	1156	501660153
scaff_group012	NW_020140131.1	1156	501661309
scaff_group012	NW_020140132.1	1156	501662465
scaff_group012	NW_020140133.1	1155	501663620
scaff_group012	NW_020140134.1	1155	501664775
scaff_group012	NW_020140135.1	1155	501665930
scaff_group012	NW_020140136.1	1155	501667085
scaff_group012	NW_020140137.1	1155	501668240
scaff_group012	NW_020140138.1	1155	501669395
scaff_group012	NW_020140139.1	1155	501670550
scaff_group012	NW_020140140.1	1155	501671705
scaff_group012	NW_020140141.1	1154	501672859
scaff_group012	NW_020140142.1	1154	501674013
scaff_group012	NW_020140143.1	1154	501675167
scaff_group012	NW_020140144.1	1154	501676321
scaff_group012	NW_020140145.1	1154	501677475
scaff_group012	NW_020140146.1	1154	501678629
scaff_group012	NW_020140147.1	1154	501679783
scaff_group012	NW_020140148.1	1154	501680937
scaff_group012	NW_020140149.1	1154	501682091
scaff_group012	NW_020140150.1	1154	501683245
scaff_group012	NW_020140151.1	1154	501684399
scaff_group012	NW_020140152.1	1154	501685553
scaff_group012	NW_020140153.1	1154	501686707
scaff_group012	NW_020140154.1	1153	501687860
scaff_group012	NW_020140155.1	1153	501689013
scaff_group012	NW_020140156.1	1153	501690166
scaff_group012	NW_020140157.1	1153	501691319
scaff_group012	NW_020140158.1	1153	501692472
scaff_group012	NW_020140159.1	1153	501693625
scaff_group012	NW_020140160.1	1153	501694778
scaff_group012	NW_020140161.1	1153	501695931
scaff_group012	NW_020140162.1	1153	501697084
scaff_group012	NW_020140163.1	1153	501698237
scaff_group012	NW_020140164.1	1153	501699390
scaff_group012	NW_020140165.1	1153	501700543
scaff_group012	NW_020140166.1	1153	501701696
scaff_group012	NW_020140167.1	1152	501702848
scaff_group012	NW_020140168.1	1152	501704000
scaff_group012	NW_020140169.1	1152	501705152
scaff_group012	NW_020140170.1	1152	501706304
scaff_group012	NW_020140171.1	1152	501707456
scaff_group012	NW_020140172.1	1152	501708608
scaff_group012	NW_020140173.1	1152	501709760
scaff_group012	NW_020140174.1	1152	501710912
scaff_group012	NW_020140175.1	1152	501712064
scaff_group012	NW_020140176.1	1152	501713216
scaff_group012	NW_020140177.1	1152	501714368
scaff_group012	NW_020140178.1	1152	501715520
scaff_group012	NW_020140179.1	1152	501716672
scaff_group012	NW_020140180.1	1151	501717823
scaff_group012	NW_020140181.1	1151	501718974
scaff_group012	NW_020140182.1	1151	501720125
scaff_group012	NW_020140183.1	1151	501721276
scaff_group012	NW_020140184.1	1151	501722427
scaff_group012	NW_020140185.1	1151	501723578
scaff_group012	NW_020140186.1	1151	501724729
scaff_group012	NW_020140187.1	1150	501725879
scaff_group012	NW_020140188.1	1150	501727029
scaff_group012	NW_020140189.1	1150	501728179
scaff_group012	NW_020140190.1	1150	501729329
scaff_group012	NW_020140191.1	1150	501730479
scaff_group012	NW_020140192.1	1150	501731629
scaff_group012	NW_020140193.1	1150	501732779
scaff_group012	NW_020140194.1	1150	501733929
scaff_group012	NW_020140195.1	1150	501735079
scaff_group012	NW_020140196.1	1150	501736229
scaff_group012	NW_020140197.1	1150	501737379
scaff_group012	NW_020140198.1	1150	501738529
scaff_group012	NW_020140199.1	1150	501739679
scaff_group012	NW_020140200.1	1150	501740829
scaff_group012	NW_020140201.1	1150	501741979
scaff_group012	NW_020140202.1	1150	501743129
scaff_group012	NW_020140203.1	1149	501744278
scaff_group012	NW_020140204.1	1149	501745427
scaff_group012	NW_020140205.1	1149	501746576
scaff_group012	NW_020140206.1	1149	501747725
scaff_group012	NW_020140207.1	1149	501748874
scaff_group012	NW_020140208.1	1149	501750023
scaff_group012	NW_020140209.1	1149	501751172
scaff_group012	NW_020140210.1	1149	501752321
scaff_group012	NW_020140211.1	1149	501753470
scaff_group012	NW_020140212.1	1149	501754619
scaff_group012	NW_020140213.1	1148	501755767
scaff_group012	NW_020140214.1	1148	501756915
scaff_group012	NW_020140215.1	1148	501758063
scaff_group012	NW_020140216.1	1148	501759211
scaff_group012	NW_020140217.1	1148	501760359
scaff_group012	NW_020140218.1	1148	501761507
scaff_group012	NW_020140219.1	1148	501762655
scaff_group012	NW_020140220.1	1147	501763802
scaff_group012	NW_020140221.1	1147	501764949
scaff_group012	NW_020140222.1	1147	501766096
scaff_group012	NW_020140223.1	1147	501767243
scaff_group013	NW_020140224.1	1147	501768390
scaff_group013	NW_020140225.1	1147	501769537
scaff_group013	NW_020140226.1	1147	501770684
scaff_group013	NW_020140227.1	1147	501771831
scaff_group013	NW_020140228.1	1147	501772978
scaff_group013	NW_020140229.1	1147	501774125
scaff_group013	NW_020140230.1	1146	501775271
scaff_group013	NW_020140231.1	1146	501776417
scaff_group013	NW_020140232.1	1146	501777563
scaff_group013	NW_020140233.1	1146	501778709
scaff_group013	NW_020140234.1	1146	501779855
scaff_group013	NW_020140235.1	1146	501781001
scaff_group013	NW_020140236.1	1146	501782147
scaff_group013	NW_020140237.1	1146	501783293
scaff_group013	NW_020140238.1	1146	501784439
scaff_group013	NW_020140239.1	1146	501785585
scaff_group013	NW_020140240.1	1146	501786731
scaff_group013	NW_020140241.1	1145	501787876
scaff_group013	NW_020140242.1	1145	501789021
scaff_group013	NW_020140243.1	1145	501790166
scaff_group013	NW_020140244.1	1145	501791311
scaff_group013	NW_020140245.1	1145	501792456
scaff_group013	NW_020140246.1	1145	501793601
scaff_group013	NW_020140247.1	1145	501794746
scaff_group013	NW_020140248.1	1144	501795890
scaff_group013	NW_020140249.1	1144	501797034
scaff_group013	NW_020140250.1	1144	501798178
scaff_group013	NW_020140251.1	1144	501799322
scaff_group013	NW_020140252.1	1144	501800466
scaff_group013	NW_020140253.1	1144	501801610
scaff_group013	NW_020140254.1	1144	501802754
scaff_group013	NW_020140255.1	1143	501803897
scaff_group013	NW_020140256.1	1143	501805040
scaff_group013	NW_020140257.1	1143	501806183
scaff_group013	NW_020140258.1	1143	501807326
scaff_group013	NW_020140259.1	1143	501808469
scaff_group013	NW_020140260.1	1143	501809612
scaff_group013	NW_020140261.1	1143	501810755
scaff_group013	NW_020140262.1	1143	501811898
scaff_group013	NW_020140263.1	1143	501813041
scaff_group013	NW_020140264.1	1143	501814184
scaff_group013	NW_020140265.1	1143	501815327
scaff_group013	NW_020140266.1	1142	501816469
scaff_group013	NW_020140267.1	1142	501817611
scaff_group013	NW_020140268.1	1142	501818753
scaff_group013	NW_020140269.1	1142	501819895
scaff_group013	NW_020140270.1	1142	501821037
scaff_group013	NW_020140271.1	1142	501822179
scaff_group013	NW_020140272.1	1142	501823321
scaff_group013	NW_020140273.1	1142	501824463
scaff_group013	NW_020140274.1	1142	501825605
scaff_group013	NW_020140275.1	1142	501826747
scaff_group013	NW_020140276.1	1142	501827889
scaff_group013	NW_020140277.1	1142	501829031
scaff_group013	NW_020140278.1	1141	501830172
scaff_group013	NW_020140279.1	1141	501831313
scaff_group013	NW_020140280.1	1141	501832454
scaff_group013	NW_020140281.1	1141	501833595
scaff_group013	NW_020140282.1	1141	501834736
scaff_group013	NW_020140283.1	1141	501835877
scaff_group013	NW_020140284.1	1141	501837018
scaff_group013	NW_020140285.1	1141	501838159
scaff_group013	NW_020140286.1	1141	501839300
scaff_group013	NW_020140287.1	1141	501840441
scaff_group013	NW_020140288.1	1140	501841581
scaff_group013	NW_020140289.1	1140	501842721
scaff_group013	NW_020140290.1	1140	501843861
scaff_group013	NW_020140291.1	1140	501845001
scaff_group013	NW_020140292.1	1140	501846141
scaff_group013	NW_020140293.1	1140	501847281
scaff_group013	NW_020140294.1	1140	501848421
scaff_group013	NW_020140295.1	1140	501849561
scaff_group013	NW_020140296.1	1140	501850701
scaff_group013	NW_020140297.1	1140	501851841
scaff_group013	NW_020140298.1	1139	501852980
scaff_group013	NW_020140299.1	1139	501854119
scaff_group013	NW_020140300.1	1139	501855258
scaff_group013	NW_020140301.1	1139	501856397
scaff_group013	NW_020140302.1	1139	501857536
scaff_group013	NW_020140303.1	1139	501858675
scaff_group013	NW_020140304.1	1139	501859814
scaff_group013	NW_020140305.1	1139	501860953
scaff_group013	NW_020140306.1	1138	501862091
scaff_group013	NW_020140307.1	1138	501863229
scaff_group013	NW_020140308.1	1138	501864367
scaff_group013	NW_020140309.1	1138	501865505
scaff_group013	NW_020140310.1	1138	501866643
scaff_group013	NW_020140311.1	1138	501867781
scaff_group013	NW_020140312.1	1138	501868919
scaff_group013	NW_020140313.1	1138	501870057
scaff_group013	NW_020140314.1	1138	501871195
scaff_group013	NW_020140315.1	1138	501872333
scaff_group013	NW_020140316.1	1137	501873470
scaff_group013	NW_020140317.1	1137	501874607
scaff_group013	NW_020140318.1	1137	501875744
scaff_group013	NW_020140319.1	1137	501876881
scaff_group013	NW_020140320.1	1137	501878018
scaff_group013	NW_020140321.1	1137	501879155
scaff_group013	NW_020140322.1	1137	501880292
scaff_group013	NW_020140323.1	1137	501881429
scaff_group013	NW_020140324.1	1137	501882566
scaff_group013	NW_020140325.1	1137	501883703
scaff_group013	NW_020140326.1	1137	501884840
scaff_group013	NW_020140327.1	1137	501885977
scaff_group013	NW_020140328.1	1137	501887114
scaff_group013	NW_020140329.1	1136	501888250
scaff_group013	NW_020140330.1	1136	501889386
scaff_group013	NW_020140331.1	1136	501890522
scaff_group013	NW_020140332.1	1136	501891658
scaff_group013	NW_020140333.1	1136	501892794
scaff_group013	NW_020140334.1	1136	501893930
scaff_group013	NW_020140335.1	1136	501895066
scaff_group013	NW_020140336.1	1136	501896202
scaff_group013	NW_020140337.1	1136	501897338
scaff_group013	NW_020140338.1	1135	501898473
scaff_group013	NW_020140339.1	1135	501899608
scaff_group013	NW_020140340.1	1135	501900743
scaff_group013	NW_020140341.1	1135	501901878
scaff_group013	NW_020140342.1	1135	501903013
scaff_group013	NW_020140343.1	1135	501904148
scaff_group013	NW_020140344.1	1134	501905282
scaff_group013	NW_020140345.1	1134	501906416
scaff_group013	NW_020140346.1	1134	501907550
scaff_group013	NW_020140347.1	1134	501908684
scaff_group013	NW_020140348.1	1134	501909818
scaff_group013	NW_020140349.1	1134	501910952
scaff_group013	NW_020140350.1	1134	501912086
scaff_group013	NW_020140351.1	1134	501913220
scaff_group013	NW_020140352.1	1134	501914354
scaff_group013	NW_020140353.1	1134	501915488
scaff_group013	NW_020140354.1	1134	501916622
scaff_group013	NW_020140355.1	1134	501917756
scaff_group013	NW_020140356.1	1134	501918890
scaff_group013	NW_020140357.1	2156	501921046
scaff_group013	NW_020140358.1	1134	501922180
scaff_group013	NW_020140359.1	1134	501923314
scaff_group013	NW_020140360.1	1134	501924448
scaff_group013	NW_020140361.1	1133	501925581
scaff_group013	NW_020140362.1	1133	501926714
scaff_group013	NW_020140363.1	1133	501927847
scaff_group013	NW_020140364.1	1133	501928980
scaff_group013	NW_020140365.1	1133	501930113
scaff_group013	NW_020140366.1	1133	501931246
scaff_group013	NW_020140367.1	1133	501932379
scaff_group013	NW_020140368.1	1133	501933512
scaff_group013	NW_020140369.1	1133	501934645
scaff_group013	NW_020140370.1	1133	501935778
scaff_group013	NW_020140371.1	1132	501936910
scaff_group013	NW_020140372.1	1132	501938042
scaff_group013	NW_020140373.1	1132	501939174
scaff_group013	NW_020140374.1	1132	501940306
scaff_group013	NW_020140375.1	1132	501941438
scaff_group013	NW_020140376.1	1132	501942570
scaff_group013	NW_020140377.1	1132	501943702
scaff_group013	NW_020140378.1	1132	501944834
scaff_group013	NW_020140379.1	1132	501945966
scaff_group013	NW_020140380.1	1132	501947098
scaff_group013	NW_020140381.1	1132	501948230
scaff_group013	NW_020140382.1	1132	501949362
scaff_group013	NW_020140383.1	1132	501950494
scaff_group013	NW_020140384.1	1132	501951626
scaff_group013	NW_020140385.1	1132	501952758
scaff_group013	NW_020140386.1	1132	501953890
scaff_group013	NW_020140387.1	1131	501955021
scaff_group013	NW_020140388.1	1131	501956152
scaff_group013	NW_020140389.1	1131	501957283
scaff_group013	NW_020140390.1	1131	501958414
scaff_group013	NW_020140391.1	1131	501959545
scaff_group013	NW_020140392.1	1131	501960676
scaff_group013	NW_020140393.1	1131	501961807
scaff_group013	NW_020140394.1	1131	501962938
scaff_group013	NW_020140395.1	1131	501964069
scaff_group013	NW_020140396.1	1131	501965200
scaff_group013	NW_020140397.1	1131	501966331
scaff_group013	NW_020140398.1	1130	501967461
scaff_group013	NW_020140399.1	1130	501968591
scaff_group013	NW_020140400.1	1130	501969721
scaff_group013	NW_020140401.1	1130	501970851
scaff_group013	NW_020140402.1	1130	501971981
scaff_group013	NW_020140403.1	1130	501973111
scaff_group013	NW_020140404.1	1130	501974241
scaff_group013	NW_020140405.1	1130	501975371
scaff_group013	NW_020140406.1	1130	501976501
scaff_group013	NW_020140407.1	1130	501977631
scaff_group013	NW_020140408.1	1130	501978761
scaff_group013	NW_020140409.1	1130	501979891
scaff_group013	NW_020140410.1	1130	501981021
scaff_group013	NW_020140411.1	1130	501982151
scaff_group013	NW_020140412.1	1130	501983281
scaff_group013	NW_020140413.1	1130	501984411
scaff_group013	NW_020140414.1	1129	501985540
scaff_group013	NW_020140415.1	1129	501986669
scaff_group013	NW_020140416.1	1129	501987798
scaff_group013	NW_020140417.1	1129	501988927
scaff_group013	NW_020140418.1	1128	501990055
scaff_group013	NW_020140419.1	1128	501991183
scaff_group013	NW_020140420.1	1128	501992311
scaff_group013	NW_020140421.1	1128	501993439
scaff_group013	NW_020140422.1	1128	501994567
scaff_group013	NW_020140423.1	1128	501995695
scaff_group013	NW_020140424.1	1128	501996823
scaff_group013	NW_020140425.1	1128	501997951
scaff_group013	NW_020140426.1	1128	501999079
scaff_group013	NW_020140427.1	1128	502000207
scaff_group013	NW_020140428.1	1128	502001335
scaff_group013	NW_020140429.1	1127	502002462
scaff_group013	NW_020140430.1	1127	502003589
scaff_group013	NW_020140431.1	1127	502004716
scaff_group013	NW_020140432.1	1127	502005843
scaff_group013	NW_020140433.1	1127	502006970
scaff_group013	NW_020140434.1	1127	502008097
scaff_group013	NW_020140435.1	1126	502009223
scaff_group013	NW_020140436.1	1126	502010349
scaff_group013	NW_020140437.1	1126	502011475
scaff_group013	NW_020140438.1	1126	502012601
scaff_group013	NW_020140439.1	1126	502013727
scaff_group013	NW_020140440.1	1126	502014853
scaff_group013	NW_020140441.1	1125	502015978
scaff_group013	NW_020140442.1	1125	502017103
scaff_group013	NW_020140443.1	1125	502018228
scaff_group013	NW_020140444.1	1125	502019353
scaff_group013	NW_020140445.1	1125	502020478
scaff_group013	NW_020140446.1	1125	502021603
scaff_group013	NW_020140447.1	1125	502022728
scaff_group013	NW_020140448.1	1125	502023853
scaff_group013	NW_020140449.1	1125	502024978
scaff_group013	NW_020140450.1	1125	502026103
scaff_group013	NW_020140451.1	1124	502027227
scaff_group013	NW_020140452.1	1124	502028351
scaff_group013	NW_020140453.1	1124	502029475
scaff_group013	NW_020140454.1	1124	502030599
scaff_group013	NW_020140455.1	1124	502031723
scaff_group013	NW_020140456.1	1124	502032847
scaff_group013	NW_020140457.1	1124	502033971
scaff_group013	NW_020140458.1	1124	502035095
scaff_group013	NW_020140459.1	1124	502036219
scaff_group013	NW_020140460.1	1124	502037343
scaff_group013	NW_020140461.1	1124	502038467
scaff_group013	NW_020140462.1	1124	502039591
scaff_group013	NW_020140463.1	1123	502040714
scaff_group013	NW_020140464.1	1123	502041837
scaff_group013	NW_020140465.1	1123	502042960
scaff_group013	NW_020140466.1	1123	502044083
scaff_group013	NW_020140467.1	1123	502045206
scaff_group013	NW_020140468.1	1123	502046329
scaff_group013	NW_020140469.1	1123	502047452
scaff_group013	NW_020140470.1	1123	502048575
scaff_group013	NW_020140471.1	1123	502049698
scaff_group013	NW_020140472.1	1123	502050821
scaff_group013	NW_020140473.1	1123	502051944
scaff_group013	NW_020140474.1	1123	502053067
scaff_group013	NW_020140475.1	1122	502054189
scaff_group013	NW_020140476.1	1122	502055311
scaff_group013	NW_020140477.1	1122	502056433
scaff_group013	NW_020140478.1	1122	502057555
scaff_group013	NW_020140479.1	1122	502058677
scaff_group013	NW_020140480.1	1122	502059799
scaff_group013	NW_020140481.1	1122	502060921
scaff_group013	NW_020140482.1	1122	502062043
scaff_group013	NW_020140483.1	1122	502063165
scaff_group013	NW_020140484.1	1122	502064287
scaff_group013	NW_020140485.1	1121	502065408
scaff_group013	NW_020140486.1	1121	502066529
scaff_group013	NW_020140487.1	1121	502067650
scaff_group013	NW_020140488.1	1121	502068771
scaff_group013	NW_020140489.1	1121	502069892
scaff_group013	NW_020140490.1	1121	502071013
scaff_group013	NW_020140491.1	1121	502072134
scaff_group013	NW_020140492.1	1121	502073255
scaff_group013	NW_020140493.1	1121	502074376
scaff_group013	NW_020140494.1	1120	502075496
scaff_group013	NW_020140495.1	1120	502076616
scaff_group013	NW_020140496.1	1120	502077736
scaff_group013	NW_020140497.1	1120	502078856
scaff_group013	NW_020140498.1	1120	502079976
scaff_group013	NW_020140499.1	1120	502081096
scaff_group013	NW_020140500.1	1120	502082216
scaff_group013	NW_020140501.1	1120	502083336
scaff_group013	NW_020140502.1	1120	502084456
scaff_group013	NW_020140503.1	1120	502085576
scaff_group013	NW_020140504.1	1120	502086696
scaff_group013	NW_020140505.1	1120	502087816
scaff_group013	NW_020140506.1	1120	502088936
scaff_group013	NW_020140507.1	1120	502090056
scaff_group013	NW_020140508.1	1120	502091176
scaff_group013	NW_020140509.1	1119	502092295
scaff_group013	NW_020140510.1	1119	502093414
scaff_group013	NW_020140511.1	1119	502094533
scaff_group013	NW_020140512.1	1119	502095652
scaff_group013	NW_020140513.1	1119	502096771
scaff_group013	NW_020140514.1	1119	502097890
scaff_group013	NW_020140515.1	1119	502099009
scaff_group013	NW_020140516.1	1119	502100128
scaff_group013	NW_020140517.1	1119	502101247
scaff_group013	NW_020140518.1	1119	502102366
scaff_group013	NW_020140519.1	1118	502103484
scaff_group013	NW_020140520.1	1118	502104602
scaff_group013	NW_020140521.1	1118	502105720
scaff_group013	NW_020140522.1	1118	502106838
scaff_group013	NW_020140523.1	1118	502107956
scaff_group013	NW_020140524.1	1118	502109074
scaff_group013	NW_020140525.1	1118	502110192
scaff_group013	NW_020140526.1	1118	502111310
scaff_group013	NW_020140527.1	1118	502112428
scaff_group013	NW_020140528.1	1118	502113546
scaff_group013	NW_020140529.1	1118	502114664
scaff_group013	NW_020140530.1	1117	502115781
scaff_group013	NW_020140531.1	1117	502116898
scaff_group013	NW_020140532.1	1117	502118015
scaff_group013	NW_020140533.1	1117	502119132
scaff_group013	NW_020140534.1	1117	502120249
scaff_group013	NW_020140535.1	1117	502121366
scaff_group013	NW_020140536.1	1117	502122483
scaff_group013	NW_020140537.1	1117	502123600
scaff_group013	NW_020140538.1	1117	502124717
scaff_group013	NW_020140539.1	1117	502125834
scaff_group013	NW_020140540.1	1117	502126951
scaff_group013	NW_020140541.1	1117	502128068
scaff_group013	NW_020140542.1	1117	502129185
scaff_group013	NW_020140543.1	1117	502130302
scaff_group013	NW_020140544.1	1117	502131419
scaff_group013	NW_020140545.1	1117	502132536
scaff_group013	NW_020140546.1	1117	502133653
scaff_group013	NW_020140547.1	1117	502134770
scaff_group013	NW_020140548.1	1116	502135886
scaff_group013	NW_020140549.1	1116	502137002
scaff_group013	NW_020140550.1	1116	502138118
scaff_group013	NW_020140551.1	1116	502139234
scaff_group013	NW_020140552.1	1116	502140350
scaff_group013	NW_020140553.1	1116	502141466
scaff_group013	NW_020140554.1	1116	502142582
scaff_group013	NW_020140555.1	1116	502143698
scaff_group013	NW_020140556.1	1116	502144814
scaff_group013	NW_020140557.1	1116	502145930
scaff_group013	NW_020140558.1	1116	502147046
scaff_group013	NW_020140559.1	1115	502148161
scaff_group013	NW_020140560.1	1115	502149276
scaff_group013	NW_020140561.1	1115	502150391
scaff_group013	NW_020140562.1	1115	502151506
scaff_group013	NW_020140563.1	1115	502152621
scaff_group013	NW_020140564.1	1115	502153736
scaff_group013	NW_020140565.1	1115	502154851
scaff_group013	NW_020140566.1	1115	502155966
scaff_group013	NW_020140567.1	1115	502157081
scaff_group013	NW_020140568.1	1115	502158196
scaff_group013	NW_020140569.1	1115	502159311
scaff_group013	NW_020140570.1	1115	502160426
scaff_group013	NW_020140571.1	1115	502161541
scaff_group013	NW_020140572.1	1114	502162655
scaff_group013	NW_020140573.1	1114	502163769
scaff_group013	NW_020140574.1	3385	502167154
scaff_group013	NW_020140575.1	1114	502168268
scaff_group013	NW_020140576.1	1114	502169382
scaff_group013	NW_020140577.1	1114	502170496
scaff_group013	NW_020140578.1	1113	502171609
scaff_group013	NW_020140579.1	1113	502172722
scaff_group013	NW_020140580.1	1113	502173835
scaff_group013	NW_020140581.1	1113	502174948
scaff_group013	NW_020140582.1	1113	502176061
scaff_group013	NW_020140583.1	1113	502177174
scaff_group013	NW_020140584.1	1113	502178287
scaff_group013	NW_020140585.1	1113	502179400
scaff_group013	NW_020140586.1	1113	502180513
scaff_group013	NW_020140587.1	1113	502181626
scaff_group013	NW_020140588.1	1113	502182739
scaff_group013	NW_020140589.1	1113	502183852
scaff_group013	NW_020140590.1	1113	502184965
scaff_group013	NW_020140591.1	1113	502186078
scaff_group013	NW_020140592.1	1112	502187190
scaff_group013	NW_020140593.1	1112	502188302
scaff_group013	NW_020140594.1	1112	502189414
scaff_group013	NW_020140595.1	1112	502190526
scaff_group013	NW_020140596.1	1112	502191638
scaff_group013	NW_020140597.1	1112	502192750
scaff_group013	NW_020140598.1	1112	502193862
scaff_group013	NW_020140599.1	1111	502194973
scaff_group013	NW_020140600.1	1111	502196084
scaff_group013	NW_020140601.1	1111	502197195
scaff_group013	NW_020140602.1	1111	502198306
scaff_group013	NW_020140603.1	1111	502199417
scaff_group013	NW_020140604.1	1111	502200528
scaff_group013	NW_020140605.1	1111	502201639
scaff_group013	NW_020140606.1	1111	502202750
scaff_group013	NW_020140607.1	1111	502203861
scaff_group013	NW_020140608.1	1110	502204971
scaff_group013	NW_020140609.1	1110	502206081
scaff_group013	NW_020140610.1	1110	502207191
scaff_group013	NW_020140611.1	1110	502208301
scaff_group013	NW_020140612.1	1110	502209411
scaff_group013	NW_020140613.1	1110	502210521
scaff_group013	NW_020140614.1	1110	502211631
scaff_group013	NW_020140615.1	1110	502212741
scaff_group013	NW_020140616.1	1110	502213851
scaff_group013	NW_020140617.1	1110	502214961
scaff_group013	NW_020140618.1	1109	502216070
scaff_group013	NW_020140619.1	1109	502217179
scaff_group013	NW_020140620.1	1109	502218288
scaff_group013	NW_020140621.1	1109	502219397
scaff_group013	NW_020140622.1	1109	502220506
scaff_group013	NW_020140623.1	1109	502221615
scaff_group013	NW_020140624.1	1109	502222724
scaff_group013	NW_020140625.1	1109	502223833
scaff_group013	NW_020140626.1	1109	502224942
scaff_group013	NW_020140627.1	1109	502226051
scaff_group013	NW_020140628.1	1109	502227160
scaff_group013	NW_020140629.1	1109	502228269
scaff_group013	NW_020140630.1	1109	502229378
scaff_group013	NW_020140631.1	1109	502230487
scaff_group013	NW_020140632.1	1109	502231596
scaff_group013	NW_020140633.1	1109	502232705
scaff_group013	NW_020140634.1	1109	502233814
scaff_group013	NW_020140635.1	1109	502234923
scaff_group013	NW_020140636.1	1108	502236031
scaff_group013	NW_020140637.1	1108	502237139
scaff_group013	NW_020140638.1	1108	502238247
scaff_group013	NW_020140639.1	1108	502239355
scaff_group013	NW_020140640.1	1108	502240463
scaff_group013	NW_020140641.1	1108	502241571
scaff_group013	NW_020140642.1	1108	502242679
scaff_group013	NW_020140643.1	1108	502243787
scaff_group013	NW_020140644.1	1108	502244895
scaff_group013	NW_020140645.1	1108	502246003
scaff_group013	NW_020140646.1	1108	502247111
scaff_group013	NW_020140647.1	1108	502248219
scaff_group013	NW_020140648.1	1108	502249327
scaff_group013	NW_020140649.1	1108	502250435
scaff_group013	NW_020140650.1	1107	502251542
scaff_group013	NW_020140651.1	1107	502252649
scaff_group013	NW_020140652.1	1107	502253756
scaff_group013	NW_020140653.1	1107	502254863
scaff_group013	NW_020140654.1	1107	502255970
scaff_group013	NW_020140655.1	1107	502257077
scaff_group013	NW_020140656.1	1107	502258184
scaff_group013	NW_020140657.1	1107	502259291
scaff_group013	NW_020140658.1	1107	502260398
scaff_group013	NW_020140659.1	1107	502261505
scaff_group013	NW_020140660.1	1107	502262612
scaff_group013	NW_020140661.1	1107	502263719
scaff_group013	NW_020140662.1	1107	502264826
scaff_group013	NW_020140663.1	1106	502265932
scaff_group013	NW_020140664.1	1106	502267038
scaff_group013	NW_020140665.1	1106	502268144
scaff_group013	NW_020140666.1	1106	502269250
scaff_group013	NW_020140667.1	1106	502270356
scaff_group013	NW_020140668.1	1106	502271462
scaff_group013	NW_020140669.1	1106	502272568
scaff_group013	NW_020140670.1	1106	502273674
scaff_group013	NW_020140671.1	1106	502274780
scaff_group013	NW_020140672.1	1106	502275886
scaff_group013	NW_020140673.1	1106	502276992
scaff_group013	NW_020140674.1	1105	502278097
scaff_group013	NW_020140675.1	1105	502279202
scaff_group013	NW_020140676.1	1105	502280307
scaff_group013	NW_020140677.1	1105	502281412
scaff_group013	NW_020140678.1	1105	502282517
scaff_group013	NW_020140679.1	1105	502283622
scaff_group013	NW_020140680.1	1105	502284727
scaff_group013	NW_020140681.1	1105	502285832
scaff_group013	NW_020140682.1	1105	502286937
scaff_group013	NW_020140683.1	1105	502288042
scaff_group013	NW_020140684.1	1105	502289147
scaff_group013	NW_020140685.1	1105	502290252
scaff_group013	NW_020140686.1	1105	502291357
scaff_group013	NW_020140687.1	1105	502292462
scaff_group013	NW_020140688.1	1105	502293567
scaff_group013	NW_020140689.1	1105	502294672
scaff_group013	NW_020140690.1	1104	502295776
scaff_group013	NW_020140691.1	1104	502296880
scaff_group013	NW_020140692.1	1104	502297984
scaff_group013	NW_020140693.1	1104	502299088
scaff_group013	NW_020140694.1	1104	502300192
scaff_group013	NW_020140695.1	1104	502301296
scaff_group013	NW_020140696.1	1104	502302400
scaff_group013	NW_020140697.1	1104	502303504
scaff_group013	NW_020140698.1	1104	502304608
scaff_group013	NW_020140699.1	1104	502305712
scaff_group013	NW_020140700.1	1104	502306816
scaff_group013	NW_020140701.1	1103	502307919
scaff_group013	NW_020140702.1	1103	502309022
scaff_group013	NW_020140703.1	1103	502310125
scaff_group013	NW_020140704.1	1103	502311228
scaff_group013	NW_020140705.1	1103	502312331
scaff_group013	NW_020140706.1	1103	502313434
scaff_group013	NW_020140707.1	1103	502314537
scaff_group013	NW_020140708.1	1103	502315640
scaff_group013	NW_020140709.1	1103	502316743
scaff_group013	NW_020140710.1	1103	502317846
scaff_group013	NW_020140711.1	1103	502318949
scaff_group013	NW_020140712.1	1102	502320051
scaff_group013	NW_020140713.1	1102	502321153
scaff_group013	NW_020140714.1	1102	502322255
scaff_group013	NW_020140715.1	1102	502323357
scaff_group013	NW_020140716.1	1102	502324459
scaff_group013	NW_020140717.1	1101	502325560
scaff_group013	NW_020140718.1	1101	502326661
scaff_group013	NW_020140719.1	1101	502327762
scaff_group013	NW_020140720.1	1101	502328863
scaff_group013	NW_020140721.1	1101	502329964
scaff_group013	NW_020140722.1	1101	502331065
scaff_group013	NW_020140723.1	1101	502332166
scaff_group013	NW_020140724.1	1101	502333267
scaff_group013	NW_020140725.1	1101	502334368
scaff_group013	NW_020140726.1	1101	502335469
scaff_group013	NW_020140727.1	1101	502336570
scaff_group013	NW_020140728.1	1101	502337671
scaff_group013	NW_020140729.1	1101	502338772
scaff_group013	NW_020140730.1	1101	502339873
scaff_group013	NW_020140731.1	1101	502340974
scaff_group013	NW_020140732.1	1101	502342075
scaff_group013	NW_020140733.1	1100	502343175
scaff_group013	NW_020140734.1	1100	502344275
scaff_group013	NW_020140735.1	1100	502345375
scaff_group013	NW_020140736.1	1100	502346475
scaff_group013	NW_020140737.1	1100	502347575
scaff_group013	NW_020140738.1	1100	502348675
scaff_group013	NW_020140739.1	1100	502349775
scaff_group013	NW_020140740.1	1100	502350875
scaff_group013	NW_020140741.1	1100	502351975
scaff_group013	NW_020140742.1	1100	502353075
scaff_group013	NW_020140743.1	1100	502354175
scaff_group013	NW_020140744.1	1100	502355275
scaff_group013	NW_020140745.1	1100	502356375
scaff_group013	NW_020140746.1	1100	502357475
scaff_group013	NW_020140747.1	1100	502358575
scaff_group013	NW_020140748.1	1100	502359675
scaff_group013	NW_020140749.1	1100	502360775
scaff_group013	NW_020140750.1	1100	502361875
scaff_group013	NW_020140751.1	1100	502362975
scaff_group013	NW_020140752.1	1100	502364075
scaff_group013	NW_020140753.1	1100	502365175
scaff_group013	NW_020140754.1	1100	502366275
scaff_group013	NW_020140755.1	1100	502367375
scaff_group013	NW_020140756.1	1099	502368474
scaff_group013	NW_020140757.1	1099	502369573
scaff_group013	NW_020140758.1	1099	502370672
scaff_group013	NW_020140759.1	1099	502371771
scaff_group013	NW_020140760.1	1099	502372870
scaff_group013	NW_020140761.1	1099	502373969
scaff_group013	NW_020140762.1	1099	502375068
scaff_group013	NW_020140763.1	1099	502376167
scaff_group013	NW_020140764.1	1098	502377265
scaff_group013	NW_020140765.1	1098	502378363
scaff_group013	NW_020140766.1	1098	502379461
scaff_group013	NW_020140767.1	1098	502380559
scaff_group013	NW_020140768.1	1098	502381657
scaff_group013	NW_020140769.1	1098	502382755
scaff_group013	NW_020140770.1	1098	502383853
scaff_group013	NW_020140771.1	1098	502384951
scaff_group013	NW_020140772.1	1098	502386049
scaff_group013	NW_020140773.1	1098	502387147
scaff_group013	NW_020140774.1	1098	502388245
scaff_group013	NW_020140775.1	1098	502389343
scaff_group013	NW_020140776.1	1098	502390441
scaff_group013	NW_020140777.1	1098	502391539
scaff_group013	NW_020140778.1	1098	502392637
scaff_group013	NW_020140779.1	1098	502393735
scaff_group013	NW_020140780.1	1097	502394832
scaff_group013	NW_020140781.1	1097	502395929
scaff_group013	NW_020140782.1	1097	502397026
scaff_group013	NW_020140783.1	1097	502398123
scaff_group013	NW_020140784.1	1097	502399220
scaff_group013	NW_020140785.1	1097	502400317
scaff_group013	NW_020140786.1	1097	502401414
scaff_group013	NW_020140787.1	1097	502402511
scaff_group013	NW_020140788.1	1097	502403608
scaff_group013	NW_020140789.1	1097	502404705
scaff_group013	NW_020140790.1	1096	502405801
scaff_group013	NW_020140791.1	1096	502406897
scaff_group013	NW_020140792.1	1096	502407993
scaff_group013	NW_020140793.1	1096	502409089
scaff_group013	NW_020140794.1	1096	502410185
scaff_group013	NW_020140795.1	1096	502411281
scaff_group013	NW_020140796.1	1096	502412377
scaff_group013	NW_020140797.1	1096	502413473
scaff_group013	NW_020140798.1	1096	502414569
scaff_group013	NW_020140799.1	1095	502415664
scaff_group013	NW_020140800.1	1095	502416759
scaff_group013	NW_020140801.1	1095	502417854
scaff_group013	NW_020140802.1	1095	502418949
scaff_group013	NW_020140803.1	1095	502420044
scaff_group013	NW_020140804.1	1095	502421139
scaff_group013	NW_020140805.1	1095	502422234
scaff_group013	NW_020140806.1	1095	502423329
scaff_group013	NW_020140807.1	1095	502424424
scaff_group013	NW_020140808.1	1095	502425519
scaff_group013	NW_020140809.1	1095	502426614
scaff_group013	NW_020140810.1	1095	502427709
scaff_group013	NW_020140811.1	1095	502428804
scaff_group013	NW_020140812.1	1095	502429899
scaff_group013	NW_020140813.1	1095	502430994
scaff_group013	NW_020140814.1	1094	502432088
scaff_group013	NW_020140815.1	1094	502433182
scaff_group013	NW_020140816.1	1094	502434276
scaff_group013	NW_020140817.1	1094	502435370
scaff_group013	NW_020140818.1	1094	502436464
scaff_group013	NW_020140819.1	1094	502437558
scaff_group013	NW_020140820.1	1094	502438652
scaff_group013	NW_020140821.1	1094	502439746
scaff_group013	NW_020140822.1	1094	502440840
scaff_group013	NW_020140823.1	1094	502441934
scaff_group013	NW_020140824.1	1094	502443028
scaff_group013	NW_020140825.1	1094	502444122
scaff_group013	NW_020140826.1	1093	502445215
scaff_group013	NW_020140827.1	1093	502446308
scaff_group013	NW_020140828.1	1093	502447401
scaff_group013	NW_020140829.1	1093	502448494
scaff_group013	NW_020140830.1	1093	502449587
scaff_group013	NW_020140831.1	1093	502450680
scaff_group013	NW_020140832.1	1093	502451773
scaff_group013	NW_020140833.1	1093	502452866
scaff_group013	NW_020140834.1	1092	502453958
scaff_group013	NW_020140835.1	1092	502455050
scaff_group013	NW_020140836.1	1092	502456142
scaff_group013	NW_020140837.1	1092	502457234
scaff_group013	NW_020140838.1	1092	502458326
scaff_group013	NW_020140839.1	1092	502459418
scaff_group013	NW_020140840.1	1092	502460510
scaff_group013	NW_020140841.1	1092	502461602
scaff_group013	NW_020140842.1	1092	502462694
scaff_group013	NW_020140843.1	1092	502463786
scaff_group013	NW_020140844.1	1092	502464878
scaff_group013	NW_020140845.1	1092	502465970
scaff_group013	NW_020140846.1	1092	502467062
scaff_group013	NW_020140847.1	1091	502468153
scaff_group013	NW_020140848.1	1091	502469244
scaff_group013	NW_020140849.1	1091	502470335
scaff_group013	NW_020140850.1	1091	502471426
scaff_group013	NW_020140851.1	1091	502472517
scaff_group013	NW_020140852.1	1091	502473608
scaff_group013	NW_020140853.1	1091	502474699
scaff_group013	NW_020140854.1	1091	502475790
scaff_group013	NW_020140855.1	1091	502476881
scaff_group013	NW_020140856.1	1091	502477972
scaff_group013	NW_020140857.1	1091	502479063
scaff_group013	NW_020140858.1	1091	502480154
scaff_group013	NW_020140859.1	1091	502481245
scaff_group013	NW_020140860.1	1091	502482336
scaff_group013	NW_020140861.1	1091	502483427
scaff_group013	NW_020140862.1	1091	502484518
scaff_group013	NW_020140863.1	1091	502485609
scaff_group013	NW_020140864.1	1090	502486699
scaff_group013	NW_020140865.1	1090	502487789
scaff_group013	NW_020140866.1	2228	502490017
scaff_group013	NW_020140867.1	1090	502491107
scaff_group013	NW_020140868.1	1090	502492197
scaff_group013	NW_020140869.1	1090	502493287
scaff_group013	NW_020140870.1	1090	502494377
scaff_group013	NW_020140871.1	1090	502495467
scaff_group013	NW_020140872.1	1090	502496557
scaff_group013	NW_020140873.1	1090	502497647
scaff_group013	NW_020140874.1	1090	502498737
scaff_group013	NW_020140875.1	1090	502499827
scaff_group013	NW_020140876.1	1090	502500917
scaff_group013	NW_020140877.1	1089	502502006
scaff_group013	NW_020140878.1	1089	502503095
scaff_group013	NW_020140879.1	1089	502504184
scaff_group013	NW_020140880.1	1089	502505273
scaff_group013	NW_020140881.1	1089	502506362
scaff_group013	NW_020140882.1	1089	502507451
scaff_group013	NW_020140883.1	1089	502508540
scaff_group013	NW_020140884.1	1089	502509629
scaff_group013	NW_020140885.1	1089	502510718
scaff_group013	NW_020140886.1	1089	502511807
scaff_group013	NW_020140887.1	1089	502512896
scaff_group013	NW_020140888.1	1089	502513985
scaff_group013	NW_020140889.1	1089	502515074
scaff_group013	NW_020140890.1	1089	502516163
scaff_group013	NW_020140891.1	1089	502517252
scaff_group013	NW_020140892.1	1089	502518341
scaff_group013	NW_020140893.1	1089	502519430
scaff_group013	NW_020140894.1	1089	502520519
scaff_group013	NW_020140895.1	1089	502521608
scaff_group013	NW_020140896.1	1089	502522697
scaff_group013	NW_020140897.1	1088	502523785
scaff_group013	NW_020140898.1	1088	502524873
scaff_group013	NW_020140899.1	1088	502525961
scaff_group013	NW_020140900.1	1088	502527049
scaff_group013	NW_020140901.1	1088	502528137
scaff_group013	NW_020140902.1	1088	502529225
scaff_group013	NW_020140903.1	1088	502530313
scaff_group013	NW_020140904.1	1088	502531401
scaff_group013	NW_020140905.1	1087	502532488
scaff_group013	NW_020140906.1	1087	502533575
scaff_group013	NW_020140907.1	1087	502534662
scaff_group013	NW_020140908.1	1087	502535749
scaff_group013	NW_020140909.1	1087	502536836
scaff_group013	NW_020140910.1	1087	502537923
scaff_group013	NW_020140911.1	1087	502539010
scaff_group013	NW_020140912.1	1087	502540097
scaff_group013	NW_020140913.1	1087	502541184
scaff_group013	NW_020140914.1	1087	502542271
scaff_group013	NW_020140915.1	1087	502543358
scaff_group013	NW_020140916.1	1087	502544445
scaff_group013	NW_020140917.1	1087	502545532
scaff_group013	NW_020140918.1	1087	502546619
scaff_group013	NW_020140919.1	1087	502547706
scaff_group013	NW_020140920.1	1087	502548793
scaff_group013	NW_020140921.1	1087	502549880
scaff_group013	NW_020140922.1	1086	502550966
scaff_group013	NW_020140923.1	1086	502552052
scaff_group013	NW_020140924.1	1086	502553138
scaff_group013	NW_020140925.1	1086	502554224
scaff_group013	NW_020140926.1	1086	502555310
scaff_group013	NW_020140927.1	1086	502556396
scaff_group013	NW_020140928.1	1086	502557482
scaff_group013	NW_020140929.1	1086	502558568
scaff_group013	NW_020140930.1	1086	502559654
scaff_group013	NW_020140931.1	1086	502560740
scaff_group013	NW_020140932.1	1086	502561826
scaff_group013	NW_020140933.1	1086	502562912
scaff_group013	NW_020140934.1	1085	502563997
scaff_group013	NW_020140935.1	1085	502565082
scaff_group013	NW_020140936.1	1085	502566167
scaff_group013	NW_020140937.1	1085	502567252
scaff_group013	NW_020140938.1	1085	502568337
scaff_group013	NW_020140939.1	1085	502569422
scaff_group013	NW_020140940.1	1085	502570507
scaff_group013	NW_020140941.1	1085	502571592
scaff_group013	NW_020140942.1	1085	502572677
scaff_group013	NW_020140943.1	1085	502573762
scaff_group013	NW_020140944.1	1085	502574847
scaff_group013	NW_020140945.1	1085	502575932
scaff_group013	NW_020140946.1	1085	502577017
scaff_group013	NW_020140947.1	1085	502578102
scaff_group013	NW_020140948.1	1085	502579187
scaff_group013	NW_020140949.1	1085	502580272
scaff_group013	NW_020140950.1	1084	502581356
scaff_group013	NW_020140951.1	1084	502582440
scaff_group013	NW_020140952.1	1084	502583524
scaff_group013	NW_020140953.1	1084	502584608
scaff_group013	NW_020140954.1	1084	502585692
scaff_group013	NW_020140955.1	1084	502586776
scaff_group013	NW_020140956.1	1084	502587860
scaff_group013	NW_020140957.1	1084	502588944
scaff_group013	NW_020140958.1	1084	502590028
scaff_group013	NW_020140959.1	1084	502591112
scaff_group013	NW_020140960.1	1083	502592195
scaff_group013	NW_020140961.1	1083	502593278
scaff_group013	NW_020140962.1	1083	502594361
scaff_group013	NW_020140963.1	1083	502595444
scaff_group013	NW_020140964.1	1083	502596527
scaff_group013	NW_020140965.1	1083	502597610
scaff_group013	NW_020140966.1	1083	502598693
scaff_group013	NW_020140967.1	1083	502599776
scaff_group013	NW_020140968.1	1083	502600859
scaff_group013	NW_020140969.1	1083	502601942
scaff_group013	NW_020140970.1	1083	502603025
scaff_group013	NW_020140971.1	1083	502604108
scaff_group013	NW_020140972.1	1082	502605190
scaff_group013	NW_020140973.1	1082	502606272
scaff_group013	NW_020140974.1	1082	502607354
scaff_group013	NW_020140975.1	1082	502608436
scaff_group013	NW_020140976.1	1082	502609518
scaff_group013	NW_020140977.1	1082	502610600
scaff_group013	NW_020140978.1	1082	502611682
scaff_group013	NW_020140979.1	1082	502612764
scaff_group013	NW_020140980.1	1082	502613846
scaff_group013	NW_020140981.1	1082	502614928
scaff_group013	NW_020140982.1	1082	502616010
scaff_group013	NW_020140983.1	1082	502617092
scaff_group013	NW_020140984.1	1081	502618173
scaff_group013	NW_020140985.1	1081	502619254
scaff_group013	NW_020140986.1	1081	502620335
scaff_group013	NW_020140987.1	1081	502621416
scaff_group013	NW_020140988.1	1081	502622497
scaff_group013	NW_020140989.1	1081	502623578
scaff_group013	NW_020140990.1	1081	502624659
scaff_group013	NW_020140991.1	1081	502625740
scaff_group013	NW_020140992.1	1081	502626821
scaff_group013	NW_020140993.1	1081	502627902
scaff_group013	NW_020140994.1	1080	502628982
scaff_group013	NW_020140995.1	1080	502630062
scaff_group013	NW_020140996.1	1080	502631142
scaff_group013	NW_020140997.1	1080	502632222
scaff_group013	NW_020140998.1	1080	502633302
scaff_group013	NW_020140999.1	1080	502634382
scaff_group013	NW_020141000.1	1080	502635462
scaff_group013	NW_020141001.1	1080	502636542
scaff_group013	NW_020141002.1	1080	502637622
scaff_group013	NW_020141003.1	1080	502638702
scaff_group013	NW_020141004.1	1079	502639781
scaff_group013	NW_020141005.1	1079	502640860
scaff_group013	NW_020141006.1	1079	502641939
scaff_group013	NW_020141007.1	1079	502643018
scaff_group013	NW_020141008.1	1079	502644097
scaff_group013	NW_020141009.1	1079	502645176
scaff_group013	NW_020141010.1	1079	502646255
scaff_group013	NW_020141011.1	1079	502647334
scaff_group013	NW_020141012.1	1078	502648412
scaff_group013	NW_020141013.1	1078	502649490
scaff_group013	NW_020141014.1	1078	502650568
scaff_group013	NW_020141015.1	1078	502651646
scaff_group013	NW_020141016.1	1078	502652724
scaff_group013	NW_020141017.1	1078	502653802
scaff_group013	NW_020141018.1	1078	502654880
scaff_group013	NW_020141019.1	1078	502655958
scaff_group013	NW_020141020.1	1078	502657036
scaff_group013	NW_020141021.1	1078	502658114
scaff_group013	NW_020141022.1	1078	502659192
scaff_group013	NW_020141023.1	1077	502660269
scaff_group013	NW_020141024.1	1077	502661346
scaff_group013	NW_020141025.1	1077	502662423
scaff_group013	NW_020141026.1	1077	502663500
scaff_group013	NW_020141027.1	1077	502664577
scaff_group013	NW_020141028.1	1077	502665654
scaff_group013	NW_020141029.1	1077	502666731
scaff_group013	NW_020141030.1	1077	502667808
scaff_group013	NW_020141031.1	1077	502668885
scaff_group013	NW_020141032.1	1077	502669962
scaff_group013	NW_020141033.1	1077	502671039
scaff_group013	NW_020141034.1	1076	502672115
scaff_group013	NW_020141035.1	1076	502673191
scaff_group013	NW_020141036.1	1076	502674267
scaff_group013	NW_020141037.1	1076	502675343
scaff_group013	NW_020141038.1	1076	502676419
scaff_group013	NW_020141039.1	1076	502677495
scaff_group013	NW_020141040.1	1076	502678571
scaff_group013	NW_020141041.1	1076	502679647
scaff_group013	NW_020141042.1	1076	502680723
scaff_group013	NW_020141043.1	1076	502681799
scaff_group013	NW_020141044.1	1076	502682875
scaff_group013	NW_020141045.1	1076	502683951
scaff_group013	NW_020141046.1	1076	502685027
scaff_group013	NW_020141047.1	1076	502686103
scaff_group013	NW_020141048.1	1076	502687179
scaff_group013	NW_020141049.1	1075	502688254
scaff_group013	NW_020141050.1	1075	502689329
scaff_group013	NW_020141051.1	1075	502690404
scaff_group013	NW_020141052.1	1075	502691479
scaff_group013	NW_020141053.1	1075	502692554
scaff_group013	NW_020141054.1	1075	502693629
scaff_group013	NW_020141055.1	1075	502694704
scaff_group013	NW_020141056.1	1075	502695779
scaff_group013	NW_020141057.1	1075	502696854
scaff_group013	NW_020141058.1	1075	502697929
scaff_group013	NW_020141059.1	1075	502699004
scaff_group013	NW_020141060.1	1074	502700078
scaff_group013	NW_020141061.1	1074	502701152
scaff_group013	NW_020141062.1	1074	502702226
scaff_group013	NW_020141063.1	1074	502703300
scaff_group013	NW_020141064.1	1074	502704374
scaff_group013	NW_020141065.1	1074	502705448
scaff_group013	NW_020141066.1	1074	502706522
scaff_group013	NW_020141067.1	1074	502707596
scaff_group013	NW_020141068.1	1074	502708670
scaff_group013	NW_020141069.1	1074	502709744
scaff_group013	NW_020141070.1	1074	502710818
scaff_group013	NW_020141071.1	1074	502711892
scaff_group013	NW_020141072.1	1074	502712966
scaff_group013	NW_020141073.1	1074	502714040
scaff_group013	NW_020141074.1	1074	502715114
scaff_group013	NW_020141075.1	1073	502716187
scaff_group013	NW_020141076.1	1073	502717260
scaff_group013	NW_020141077.1	1073	502718333
scaff_group013	NW_020141078.1	1073	502719406
scaff_group013	NW_020141079.1	1073	502720479
scaff_group013	NW_020141080.1	1073	502721552
scaff_group013	NW_020141081.1	1073	502722625
scaff_group013	NW_020141082.1	1073	502723698
scaff_group013	NW_020141083.1	1073	502724771
scaff_group013	NW_020141084.1	1073	502725844
scaff_group013	NW_020141085.1	1073	502726917
scaff_group013	NW_020141086.1	1073	502727990
scaff_group013	NW_020141087.1	1073	502729063
scaff_group013	NW_020141088.1	1073	502730136
scaff_group013	NW_020141089.1	1073	502731209
scaff_group013	NW_020141090.1	1073	502732282
scaff_group013	NW_020141091.1	1073	502733355
scaff_group013	NW_020141092.1	1072	502734427
scaff_group013	NW_020141093.1	1072	502735499
scaff_group013	NW_020141094.1	1072	502736571
scaff_group013	NW_020141095.1	1072	502737643
scaff_group013	NW_020141096.1	1072	502738715
scaff_group013	NW_020141097.1	1072	502739787
scaff_group013	NW_020141098.1	1072	502740859
scaff_group013	NW_020141099.1	1072	502741931
scaff_group013	NW_020141100.1	1072	502743003
scaff_group013	NW_020141101.1	1072	502744075
scaff_group013	NW_020141102.1	1072	502745147
scaff_group013	NW_020141103.1	1072	502746219
scaff_group013	NW_020141104.1	1071	502747290
scaff_group013	NW_020141105.1	1071	502748361
scaff_group013	NW_020141106.1	1071	502749432
scaff_group013	NW_020141107.1	1071	502750503
scaff_group013	NW_020141108.1	1071	502751574
scaff_group013	NW_020141109.1	1071	502752645
scaff_group013	NW_020141110.1	1071	502753716
scaff_group013	NW_020141111.1	1071	502754787
scaff_group013	NW_020141112.1	1071	502755858
scaff_group013	NW_020141113.1	1070	502756928
scaff_group013	NW_020141114.1	1070	502757998
scaff_group013	NW_020141115.1	1070	502759068
scaff_group013	NW_020141116.1	1070	502760138
scaff_group013	NW_020141117.1	1070	502761208
scaff_group013	NW_020141118.1	1070	502762278
scaff_group013	NW_020141119.1	1070	502763348
scaff_group013	NW_020141120.1	1070	502764418
scaff_group013	NW_020141121.1	1070	502765488
scaff_group013	NW_020141122.1	1070	502766558
scaff_group013	NW_020141123.1	1070	502767628
scaff_group013	NW_020141124.1	1070	502768698
scaff_group013	NW_020141125.1	1070	502769768
scaff_group013	NW_020141126.1	1070	502770838
scaff_group013	NW_020141127.1	1069	502771907
scaff_group013	NW_020141128.1	1069	502772976
scaff_group013	NW_020141129.1	1069	502774045
scaff_group013	NW_020141130.1	1069	502775114
scaff_group013	NW_020141131.1	1069	502776183
scaff_group013	NW_020141132.1	1069	502777252
scaff_group013	NW_020141133.1	1069	502778321
scaff_group013	NW_020141134.1	1069	502779390
scaff_group013	NW_020141135.1	1069	502780459
scaff_group013	NW_020141136.1	1069	502781528
scaff_group013	NW_020141137.1	1069	502782597
scaff_group013	NW_020141138.1	1069	502783666
scaff_group013	NW_020141139.1	1069	502784735
scaff_group013	NW_020141140.1	1068	502785803
scaff_group013	NW_020141141.1	1068	502786871
scaff_group013	NW_020141142.1	1068	502787939
scaff_group013	NW_020141143.1	1068	502789007
scaff_group013	NW_020141144.1	1068	502790075
scaff_group013	NW_020141145.1	1068	502791143
scaff_group013	NW_020141146.1	1068	502792211
scaff_group013	NW_020141147.1	1068	502793279
scaff_group013	NW_020141148.1	1068	502794347
scaff_group013	NW_020141149.1	1068	502795415
scaff_group013	NW_020141150.1	1068	502796483
scaff_group013	NW_020141151.1	1068	502797551
scaff_group013	NW_020141152.1	1068	502798619
scaff_group013	NW_020141153.1	1068	502799687
scaff_group013	NW_020141154.1	1068	502800755
scaff_group013	NW_020141155.1	1068	502801823
scaff_group013	NW_020141156.1	1068	502802891
scaff_group013	NW_020141157.1	1068	502803959
scaff_group013	NW_020141158.1	1068	502805027
scaff_group013	NW_020141159.1	1068	502806095
scaff_group013	NW_020141160.1	1068	502807163
scaff_group013	NW_020141161.1	1068	502808231
scaff_group013	NW_020141162.1	1068	502809299
scaff_group013	NW_020141163.1	1068	502810367
scaff_group013	NW_020141164.1	1067	502811434
scaff_group013	NW_020141165.1	1067	502812501
scaff_group013	NW_020141166.1	1067	502813568
scaff_group013	NW_020141167.1	1067	502814635
scaff_group013	NW_020141168.1	1067	502815702
scaff_group013	NW_020141169.1	1067	502816769
scaff_group013	NW_020141170.1	1067	502817836
scaff_group013	NW_020141171.1	1067	502818903
scaff_group013	NW_020141172.1	1067	502819970
scaff_group013	NW_020141173.1	1067	502821037
scaff_group013	NW_020141174.1	1067	502822104
scaff_group013	NW_020141175.1	1067	502823171
scaff_group013	NW_020141176.1	1067	502824238
scaff_group013	NW_020141177.1	1067	502825305
scaff_group013	NW_020141178.1	1067	502826372
scaff_group013	NW_020141179.1	1066	502827438
scaff_group013	NW_020141180.1	1066	502828504
scaff_group013	NW_020141181.1	1066	502829570
scaff_group013	NW_020141182.1	1066	502830636
scaff_group013	NW_020141183.1	1066	502831702
scaff_group013	NW_020141184.1	1066	502832768
scaff_group013	NW_020141185.1	1066	502833834
scaff_group013	NW_020141186.1	1066	502834900
scaff_group013	NW_020141187.1	1066	502835966
scaff_group013	NW_020141188.1	1066	502837032
scaff_group013	NW_020141189.1	1066	502838098
scaff_group013	NW_020141190.1	1066	502839164
scaff_group013	NW_020141191.1	1065	502840229
scaff_group013	NW_020141192.1	1065	502841294
scaff_group013	NW_020141193.1	1065	502842359
scaff_group013	NW_020141194.1	1065	502843424
scaff_group013	NW_020141195.1	1065	502844489
scaff_group013	NW_020141196.1	1065	502845554
scaff_group013	NW_020141197.1	1065	502846619
scaff_group013	NW_020141198.1	1065	502847684
scaff_group013	NW_020141199.1	1065	502848749
scaff_group013	NW_020141200.1	1065	502849814
scaff_group013	NW_020141201.1	1065	502850879
scaff_group013	NW_020141202.1	1065	502851944
scaff_group013	NW_020141203.1	1065	502853009
scaff_group013	NW_020141204.1	1065	502854074
scaff_group013	NW_020141205.1	1065	502855139
scaff_group013	NW_020141206.1	1065	502856204
scaff_group013	NW_020141207.1	1064	502857268
scaff_group013	NW_020141208.1	1064	502858332
scaff_group013	NW_020141209.1	1064	502859396
scaff_group013	NW_020141210.1	1064	502860460
scaff_group013	NW_020141211.1	1064	502861524
scaff_group013	NW_020141212.1	1064	502862588
scaff_group013	NW_020141213.1	1064	502863652
scaff_group013	NW_020141214.1	1064	502864716
scaff_group013	NW_020141215.1	1064	502865780
scaff_group013	NW_020141216.1	1064	502866844
scaff_group013	NW_020141217.1	1064	502867908
scaff_group013	NW_020141218.1	1064	502868972
scaff_group013	NW_020141219.1	1064	502870036
scaff_group013	NW_020141220.1	1063	502871099
scaff_group013	NW_020141221.1	1063	502872162
scaff_group013	NW_020141222.1	1063	502873225
scaff_group013	NW_020141223.1	1063	502874288
scaff_group013	NW_020141224.1	1063	502875351
scaff_group013	NW_020141225.1	1063	502876414
scaff_group013	NW_020141226.1	1063	502877477
scaff_group013	NW_020141227.1	1063	502878540
scaff_group013	NW_020141228.1	1063	502879603
scaff_group013	NW_020141229.1	1063	502880666
scaff_group013	NW_020141230.1	1063	502881729
scaff_group013	NW_020141231.1	1062	502882791
scaff_group013	NW_020141232.1	1062	502883853
scaff_group013	NW_020141233.1	1062	502884915
scaff_group013	NW_020141234.1	1062	502885977
scaff_group013	NW_020141235.1	1062	502887039
scaff_group013	NW_020141236.1	1062	502888101
scaff_group013	NW_020141237.1	1062	502889163
scaff_group013	NW_020141238.1	1062	502890225
scaff_group013	NW_020141239.1	1062	502891287
scaff_group013	NW_020141240.1	1062	502892349
scaff_group013	NW_020141241.1	1062	502893411
scaff_group013	NW_020141242.1	1062	502894473
scaff_group013	NW_020141243.1	1062	502895535
scaff_group013	NW_020141244.1	1062	502896597
scaff_group013	NW_020141245.1	1062	502897659
scaff_group013	NW_020141246.1	1062	502898721
scaff_group013	NW_020141247.1	1062	502899783
scaff_group013	NW_020141248.1	1062	502900845
scaff_group013	NW_020141249.1	1061	502901906
scaff_group013	NW_020141250.1	1061	502902967
scaff_group013	NW_020141251.1	1061	502904028
scaff_group013	NW_020141252.1	1061	502905089
scaff_group013	NW_020141253.1	1061	502906150
scaff_group013	NW_020141254.1	1061	502907211
scaff_group013	NW_020141255.1	1061	502908272
scaff_group013	NW_020141256.1	1061	502909333
scaff_group013	NW_020141257.1	1061	502910394
scaff_group013	NW_020141258.1	1061	502911455
scaff_group013	NW_020141259.1	1061	502912516
scaff_group013	NW_020141260.1	1061	502913577
scaff_group013	NW_020141261.1	1061	502914638
scaff_group013	NW_020141262.1	1060	502915698
scaff_group013	NW_020141263.1	1060	502916758
scaff_group013	NW_020141264.1	1060	502917818
scaff_group013	NW_020141265.1	1060	502918878
scaff_group013	NW_020141266.1	1060	502919938
scaff_group013	NW_020141267.1	1060	502920998
scaff_group013	NW_020141268.1	1060	502922058
scaff_group013	NW_020141269.1	1060	502923118
scaff_group013	NW_020141270.1	1060	502924178
scaff_group013	NW_020141271.1	1060	502925238
scaff_group013	NW_020141272.1	1060	502926298
scaff_group013	NW_020141273.1	1060	502927358
scaff_group013	NW_020141274.1	1060	502928418
scaff_group013	NW_020141275.1	1060	502929478
scaff_group013	NW_020141276.1	1059	502930537
scaff_group013	NW_020141277.1	1059	502931596
scaff_group013	NW_020141278.1	1059	502932655
scaff_group013	NW_020141279.1	1059	502933714
scaff_group013	NW_020141280.1	1059	502934773
scaff_group013	NW_020141281.1	1059	502935832
scaff_group013	NW_020141282.1	1059	502936891
scaff_group013	NW_020141283.1	1059	502937950
scaff_group013	NW_020141284.1	1059	502939009
scaff_group013	NW_020141285.1	1058	502940067
scaff_group013	NW_020141286.1	1058	502941125
scaff_group013	NW_020141287.1	1058	502942183
scaff_group013	NW_020141288.1	1058	502943241
scaff_group013	NW_020141289.1	1058	502944299
scaff_group013	NW_020141290.1	1058	502945357
scaff_group013	NW_020141291.1	1058	502946415
scaff_group013	NW_020141292.1	1058	502947473
scaff_group013	NW_020141293.1	1058	502948531
scaff_group013	NW_020141294.1	1058	502949589
scaff_group013	NW_020141295.1	1058	502950647
scaff_group013	NW_020141296.1	1058	502951705
scaff_group013	NW_020141297.1	1058	502952763
scaff_group013	NW_020141298.1	1058	502953821
scaff_group013	NW_020141299.1	1058	502954879
scaff_group013	NW_020141300.1	1058	502955937
scaff_group013	NW_020141301.1	1057	502956994
scaff_group013	NW_020141302.1	1057	502958051
scaff_group013	NW_020141303.1	1057	502959108
scaff_group013	NW_020141304.1	1057	502960165
scaff_group013	NW_020141305.1	1057	502961222
scaff_group013	NW_020141306.1	1057	502962279
scaff_group013	NW_020141307.1	1057	502963336
scaff_group013	NW_020141308.1	1057	502964393
scaff_group013	NW_020141309.1	1057	502965450
scaff_group013	NW_020141310.1	1057	502966507
scaff_group013	NW_020141311.1	1057	502967564
scaff_group013	NW_020141312.1	1057	502968621
scaff_group013	NW_020141313.1	1057	502969678
scaff_group013	NW_020141314.1	1057	502970735
scaff_group013	NW_020141315.1	1057	502971792
scaff_group013	NW_020141316.1	1057	502972849
scaff_group013	NW_020141317.1	1056	502973905
scaff_group013	NW_020141318.1	1056	502974961
scaff_group013	NW_020141319.1	1056	502976017
scaff_group013	NW_020141320.1	1056	502977073
scaff_group013	NW_020141321.1	1056	502978129
scaff_group013	NW_020141322.1	1056	502979185
scaff_group013	NW_020141323.1	1056	502980241
scaff_group013	NW_020141324.1	1056	502981297
scaff_group013	NW_020141325.1	1056	502982353
scaff_group013	NW_020141326.1	1056	502983409
scaff_group013	NW_020141327.1	1056	502984465
scaff_group013	NW_020141328.1	1056	502985521
scaff_group013	NW_020141329.1	1056	502986577
scaff_group013	NW_020141330.1	1056	502987633
scaff_group013	NW_020141331.1	1056	502988689
scaff_group013	NW_020141332.1	1055	502989744
scaff_group013	NW_020141333.1	1055	502990799
scaff_group013	NW_020141334.1	1055	502991854
scaff_group013	NW_020141335.1	1055	502992909
scaff_group013	NW_020141336.1	1055	502993964
scaff_group013	NW_020141337.1	1055	502995019
scaff_group013	NW_020141338.1	1055	502996074
scaff_group013	NW_020141339.1	1055	502997129
scaff_group013	NW_020141340.1	1055	502998184
scaff_group013	NW_020141341.1	1055	502999239
scaff_group013	NW_020141342.1	1055	503000294
scaff_group013	NW_020141343.1	1055	503001349
scaff_group013	NW_020141344.1	1054	503002403
scaff_group013	NW_020141345.1	1054	503003457
scaff_group013	NW_020141346.1	1054	503004511
scaff_group013	NW_020141347.1	1054	503005565
scaff_group013	NW_020141348.1	1054	503006619
scaff_group013	NW_020141349.1	1054	503007673
scaff_group013	NW_020141350.1	1054	503008727
scaff_group013	NW_020141351.1	1054	503009781
scaff_group013	NW_020141352.1	1054	503010835
scaff_group013	NW_020141353.1	1054	503011889
scaff_group013	NW_020141354.1	1054	503012943
scaff_group013	NW_020141355.1	1054	503013997
scaff_group013	NW_020141356.1	1054	503015051
scaff_group013	NW_020141357.1	1054	503016105
scaff_group013	NW_020141358.1	1054	503017159
scaff_group013	NW_020141359.1	1053	503018212
scaff_group013	NW_020141360.1	1053	503019265
scaff_group013	NW_020141361.1	1053	503020318
scaff_group013	NW_020141362.1	1053	503021371
scaff_group013	NW_020141363.1	1053	503022424
scaff_group013	NW_020141364.1	1053	503023477
scaff_group013	NW_020141365.1	1053	503024530
scaff_group013	NW_020141366.1	1053	503025583
scaff_group013	NW_020141367.1	1053	503026636
scaff_group013	NW_020141368.1	1052	503027688
scaff_group013	NW_020141369.1	1052	503028740
scaff_group013	NW_020141370.1	1052	503029792
scaff_group013	NW_020141371.1	1052	503030844
scaff_group013	NW_020141372.1	1052	503031896
scaff_group013	NW_020141373.1	1052	503032948
scaff_group013	NW_020141374.1	1052	503034000
scaff_group013	NW_020141375.1	1052	503035052
scaff_group013	NW_020141376.1	1052	503036104
scaff_group013	NW_020141377.1	1052	503037156
scaff_group013	NW_020141378.1	1052	503038208
scaff_group013	NW_020141379.1	1052	503039260
scaff_group013	NW_020141380.1	1051	503040311
scaff_group013	NW_020141381.1	1051	503041362
scaff_group013	NW_020141382.1	1051	503042413
scaff_group013	NW_020141383.1	1051	503043464
scaff_group013	NW_020141384.1	1051	503044515
scaff_group013	NW_020141385.1	1051	503045566
scaff_group013	NW_020141386.1	1051	503046617
scaff_group013	NW_020141387.1	1051	503047668
scaff_group013	NW_020141388.1	1051	503048719
scaff_group013	NW_020141389.1	1051	503049770
scaff_group013	NW_020141390.1	1051	503050821
scaff_group013	NW_020141391.1	1051	503051872
scaff_group013	NW_020141392.1	1050	503052922
scaff_group013	NW_020141393.1	1050	503053972
scaff_group013	NW_020141394.1	1050	503055022
scaff_group013	NW_020141395.1	1050	503056072
scaff_group013	NW_020141396.1	1050	503057122
scaff_group013	NW_020141397.1	1050	503058172
scaff_group013	NW_020141398.1	1050	503059222
scaff_group013	NW_020141399.1	1050	503060272
scaff_group013	NW_020141400.1	1050	503061322
scaff_group013	NW_020141401.1	1050	503062372
scaff_group013	NW_020141402.1	1050	503063422
scaff_group013	NW_020141403.1	1050	503064472
scaff_group013	NW_020141404.1	1050	503065522
scaff_group013	NW_020141405.1	1049	503066571
scaff_group013	NW_020141406.1	1049	503067620
scaff_group013	NW_020141407.1	1049	503068669
scaff_group013	NW_020141408.1	1049	503069718
scaff_group013	NW_020141409.1	1049	503070767
scaff_group013	NW_020141410.1	1049	503071816
scaff_group013	NW_020141411.1	1049	503072865
scaff_group013	NW_020141412.1	1049	503073914
scaff_group013	NW_020141413.1	1049	503074963
scaff_group013	NW_020141414.1	1049	503076012
scaff_group013	NW_020141415.1	1049	503077061
scaff_group013	NW_020141416.1	1049	503078110
scaff_group013	NW_020141417.1	1049	503079159
scaff_group013	NW_020141418.1	1049	503080208
scaff_group013	NW_020141419.1	1049	503081257
scaff_group013	NW_020141420.1	1049	503082306
scaff_group013	NW_020141421.1	1049	503083355
scaff_group013	NW_020141422.1	1049	503084404
scaff_group013	NW_020141423.1	1049	503085453
scaff_group013	NW_020141424.1	1048	503086501
scaff_group013	NW_020141425.1	1048	503087549
scaff_group013	NW_020141426.1	1048	503088597
scaff_group013	NW_020141427.1	1048	503089645
scaff_group013	NW_020141428.1	1048	503090693
scaff_group013	NW_020141429.1	1048	503091741
scaff_group013	NW_020141430.1	1048	503092789
scaff_group013	NW_020141431.1	1048	503093837
scaff_group013	NW_020141432.1	1048	503094885
scaff_group013	NW_020141433.1	1048	503095933
scaff_group013	NW_020141434.1	1048	503096981
scaff_group013	NW_020141435.1	1047	503098028
scaff_group013	NW_020141436.1	1047	503099075
scaff_group013	NW_020141437.1	1047	503100122
scaff_group013	NW_020141438.1	1047	503101169
scaff_group013	NW_020141439.1	1047	503102216
scaff_group013	NW_020141440.1	1047	503103263
scaff_group013	NW_020141441.1	1047	503104310
scaff_group013	NW_020141442.1	1047	503105357
scaff_group013	NW_020141443.1	1047	503106404
scaff_group013	NW_020141444.1	1047	503107451
scaff_group013	NW_020141445.1	1047	503108498
scaff_group013	NW_020141446.1	1047	503109545
scaff_group013	NW_020141447.1	1047	503110592
scaff_group013	NW_020141448.1	1046	503111638
scaff_group013	NW_020141449.1	1046	503112684
scaff_group013	NW_020141450.1	1046	503113730
scaff_group013	NW_020141451.1	1046	503114776
scaff_group013	NW_020141452.1	1046	503115822
scaff_group013	NW_020141453.1	1046	503116868
scaff_group013	NW_020141454.1	1046	503117914
scaff_group013	NW_020141455.1	1045	503118959
scaff_group013	NW_020141456.1	1045	503120004
scaff_group013	NW_020141457.1	1045	503121049
scaff_group013	NW_020141458.1	1045	503122094
scaff_group013	NW_020141459.1	1045	503123139
scaff_group013	NW_020141460.1	1045	503124184
scaff_group013	NW_020141461.1	1045	503125229
scaff_group013	NW_020141462.1	1045	503126274
scaff_group013	NW_020141463.1	1045	503127319
scaff_group013	NW_020141464.1	1045	503128364
scaff_group013	NW_020141465.1	1045	503129409
scaff_group013	NW_020141466.1	1045	503130454
scaff_group013	NW_020141467.1	1045	503131499
scaff_group013	NW_020141468.1	1045	503132544
scaff_group013	NW_020141469.1	1045	503133589
scaff_group013	NW_020141470.1	1045	503134634
scaff_group013	NW_020141471.1	1045	503135679
scaff_group013	NW_020141472.1	1044	503136723
scaff_group013	NW_020141473.1	1044	503137767
scaff_group013	NW_020141474.1	1044	503138811
scaff_group013	NW_020141475.1	1044	503139855
scaff_group013	NW_020141476.1	1044	503140899
scaff_group013	NW_020141477.1	1043	503141942
scaff_group013	NW_020141478.1	1043	503142985
scaff_group013	NW_020141479.1	1043	503144028
scaff_group013	NW_020141480.1	1043	503145071
scaff_group013	NW_020141481.1	1043	503146114
scaff_group013	NW_020141482.1	1043	503147157
scaff_group013	NW_020141483.1	1043	503148200
scaff_group013	NW_020141484.1	1043	503149243
scaff_group013	NW_020141485.1	1043	503150286
scaff_group013	NW_020141486.1	1043	503151329
scaff_group013	NW_020141487.1	1043	503152372
scaff_group013	NW_020141488.1	1043	503153415
scaff_group013	NW_020141489.1	1043	503154458
scaff_group013	NW_020141490.1	1043	503155501
scaff_group013	NW_020141491.1	1043	503156544
scaff_group013	NW_020141492.1	1043	503157587
scaff_group013	NW_020141493.1	1043	503158630
scaff_group013	NW_020141494.1	1042	503159672
scaff_group013	NW_020141495.1	1042	503160714
scaff_group013	NW_020141496.1	1042	503161756
scaff_group013	NW_020141497.1	1042	503162798
scaff_group013	NW_020141498.1	1042	503163840
scaff_group013	NW_020141499.1	1042	503164882
scaff_group013	NW_020141500.1	1042	503165924
scaff_group013	NW_020141501.1	1042	503166966
scaff_group013	NW_020141502.1	1042	503168008
scaff_group013	NW_020141503.1	1042	503169050
scaff_group013	NW_020141504.1	1042	503170092
scaff_group013	NW_020141505.1	1042	503171134
scaff_group013	NW_020141506.1	1042	503172176
scaff_group013	NW_020141507.1	1042	503173218
scaff_group013	NW_020141508.1	1041	503174259
scaff_group013	NW_020141509.1	1041	503175300
scaff_group013	NW_020141510.1	1041	503176341
scaff_group013	NW_020141511.1	1041	503177382
scaff_group013	NW_020141512.1	1041	503178423
scaff_group013	NW_020141513.1	1041	503179464
scaff_group013	NW_020141514.1	1041	503180505
scaff_group013	NW_020141515.1	1040	503181545
scaff_group013	NW_020141516.1	1040	503182585
scaff_group013	NW_020141517.1	1040	503183625
scaff_group013	NW_020141518.1	1040	503184665
scaff_group013	NW_020141519.1	1040	503185705
scaff_group013	NW_020141520.1	1040	503186745
scaff_group013	NW_020141521.1	1040	503187785
scaff_group013	NW_020141522.1	1040	503188825
scaff_group013	NW_020141523.1	1040	503189865
scaff_group013	NW_020141524.1	1040	503190905
scaff_group013	NW_020141525.1	1040	503191945
scaff_group013	NW_020141526.1	1040	503192985
scaff_group013	NW_020141527.1	1040	503194025
scaff_group013	NW_020141528.1	1040	503195065
scaff_group013	NW_020141529.1	1040	503196105
scaff_group013	NW_020141530.1	1040	503197145
scaff_group013	NW_020141531.1	1040	503198185
scaff_group013	NW_020141532.1	1039	503199224
scaff_group013	NW_020141533.1	1039	503200263
scaff_group013	NW_020141534.1	1039	503201302
scaff_group013	NW_020141535.1	1039	503202341
scaff_group013	NW_020141536.1	1039	503203380
scaff_group013	NW_020141537.1	1039	503204419
scaff_group013	NW_020141538.1	1039	503205458
scaff_group013	NW_020141539.1	1039	503206497
scaff_group013	NW_020141540.1	1039	503207536
scaff_group013	NW_020141541.1	1039	503208575
scaff_group013	NW_020141542.1	1039	503209614
scaff_group013	NW_020141543.1	1039	503210653
scaff_group013	NW_020141544.1	1039	503211692
scaff_group013	NW_020141545.1	1039	503212731
scaff_group013	NW_020141546.1	1039	503213770
scaff_group013	NW_020141547.1	1039	503214809
scaff_group013	NW_020141548.1	1039	503215848
scaff_group013	NW_020141549.1	1039	503216887
scaff_group013	NW_020141550.1	1039	503217926
scaff_group013	NW_020141551.1	1039	503218965
scaff_group013	NW_020141552.1	1039	503220004
scaff_group013	NW_020141553.1	1039	503221043
scaff_group013	NW_020141554.1	1038	503222081
scaff_group013	NW_020141555.1	1038	503223119
scaff_group013	NW_020141556.1	1038	503224157
scaff_group013	NW_020141557.1	1038	503225195
scaff_group013	NW_020141558.1	1038	503226233
scaff_group013	NW_020141559.1	1038	503227271
scaff_group013	NW_020141560.1	1038	503228309
scaff_group013	NW_020141561.1	1038	503229347
scaff_group013	NW_020141562.1	6222	503235569
scaff_group013	NW_020141563.1	1038	503236607
scaff_group013	NW_020141564.1	1038	503237645
scaff_group013	NW_020141565.1	1038	503238683
scaff_group013	NW_020141566.1	1038	503239721
scaff_group013	NW_020141567.1	1038	503240759
scaff_group013	NW_020141568.1	1038	503241797
scaff_group013	NW_020141569.1	1038	503242835
scaff_group013	NW_020141570.1	1037	503243872
scaff_group013	NW_020141571.1	1037	503244909
scaff_group013	NW_020141572.1	1037	503245946
scaff_group013	NW_020141573.1	1037	503246983
scaff_group013	NW_020141574.1	1037	503248020
scaff_group013	NW_020141575.1	1037	503249057
scaff_group013	NW_020141576.1	1037	503250094
scaff_group013	NW_020141577.1	1037	503251131
scaff_group013	NW_020141578.1	1037	503252168
scaff_group013	NW_020141579.1	1037	503253205
scaff_group013	NW_020141580.1	1037	503254242
scaff_group013	NW_020141581.1	1037	503255279
scaff_group013	NW_020141582.1	1037	503256316
scaff_group013	NW_020141583.1	1037	503257353
scaff_group013	NW_020141584.1	1037	503258390
scaff_group013	NW_020141585.1	1037	503259427
scaff_group013	NW_020141586.1	1037	503260464
scaff_group013	NW_020141587.1	1037	503261501
scaff_group013	NW_020141588.1	1037	503262538
scaff_group013	NW_020141589.1	1036	503263574
scaff_group013	NW_020141590.1	1036	503264610
scaff_group013	NW_020141591.1	1036	503265646
scaff_group013	NW_020141592.1	1036	503266682
scaff_group013	NW_020141593.1	1036	503267718
scaff_group013	NW_020141594.1	1036	503268754
scaff_group013	NW_020141595.1	1036	503269790
scaff_group013	NW_020141596.1	1036	503270826
scaff_group013	NW_020141597.1	1036	503271862
scaff_group013	NW_020141598.1	1035	503272897
scaff_group013	NW_020141599.1	1035	503273932
scaff_group013	NW_020141600.1	1035	503274967
scaff_group013	NW_020141601.1	1035	503276002
scaff_group013	NW_020141602.1	1035	503277037
scaff_group013	NW_020141603.1	1035	503278072
scaff_group013	NW_020141604.1	1035	503279107
scaff_group013	NW_020141605.1	1035	503280142
scaff_group013	NW_020141606.1	1035	503281177
scaff_group013	NW_020141607.1	1035	503282212
scaff_group013	NW_020141608.1	1035	503283247
scaff_group013	NW_020141609.1	1035	503284282
scaff_group013	NW_020141610.1	1035	503285317
scaff_group013	NW_020141611.1	1035	503286352
scaff_group013	NW_020141612.1	1034	503287386
scaff_group013	NW_020141613.1	1034	503288420
scaff_group013	NW_020141614.1	1034	503289454
scaff_group013	NW_020141615.1	1034	503290488
scaff_group013	NW_020141616.1	1034	503291522
scaff_group013	NW_020141617.1	1034	503292556
scaff_group013	NW_020141618.1	1034	503293590
scaff_group013	NW_020141619.1	1034	503294624
scaff_group013	NW_020141620.1	1034	503295658
scaff_group013	NW_020141621.1	1034	503296692
scaff_group013	NW_020141622.1	1033	503297725
scaff_group013	NW_020141623.1	1033	503298758
scaff_group013	NW_020141624.1	1033	503299791
scaff_group013	NW_020141625.1	1033	503300824
scaff_group013	NW_020141626.1	1033	503301857
scaff_group013	NW_020141627.1	1033	503302890
scaff_group013	NW_020141628.1	1033	503303923
scaff_group013	NW_020141629.1	1033	503304956
scaff_group013	NW_020141630.1	1033	503305989
scaff_group013	NW_020141631.1	1033	503307022
scaff_group013	NW_020141632.1	1033	503308055
scaff_group013	NW_020141633.1	1033	503309088
scaff_group013	NW_020141634.1	1033	503310121
scaff_group013	NW_020141635.1	1032	503311153
scaff_group013	NW_020141636.1	1032	503312185
scaff_group013	NW_020141637.1	1032	503313217
scaff_group013	NW_020141638.1	1032	503314249
scaff_group013	NW_020141639.1	1032	503315281
scaff_group013	NW_020141640.1	1032	503316313
scaff_group013	NW_020141641.1	1032	503317345
scaff_group013	NW_020141642.1	1032	503318377
scaff_group013	NW_020141643.1	1032	503319409
scaff_group013	NW_020141644.1	1032	503320441
scaff_group013	NW_020141645.1	1032	503321473
scaff_group013	NW_020141646.1	1032	503322505
scaff_group013	NW_020141647.1	1031	503323536
scaff_group013	NW_020141648.1	1031	503324567
scaff_group013	NW_020141649.1	1031	503325598
scaff_group013	NW_020141650.1	1031	503326629
scaff_group013	NW_020141651.1	1031	503327660
scaff_group013	NW_020141652.1	1031	503328691
scaff_group013	NW_020141653.1	1031	503329722
scaff_group013	NW_020141654.1	1031	503330753
scaff_group013	NW_020141655.1	1031	503331784
scaff_group013	NW_020141656.1	1031	503332815
scaff_group013	NW_020141657.1	1031	503333846
scaff_group013	NW_020141658.1	1031	503334877
scaff_group013	NW_020141659.1	1031	503335908
scaff_group013	NW_020141660.1	1031	503336939
scaff_group013	NW_020141661.1	1030	503337969
scaff_group013	NW_020141662.1	1030	503338999
scaff_group013	NW_020141663.1	1030	503340029
scaff_group013	NW_020141664.1	1030	503341059
scaff_group013	NW_020141665.1	1030	503342089
scaff_group013	NW_020141666.1	1030	503343119
scaff_group013	NW_020141667.1	1030	503344149
scaff_group013	NW_020141668.1	1030	503345179
scaff_group013	NW_020141669.1	1030	503346209
scaff_group013	NW_020141670.1	1030	503347239
scaff_group013	NW_020141671.1	1030	503348269
scaff_group013	NW_020141672.1	1030	503349299
scaff_group013	NW_020141673.1	1030	503350329
scaff_group013	NW_020141674.1	1030	503351359
scaff_group013	NW_020141675.1	1030	503352389
scaff_group013	NW_020141676.1	1029	503353418
scaff_group013	NW_020141677.1	1029	503354447
scaff_group013	NW_020141678.1	1029	503355476
scaff_group013	NW_020141679.1	1029	503356505
scaff_group013	NW_020141680.1	1029	503357534
scaff_group013	NW_020141681.1	1029	503358563
scaff_group013	NW_020141682.1	1029	503359592
scaff_group013	NW_020141683.1	1028	503360620
scaff_group013	NW_020141684.1	1028	503361648
scaff_group013	NW_020141685.1	1028	503362676
scaff_group013	NW_020141686.1	1028	503363704
scaff_group013	NW_020141687.1	1028	503364732
scaff_group013	NW_020141688.1	1028	503365760
scaff_group013	NW_020141689.1	1028	503366788
scaff_group013	NW_020141690.1	1028	503367816
scaff_group013	NW_020141691.1	1028	503368844
scaff_group013	NW_020141692.1	1028	503369872
scaff_group013	NW_020141693.1	1028	503370900
scaff_group013	NW_020141694.1	1028	503371928
scaff_group013	NW_020141695.1	1028	503372956
scaff_group013	NW_020141696.1	1028	503373984
scaff_group013	NW_020141697.1	1028	503375012
scaff_group013	NW_020141698.1	1028	503376040
scaff_group013	NW_020141699.1	1027	503377067
scaff_group013	NW_020141700.1	1027	503378094
scaff_group013	NW_020141701.1	1027	503379121
scaff_group013	NW_020141702.1	1027	503380148
scaff_group013	NW_020141703.1	1027	503381175
scaff_group013	NW_020141704.1	1027	503382202
scaff_group013	NW_020141705.1	1027	503383229
scaff_group013	NW_020141706.1	1027	503384256
scaff_group013	NW_020141707.1	1027	503385283
scaff_group013	NW_020141708.1	1027	503386310
scaff_group013	NW_020141709.1	1027	503387337
scaff_group013	NW_020141710.1	1027	503388364
scaff_group013	NW_020141711.1	1027	503389391
scaff_group013	NW_020141712.1	1027	503390418
scaff_group013	NW_020141713.1	1026	503391444
scaff_group013	NW_020141714.1	1026	503392470
scaff_group013	NW_020141715.1	1026	503393496
scaff_group013	NW_020141716.1	1026	503394522
scaff_group013	NW_020141717.1	1026	503395548
scaff_group013	NW_020141718.1	1026	503396574
scaff_group013	NW_020141719.1	1026	503397600
scaff_group013	NW_020141720.1	1026	503398626
scaff_group013	NW_020141721.1	1026	503399652
scaff_group013	NW_020141722.1	1026	503400678
scaff_group013	NW_020141723.1	1026	503401704
scaff_group013	NW_020141724.1	1026	503402730
scaff_group013	NW_020141725.1	1026	503403756
scaff_group013	NW_020141726.1	1025	503404781
scaff_group013	NW_020141727.1	1025	503405806
scaff_group013	NW_020141728.1	1025	503406831
scaff_group013	NW_020141729.1	1025	503407856
scaff_group013	NW_020141730.1	1025	503408881
scaff_group013	NW_020141731.1	1025	503409906
scaff_group013	NW_020141732.1	1025	503410931
scaff_group013	NW_020141733.1	1025	503411956
scaff_group013	NW_020141734.1	1025	503412981
scaff_group013	NW_020141735.1	1025	503414006
scaff_group013	NW_020141736.1	1025	503415031
scaff_group013	NW_020141737.1	1025	503416056
scaff_group013	NW_020141738.1	1025	503417081
scaff_group013	NW_020141739.1	1025	503418106
scaff_group013	NW_020141740.1	1025	503419131
scaff_group013	NW_020141741.1	1025	503420156
scaff_group013	NW_020141742.1	1025	503421181
scaff_group013	NW_020141743.1	1025	503422206
scaff_group013	NW_020141744.1	1024	503423230
scaff_group013	NW_020141745.1	1024	503424254
scaff_group013	NW_020141746.1	1024	503425278
scaff_group013	NW_020141747.1	1024	503426302
scaff_group013	NW_020141748.1	1024	503427326
scaff_group013	NW_020141749.1	1024	503428350
scaff_group013	NW_020141750.1	1024	503429374
scaff_group013	NW_020141751.1	1024	503430398
scaff_group013	NW_020141752.1	1024	503431422
scaff_group013	NW_020141753.1	1024	503432446
scaff_group013	NW_020141754.1	1024	503433470
scaff_group013	NW_020141755.1	1023	503434493
scaff_group013	NW_020141756.1	1023	503435516
scaff_group013	NW_020141757.1	1023	503436539
scaff_group013	NW_020141758.1	1023	503437562
scaff_group013	NW_020141759.1	1023	503438585
scaff_group013	NW_020141760.1	1023	503439608
scaff_group013	NW_020141761.1	1023	503440631
scaff_group013	NW_020141762.1	1023	503441654
scaff_group013	NW_020141763.1	1023	503442677
scaff_group013	NW_020141764.1	1023	503443700
scaff_group013	NW_020141765.1	1023	503444723
scaff_group013	NW_020141766.1	1023	503445746
scaff_group013	NW_020141767.1	1023	503446769
scaff_group013	NW_020141768.1	1022	503447791
scaff_group013	NW_020141769.1	1022	503448813
scaff_group013	NW_020141770.1	1022	503449835
scaff_group013	NW_020141771.1	1022	503450857
scaff_group013	NW_020141772.1	1022	503451879
scaff_group013	NW_020141773.1	1022	503452901
scaff_group013	NW_020141774.1	1022	503453923
scaff_group013	NW_020141775.1	1022	503454945
scaff_group013	NW_020141776.1	1022	503455967
scaff_group013	NW_020141777.1	1022	503456989
scaff_group013	NW_020141778.1	1022	503458011
scaff_group013	NW_020141779.1	1022	503459033
scaff_group013	NW_020141780.1	1021	503460054
scaff_group013	NW_020141781.1	1021	503461075
scaff_group013	NW_020141782.1	1021	503462096
scaff_group013	NW_020141783.1	1021	503463117
scaff_group013	NW_020141784.1	1021	503464138
scaff_group013	NW_020141785.1	1021	503465159
scaff_group013	NW_020141786.1	1021	503466180
scaff_group013	NW_020141787.1	1021	503467201
scaff_group013	NW_020141788.1	1021	503468222
scaff_group013	NW_020141789.1	1021	503469243
scaff_group013	NW_020141790.1	1021	503470264
scaff_group013	NW_020141791.1	1021	503471285
scaff_group013	NW_020141792.1	1020	503472305
scaff_group013	NW_020141793.1	1020	503473325
scaff_group013	NW_020141794.1	1020	503474345
scaff_group013	NW_020141795.1	1020	503475365
scaff_group013	NW_020141796.1	1020	503476385
scaff_group013	NW_020141797.1	1020	503477405
scaff_group013	NW_020141798.1	1020	503478425
scaff_group013	NW_020141799.1	1020	503479445
scaff_group013	NW_020141800.1	1020	503480465
scaff_group013	NW_020141801.1	1020	503481485
scaff_group013	NW_020141802.1	1020	503482505
scaff_group013	NW_020141803.1	1020	503483525
scaff_group013	NW_020141804.1	1020	503484545
scaff_group013	NW_020141805.1	1020	503485565
scaff_group013	NW_020141806.1	1020	503486585
scaff_group013	NW_020141807.1	1019	503487604
scaff_group013	NW_020141808.1	1019	503488623
scaff_group013	NW_020141809.1	1019	503489642
scaff_group013	NW_020141810.1	1019	503490661
scaff_group013	NW_020141811.1	1019	503491680
scaff_group013	NW_020141812.1	1019	503492699
scaff_group013	NW_020141813.1	1019	503493718
scaff_group013	NW_020141814.1	1019	503494737
scaff_group013	NW_020141815.1	1019	503495756
scaff_group013	NW_020141816.1	1019	503496775
scaff_group013	NW_020141817.1	1019	503497794
scaff_group013	NW_020141818.1	1019	503498813
scaff_group013	NW_020141819.1	1019	503499832
scaff_group013	NW_020141820.1	1019	503500851
scaff_group013	NW_020141821.1	1019	503501870
scaff_group013	NW_020141822.1	1019	503502889
scaff_group013	NW_020141823.1	1018	503503907
scaff_group013	NW_020141824.1	1018	503504925
scaff_group013	NW_020141825.1	1018	503505943
scaff_group013	NW_020141826.1	1018	503506961
scaff_group013	NW_020141827.1	1018	503507979
scaff_group013	NW_020141828.1	1018	503508997
scaff_group013	NW_020141829.1	1018	503510015
scaff_group013	NW_020141830.1	1018	503511033
scaff_group013	NW_020141831.1	1017	503512050
scaff_group013	NW_020141832.1	1017	503513067
scaff_group013	NW_020141833.1	1017	503514084
scaff_group013	NW_020141834.1	1017	503515101
scaff_group013	NW_020141835.1	1017	503516118
scaff_group013	NW_020141836.1	1017	503517135
scaff_group013	NW_020141837.1	1017	503518152
scaff_group013	NW_020141838.1	1017	503519169
scaff_group013	NW_020141839.1	1017	503520186
scaff_group013	NW_020141840.1	1017	503521203
scaff_group013	NW_020141841.1	1017	503522220
scaff_group013	NW_020141842.1	1017	503523237
scaff_group013	NW_020141843.1	1016	503524253
scaff_group013	NW_020141844.1	1016	503525269
scaff_group013	NW_020141845.1	1016	503526285
scaff_group013	NW_020141846.1	1016	503527301
scaff_group013	NW_020141847.1	1016	503528317
scaff_group013	NW_020141848.1	1016	503529333
scaff_group013	NW_020141849.1	1016	503530349
scaff_group013	NW_020141850.1	1016	503531365
scaff_group013	NW_020141851.1	1016	503532381
scaff_group013	NW_020141852.1	1016	503533397
scaff_group013	NW_020141853.1	1016	503534413
scaff_group013	NW_020141854.1	1016	503535429
scaff_group013	NW_020141855.1	1016	503536445
scaff_group013	NW_020141856.1	1015	503537460
scaff_group013	NW_020141857.1	1015	503538475
scaff_group013	NW_020141858.1	1015	503539490
scaff_group013	NW_020141859.1	1015	503540505
scaff_group013	NW_020141860.1	1015	503541520
scaff_group013	NW_020141861.1	1015	503542535
scaff_group013	NW_020141862.1	1015	503543550
scaff_group013	NW_020141863.1	1015	503544565
scaff_group013	NW_020141864.1	1015	503545580
scaff_group013	NW_020141865.1	1015	503546595
scaff_group013	NW_020141866.1	1014	503547609
scaff_group013	NW_020141867.1	1014	503548623
scaff_group013	NW_020141868.1	1014	503549637
scaff_group013	NW_020141869.1	1014	503550651
scaff_group013	NW_020141870.1	1014	503551665
scaff_group013	NW_020141871.1	1014	503552679
scaff_group013	NW_020141872.1	1014	503553693
scaff_group013	NW_020141873.1	1014	503554707
scaff_group013	NW_020141874.1	1014	503555721
scaff_group013	NW_020141875.1	1014	503556735
scaff_group013	NW_020141876.1	1014	503557749
scaff_group013	NW_020141877.1	1014	503558763
scaff_group013	NW_020141878.1	1014	503559777
scaff_group013	NW_020141879.1	1014	503560791
scaff_group013	NW_020141880.1	1014	503561805
scaff_group013	NW_020141881.1	1014	503562819
scaff_group013	NW_020141882.1	1014	503563833
scaff_group013	NW_020141883.1	1014	503564847
scaff_group013	NW_020141884.1	1013	503565860
scaff_group013	NW_020141885.1	1013	503566873
scaff_group013	NW_020141886.1	1013	503567886
scaff_group013	NW_020141887.1	1013	503568899
scaff_group013	NW_020141888.1	1013	503569912
scaff_group013	NW_020141889.1	1013	503570925
scaff_group013	NW_020141890.1	1013	503571938
scaff_group013	NW_020141891.1	1013	503572951
scaff_group013	NW_020141892.1	1013	503573964
scaff_group013	NW_020141893.1	1013	503574977
scaff_group013	NW_020141894.1	1013	503575990
scaff_group013	NW_020141895.1	1013	503577003
scaff_group013	NW_020141896.1	1013	503578016
scaff_group013	NW_020141897.1	1013	503579029
scaff_group013	NW_020141898.1	1013	503580042
scaff_group013	NW_020141899.1	1013	503581055
scaff_group013	NW_020141900.1	1012	503582067
scaff_group013	NW_020141901.1	1012	503583079
scaff_group013	NW_020141902.1	1012	503584091
scaff_group013	NW_020141903.1	1012	503585103
scaff_group013	NW_020141904.1	1012	503586115
scaff_group013	NW_020141905.1	1012	503587127
scaff_group013	NW_020141906.1	1012	503588139
scaff_group013	NW_020141907.1	1012	503589151
scaff_group013	NW_020141908.1	1012	503590163
scaff_group013	NW_020141909.1	1012	503591175
scaff_group013	NW_020141910.1	1012	503592187
scaff_group013	NW_020141911.1	1012	503593199
scaff_group013	NW_020141912.1	1012	503594211
scaff_group013	NW_020141913.1	1012	503595223
scaff_group013	NW_020141914.1	1012	503596235
scaff_group013	NW_020141915.1	1012	503597247
scaff_group013	NW_020141916.1	1012	503598259
scaff_group013	NW_020141917.1	1012	503599271
scaff_group013	NW_020141918.1	1011	503600282
scaff_group013	NW_020141919.1	1011	503601293
scaff_group013	NW_020141920.1	1011	503602304
scaff_group013	NW_020141921.1	1011	503603315
scaff_group013	NW_020141922.1	1011	503604326
scaff_group013	NW_020141923.1	1011	503605337
scaff_group013	NW_020141924.1	1011	503606348
scaff_group013	NW_020141925.1	1011	503607359
scaff_group013	NW_020141926.1	1011	503608370
scaff_group013	NW_020141927.1	1011	503609381
scaff_group013	NW_020141928.1	1010	503610391
scaff_group013	NW_020141929.1	1010	503611401
scaff_group013	NW_020141930.1	1010	503612411
scaff_group013	NW_020141931.1	1010	503613421
scaff_group013	NW_020141932.1	1010	503614431
scaff_group013	NW_020141933.1	1010	503615441
scaff_group013	NW_020141934.1	1010	503616451
scaff_group013	NW_020141935.1	1010	503617461
scaff_group013	NW_020141936.1	1010	503618471
scaff_group013	NW_020141937.1	1010	503619481
scaff_group013	NW_020141938.1	1009	503620490
scaff_group013	NW_020141939.1	1009	503621499
scaff_group013	NW_020141940.1	1009	503622508
scaff_group013	NW_020141941.1	1009	503623517
scaff_group013	NW_020141942.1	1009	503624526
scaff_group013	NW_020141943.1	1009	503625535
scaff_group013	NW_020141944.1	1009	503626544
scaff_group013	NW_020141945.1	1009	503627553
scaff_group013	NW_020141946.1	1009	503628562
scaff_group013	NW_020141947.1	1009	503629571
scaff_group013	NW_020141948.1	1009	503630580
scaff_group013	NW_020141949.1	1008	503631588
scaff_group013	NW_020141950.1	1008	503632596
scaff_group013	NW_020141951.1	1008	503633604
scaff_group013	NW_020141952.1	1008	503634612
scaff_group013	NW_020141953.1	1008	503635620
scaff_group013	NW_020141954.1	1008	503636628
scaff_group013	NW_020141955.1	1008	503637636
scaff_group013	NW_020141956.1	1008	503638644
scaff_group013	NW_020141957.1	1008	503639652
scaff_group013	NW_020141958.1	1008	503640660
scaff_group013	NW_020141959.1	1008	503641668
scaff_group013	NW_020141960.1	1008	503642676
scaff_group013	NW_020141961.1	1008	503643684
scaff_group013	NW_020141962.1	1008	503644692
scaff_group013	NW_020141963.1	1008	503645700
scaff_group013	NW_020141964.1	1008	503646708
scaff_group013	NW_020141965.1	1008	503647716
scaff_group013	NW_020141966.1	1008	503648724
scaff_group013	NW_020141967.1	1008	503649732
scaff_group013	NW_020141968.1	1007	503650739
scaff_group013	NW_020141969.1	1007	503651746
scaff_group013	NW_020141970.1	1007	503652753
scaff_group013	NW_020141971.1	1007	503653760
scaff_group013	NW_020141972.1	1007	503654767
scaff_group013	NW_020141973.1	1007	503655774
scaff_group013	NW_020141974.1	1007	503656781
scaff_group013	NW_020141975.1	1007	503657788
scaff_group013	NW_020141976.1	1007	503658795
scaff_group013	NW_020141977.1	1007	503659802
scaff_group013	NW_020141978.1	1007	503660809
scaff_group013	NW_020141979.1	1007	503661816
scaff_group013	NW_020141980.1	1007	503662823
scaff_group013	NW_020141981.1	1007	503663830
scaff_group013	NW_020141982.1	1007	503664837
scaff_group013	NW_020141983.1	1006	503665843
scaff_group013	NW_020141984.1	1006	503666849
scaff_group013	NW_020141985.1	1006	503667855
scaff_group013	NW_020141986.1	1006	503668861
scaff_group013	NW_020141987.1	1006	503669867
scaff_group013	NW_020141988.1	1006	503670873
scaff_group013	NW_020141989.1	1006	503671879
scaff_group013	NW_020141990.1	1006	503672885
scaff_group013	NW_020141991.1	1006	503673891
scaff_group013	NW_020141992.1	1006	503674897
scaff_group013	NW_020141993.1	1006	503675903
scaff_group013	NW_020141994.1	1006	503676909
scaff_group013	NW_020141995.1	1006	503677915
scaff_group013	NW_020141996.1	1006	503678921
scaff_group013	NW_020141997.1	1006	503679927
scaff_group013	NW_020141998.1	1006	503680933
scaff_group013	NW_020141999.1	1006	503681939
scaff_group013	NW_020142000.1	1005	503682944
scaff_group013	NW_020142001.1	1005	503683949
scaff_group013	NW_020142002.1	1005	503684954
scaff_group013	NW_020142003.1	1005	503685959
scaff_group013	NW_020142004.1	1005	503686964
scaff_group013	NW_020142005.1	1005	503687969
scaff_group013	NW_020142006.1	1005	503688974
scaff_group013	NW_020142007.1	1005	503689979
scaff_group013	NW_020142008.1	1005	503690984
scaff_group013	NW_020142009.1	1005	503691989
scaff_group013	NW_020142010.1	1005	503692994
scaff_group013	NW_020142011.1	1005	503693999
scaff_group013	NW_020142012.1	1005	503695004
scaff_group013	NW_020142013.1	1005	503696009
scaff_group013	NW_020142014.1	1004	503697013
scaff_group013	NW_020142015.1	1004	503698017
scaff_group013	NW_020142016.1	1004	503699021
scaff_group013	NW_020142017.1	1004	503700025
scaff_group013	NW_020142018.1	1004	503701029
scaff_group013	NW_020142019.1	1004	503702033
scaff_group013	NW_020142020.1	1004	503703037
scaff_group013	NW_020142021.1	1004	503704041
scaff_group013	NW_020142022.1	1004	503705045
scaff_group013	NW_020142023.1	1004	503706049
scaff_group013	NW_020142024.1	1004	503707053
scaff_group013	NW_020142025.1	1004	503708057
scaff_group013	NW_020142026.1	1004	503709061
scaff_group013	NW_020142027.1	1004	503710065
scaff_group013	NW_020142028.1	1004	503711069
scaff_group013	NW_020142029.1	1004	503712073
scaff_group013	NW_020142030.1	1003	503713076
scaff_group013	NW_020142031.1	1003	503714079
scaff_group013	NW_020142032.1	1003	503715082
scaff_group013	NW_020142033.1	1003	503716085
scaff_group013	NW_020142034.1	1003	503717088
scaff_group013	NW_020142035.1	1003	503718091
scaff_group013	NW_020142036.1	1003	503719094
scaff_group013	NW_020142037.1	1003	503720097
scaff_group013	NW_020142038.1	1003	503721100
scaff_group013	NW_020142039.1	1003	503722103
scaff_group013	NW_020142040.1	1003	503723106
scaff_group013	NW_020142041.1	1002	503724108
scaff_group013	NW_020142042.1	1002	503725110
scaff_group013	NW_020142043.1	1002	503726112
scaff_group013	NW_020142044.1	1002	503727114
scaff_group013	NW_020142045.1	1002	503728116
scaff_group013	NW_020142046.1	1002	503729118
scaff_group013	NW_020142047.1	1002	503730120
scaff_group013	NW_020142048.1	1002	503731122
scaff_group013	NW_020142049.1	1001	503732123
scaff_group013	NW_020142050.1	1001	503733124
scaff_group013	NW_020142051.1	1001	503734125
scaff_group013	NW_020142052.1	1001	503735126
scaff_group013	NW_020142053.1	1001	503736127
scaff_group013	NW_020142054.1	1001	503737128
scaff_group013	NW_020142055.1	1001	503738129
scaff_group013	NW_020142056.1	1001	503739130
scaff_group013	NW_020142057.1	1001	503740131
scaff_group013	NW_020142058.1	1001	503741132
scaff_group013	NW_020142059.1	1001	503742133
scaff_group013	NW_020142060.1	1001	503743134
scaff_group013	NW_020142061.1	1001	503744135
scaff_group013	NW_020142062.1	1001	503745136
scaff_group013	NW_020142063.1	1001	503746137
scaff_group013	NW_020142064.1	1001	503747138
scaff_group013	NW_020142065.1	1001	503748139
scaff_group013	NW_020142066.1	1001	503749140
scaff_group013	NW_020142067.1	1001	503750141
scaff_group013	NW_020142068.1	1000	503751141
scaff_group013	NW_020142069.1	1000	503752141
scaff_group013	NW_020142070.1	1000	503753141
scaff_group013	NW_020142071.1	1000	503754141
scaff_group013	NW_020142072.1	1000	503755141
scaff_group013	NW_020142073.1	1000	503756141
scaff_group013	NW_020142074.1	1000	503757141
scaff_group013	NW_020142075.1	1000	503758141
scaff_group013	NW_020142076.1	1000	503759141
scaff_group013	NW_020142077.1	1000	503760141
scaff_group013	NW_020142078.1	1000	503761141
scaff_group013	NW_020142079.1	999	503762140
scaff_group013	NW_020142080.1	999	503763139
scaff_group013	NW_020142081.1	999	503764138
scaff_group013	NW_020142082.1	999	503765137
scaff_group013	NW_020142083.1	999	503766136
scaff_group013	NW_020142084.1	999	503767135
scaff_group013	NW_020142085.1	999	503768134
scaff_group013	NW_020142086.1	999	503769133
scaff_group013	NW_020142087.1	998	503770131
scaff_group013	NW_020142088.1	998	503771129
scaff_group013	NW_020142089.1	998	503772127
scaff_group013	NW_020142090.1	997	503773124
scaff_group013	NW_020142091.1	997	503774121
scaff_group013	NW_020142092.1	997	503775118
scaff_group013	NW_020142093.1	997	503776115
scaff_group013	NW_020142094.1	997	503777112
scaff_group013	NW_020142095.1	997	503778109
scaff_group013	NW_020142096.1	996	503779105
scaff_group013	NW_020142097.1	996	503780101
scaff_group013	NW_020142098.1	996	503781097
scaff_group013	NW_020142099.1	996	503782093
scaff_group013	NW_020142100.1	996	503783089
scaff_group013	NW_020142101.1	996	503784085
scaff_group013	NW_020142102.1	996	503785081
scaff_group013	NW_020142103.1	996	503786077
scaff_group013	NW_020142104.1	996	503787073
scaff_group013	NW_020142105.1	995	503788068
scaff_group013	NW_020142106.1	995	503789063
scaff_group013	NW_020142107.1	995	503790058
scaff_group013	NW_020142108.1	995	503791053
scaff_group013	NW_020142109.1	995	503792048
scaff_group013	NW_020142110.1	994	503793042
scaff_group013	NW_020142111.1	994	503794036
scaff_group013	NW_020142112.1	994	503795030
scaff_group013	NW_020142113.1	994	503796024
scaff_group013	NW_020142114.1	994	503797018
scaff_group013	NW_020142115.1	994	503798012
scaff_group013	NW_020142116.1	994	503799006
scaff_group013	NW_020142117.1	994	503800000
scaff_group013	NW_020142118.1	994	503800994
scaff_group013	NW_020142119.1	994	503801988
scaff_group013	NW_020142120.1	993	503802981
scaff_group013	NW_020142121.1	993	503803974
scaff_group013	NW_020142122.1	993	503804967
scaff_group013	NW_020142123.1	993	503805960
scaff_group013	NW_020142124.1	993	503806953
scaff_group013	NW_020142125.1	993	503807946
scaff_group013	NW_020142126.1	992	503808938
scaff_group013	NW_020142127.1	992	503809930
scaff_group013	NW_020142128.1	992	503810922
scaff_group013	NW_020142129.1	992	503811914
scaff_group013	NW_020142130.1	992	503812906
scaff_group013	NW_020142131.1	992	503813898
scaff_group013	NW_020142132.1	992	503814890
scaff_group013	NW_020142133.1	992	503815882
scaff_group013	NW_020142134.1	992	503816874
scaff_group013	NW_020142135.1	992	503817866
scaff_group013	NW_020142136.1	991	503818857
scaff_group013	NW_020142137.1	991	503819848
scaff_group013	NW_020142138.1	991	503820839
scaff_group013	NW_020142139.1	991	503821830
scaff_group013	NW_020142140.1	991	503822821
scaff_group013	NW_020142141.1	991	503823812
scaff_group013	NW_020142142.1	991	503824803
scaff_group013	NW_020142143.1	991	503825794
scaff_group013	NW_020142144.1	991	503826785
scaff_group013	NW_020142145.1	991	503827776
scaff_group013	NW_020142146.1	990	503828766
scaff_group013	NW_020142147.1	990	503829756
scaff_group013	NW_020142148.1	990	503830746
scaff_group013	NW_020142149.1	990	503831736
scaff_group013	NW_020142150.1	989	503832725
scaff_group013	NW_020142151.1	989	503833714
scaff_group013	NW_020142152.1	989	503834703
scaff_group013	NW_020142153.1	989	503835692
scaff_group013	NW_020142154.1	989	503836681
scaff_group013	NW_020142155.1	988	503837669
scaff_group013	NW_020142156.1	988	503838657
scaff_group013	NW_020142157.1	988	503839645
scaff_group013	NW_020142158.1	988	503840633
scaff_group013	NW_020142159.1	987	503841620
scaff_group013	NW_020142160.1	987	503842607
scaff_group013	NW_020142161.1	987	503843594
scaff_group013	NW_020142162.1	987	503844581
scaff_group013	NW_020142163.1	987	503845568
scaff_group013	NW_020142164.1	987	503846555
scaff_group013	NW_020142165.1	987	503847542
scaff_group013	NW_020142166.1	987	503848529
scaff_group013	NW_020142167.1	987	503849516
scaff_group013	NW_020142168.1	986	503850502
scaff_group013	NW_020142169.1	986	503851488
scaff_group013	NW_020142170.1	986	503852474
scaff_group013	NW_020142171.1	986	503853460
scaff_group013	NW_020142172.1	986	503854446
scaff_group013	NW_020142173.1	986	503855432
scaff_group013	NW_020142174.1	986	503856418
scaff_group013	NW_020142175.1	986	503857404
scaff_group013	NW_020142176.1	986	503858390
scaff_group013	NW_020142177.1	985	503859375
scaff_group013	NW_020142178.1	985	503860360
scaff_group013	NW_020142179.1	985	503861345
scaff_group013	NW_020142180.1	985	503862330
scaff_group013	NW_020142181.1	985	503863315
scaff_group013	NW_020142182.1	985	503864300
scaff_group013	NW_020142183.1	985	503865285
scaff_group013	NW_020142184.1	985	503866270
scaff_group013	NW_020142185.1	984	503867254
scaff_group013	NW_020142186.1	984	503868238
scaff_group013	NW_020142187.1	984	503869222
scaff_group013	NW_020142188.1	984	503870206
scaff_group013	NW_020142189.1	984	503871190
scaff_group013	NW_020142190.1	984	503872174
scaff_group013	NW_020142191.1	984	503873158
scaff_group013	NW_020142192.1	984	503874142
scaff_group013	NW_020142193.1	983	503875125
scaff_group013	NW_020142194.1	983	503876108
scaff_group013	NW_020142195.1	983	503877091
scaff_group013	NW_020142196.1	983	503878074
scaff_group013	NW_020142197.1	983	503879057
scaff_group013	NW_020142198.1	983	503880040
scaff_group013	NW_020142199.1	982	503881022
scaff_group013	NW_020142200.1	982	503882004
scaff_group013	NW_020142201.1	982	503882986
scaff_group013	NW_020142202.1	981	503883967
scaff_group013	NW_020142203.1	981	503884948
scaff_group013	NW_020142204.1	981	503885929
scaff_group013	NW_020142205.1	981	503886910
scaff_group013	NW_020142206.1	981	503887891
scaff_group013	NW_020142207.1	981	503888872
scaff_group013	NW_020142208.1	981	503889853
scaff_group013	NW_020142209.1	981	503890834
scaff_group013	NW_020142210.1	980	503891814
scaff_group013	NW_020142211.1	980	503892794
scaff_group013	NW_020142212.1	980	503893774
scaff_group013	NW_020142213.1	980	503894754
scaff_group013	NW_020142214.1	980	503895734
scaff_group013	NW_020142215.1	979	503896713
scaff_group013	NW_020142216.1	979	503897692
scaff_group013	NW_020142217.1	979	503898671
scaff_group013	NW_020142218.1	979	503899650
scaff_group013	NW_020142219.1	979	503900629
scaff_group013	NW_020142220.1	979	503901608
scaff_group013	NW_020142221.1	979	503902587
scaff_group013	NW_020142222.1	979	503903566
scaff_group013	NW_020142223.1	978	503904544
scaff_group013	NW_020142224.1	978	503905522
scaff_group013	NW_020142225.1	978	503906500
scaff_group013	NW_020142226.1	978	503907478
scaff_group013	NW_020142227.1	978	503908456
scaff_group013	NW_020142228.1	978	503909434
scaff_group013	NW_020142229.1	978	503910412
scaff_group013	NW_020142230.1	978	503911390
scaff_group013	NW_020142231.1	978	503912368
scaff_group013	NW_020142232.1	978	503913346
scaff_group013	NW_020142233.1	977	503914323
scaff_group013	NW_020142234.1	977	503915300
scaff_group013	NW_020142235.1	977	503916277
scaff_group013	NW_020142236.1	977	503917254
scaff_group013	NW_020142237.1	976	503918230
scaff_group013	NW_020142238.1	976	503919206
scaff_group013	NW_020142239.1	976	503920182
scaff_group013	NW_020142240.1	976	503921158
scaff_group013	NW_020142241.1	976	503922134
scaff_group013	NW_020142242.1	976	503923110
scaff_group013	NW_020142243.1	976	503924086
scaff_group013	NW_020142244.1	976	503925062
scaff_group013	NW_020142245.1	976	503926038
scaff_group013	NW_020142246.1	975	503927013
scaff_group013	NW_020142247.1	975	503927988
scaff_group013	NW_020142248.1	975	503928963
scaff_group013	NW_020142249.1	975	503929938
scaff_group013	NW_020142250.1	975	503930913
scaff_group013	NW_020142251.1	975	503931888
scaff_group013	NW_020142252.1	975	503932863
scaff_group013	NW_020142253.1	974	503933837
scaff_group013	NW_020142254.1	974	503934811
scaff_group013	NW_020142255.1	974	503935785
scaff_group013	NW_020142256.1	974	503936759
scaff_group013	NW_020142257.1	974	503937733
scaff_group013	NW_020142258.1	974	503938707
scaff_group013	NW_020142259.1	973	503939680
scaff_group013	NW_020142260.1	973	503940653
scaff_group013	NW_020142261.1	972	503941625
scaff_group013	NW_020142262.1	972	503942597
scaff_group013	NW_020142263.1	972	503943569
scaff_group013	NW_020142264.1	972	503944541
scaff_group013	NW_020142265.1	972	503945513
scaff_group013	NW_020142266.1	972	503946485
scaff_group013	NW_020142267.1	971	503947456
scaff_group013	NW_020142268.1	971	503948427
scaff_group013	NW_020142269.1	971	503949398
scaff_group013	NW_020142270.1	971	503950369
scaff_group013	NW_020142271.1	971	503951340
scaff_group013	NW_020142272.1	971	503952311
scaff_group013	NW_020142273.1	971	503953282
scaff_group013	NW_020142274.1	970	503954252
scaff_group013	NW_020142275.1	970	503955222
scaff_group013	NW_020142276.1	969	503956191
scaff_group013	NW_020142277.1	969	503957160
scaff_group013	NW_020142278.1	969	503958129
scaff_group013	NW_020142279.1	968	503959097
scaff_group013	NW_020142280.1	968	503960065
scaff_group013	NW_020142281.1	968	503961033
scaff_group013	NW_020142282.1	968	503962001
scaff_group013	NW_020142283.1	968	503962969
scaff_group013	NW_020142284.1	968	503963937
scaff_group013	NW_020142285.1	968	503964905
scaff_group013	NW_020142286.1	968	503965873
scaff_group013	NW_020142287.1	967	503966840
scaff_group013	NW_020142288.1	967	503967807
scaff_group013	NW_020142289.1	967	503968774
scaff_group013	NW_020142290.1	966	503969740
scaff_group013	NW_020142291.1	966	503970706
scaff_group013	NW_020142292.1	966	503971672
scaff_group013	NW_020142293.1	966	503972638
scaff_group013	NW_020142294.1	966	503973604
scaff_group013	NW_020142295.1	965	503974569
scaff_group013	NW_020142296.1	965	503975534
scaff_group013	NW_020142297.1	965	503976499
scaff_group013	NW_020142298.1	965	503977464
scaff_group013	NW_020142299.1	965	503978429
scaff_group013	NW_020142300.1	965	503979394
scaff_group013	NW_020142301.1	965	503980359
scaff_group013	NW_020142302.1	964	503981323
scaff_group013	NW_020142303.1	964	503982287
scaff_group013	NW_020142304.1	964	503983251
scaff_group013	NW_020142305.1	964	503984215
scaff_group013	NW_020142306.1	963	503985178
scaff_group013	NW_020142307.1	963	503986141
scaff_group013	NW_020142308.1	963	503987104
scaff_group013	NW_020142309.1	963	503988067
scaff_group013	NW_020142310.1	963	503989030
scaff_group013	NW_020142311.1	963	503989993
scaff_group013	NW_020142312.1	963	503990956
scaff_group013	NW_020142313.1	962	503991918
scaff_group013	NW_020142314.1	962	503992880
scaff_group013	NW_020142315.1	962	503993842
scaff_group013	NW_020142316.1	962	503994804
scaff_group013	NW_020142317.1	962	503995766
scaff_group013	NW_020142318.1	962	503996728
scaff_group013	NW_020142319.1	962	503997690
scaff_group013	NW_020142320.1	962	503998652
scaff_group013	NW_020142321.1	961	503999613
scaff_group013	NW_020142322.1	961	504000574
scaff_group013	NW_020142323.1	961	504001535
scaff_group013	NW_020142324.1	961	504002496
scaff_group013	NW_020142325.1	961	504003457
scaff_group013	NW_020142326.1	961	504004418
scaff_group013	NW_020142327.1	960	504005378
scaff_group013	NW_020142328.1	960	504006338
scaff_group013	NW_020142329.1	960	504007298
scaff_group013	NW_020142330.1	960	504008258
scaff_group013	NW_020142331.1	960	504009218
scaff_group013	NW_020142332.1	960	504010178
scaff_group013	NW_020142333.1	959	504011137
scaff_group013	NW_020142334.1	959	504012096
scaff_group013	NW_020142335.1	959	504013055
scaff_group013	NW_020142336.1	959	504014014
scaff_group013	NW_020142337.1	959	504014973
scaff_group013	NW_020142338.1	959	504015932
scaff_group013	NW_020142339.1	959	504016891
scaff_group013	NW_020142340.1	958	504017849
scaff_group013	NW_020142341.1	958	504018807
scaff_group013	NW_020142342.1	958	504019765
scaff_group013	NW_020142343.1	958	504020723
scaff_group013	NW_020142344.1	957	504021680
scaff_group013	NW_020142345.1	957	504022637
scaff_group013	NW_020142346.1	957	504023594
scaff_group013	NW_020142347.1	957	504024551
scaff_group013	NW_020142348.1	957	504025508
scaff_group013	NW_020142349.1	957	504026465
scaff_group013	NW_020142350.1	956	504027421
scaff_group013	NW_020142351.1	956	504028377
scaff_group013	NW_020142352.1	956	504029333
scaff_group013	NW_020142353.1	956	504030289
scaff_group013	NW_020142354.1	956	504031245
scaff_group013	NW_020142355.1	955	504032200
scaff_group013	NW_020142356.1	955	504033155
scaff_group013	NW_020142357.1	955	504034110
scaff_group013	NW_020142358.1	955	504035065
scaff_group013	NW_020142359.1	955	504036020
scaff_group013	NW_020142360.1	955	504036975
scaff_group013	NW_020142361.1	955	504037930
scaff_group013	NW_020142362.1	955	504038885
scaff_group013	NW_020142363.1	954	504039839
scaff_group013	NW_020142364.1	954	504040793
scaff_group013	NW_020142365.1	954	504041747
scaff_group013	NW_020142366.1	954	504042701
scaff_group013	NW_020142367.1	953	504043654
scaff_group013	NW_020142368.1	953	504044607
scaff_group013	NW_020142369.1	953	504045560
scaff_group013	NW_020142370.1	952	504046512
scaff_group013	NW_020142371.1	952	504047464
scaff_group013	NW_020142372.1	952	504048416
scaff_group013	NW_020142373.1	952	504049368
scaff_group013	NW_020142374.1	952	504050320
scaff_group013	NW_020142375.1	951	504051271
scaff_group013	NW_020142376.1	951	504052222
scaff_group013	NW_020142377.1	951	504053173
scaff_group013	NW_020142378.1	951	504054124
scaff_group013	NW_020142379.1	950	504055074
scaff_group013	NW_020142380.1	950	504056024
scaff_group013	NW_020142381.1	950	504056974
scaff_group013	NW_020142382.1	950	504057924
scaff_group013	NW_020142383.1	949	504058873
scaff_group013	NW_020142384.1	949	504059822
scaff_group013	NW_020142385.1	949	504060771
scaff_group013	NW_020142386.1	949	504061720
scaff_group013	NW_020142387.1	948	504062668
scaff_group013	NW_020142388.1	948	504063616
scaff_group013	NW_020142389.1	948	504064564
scaff_group013	NW_020142390.1	947	504065511
scaff_group013	NW_020142391.1	947	504066458
scaff_group013	NW_020142392.1	947	504067405
scaff_group013	NW_020142393.1	947	504068352
scaff_group013	NW_020142394.1	947	504069299
scaff_group013	NW_020142395.1	947	504070246
scaff_group013	NW_020142396.1	947	504071193
scaff_group013	NW_020142397.1	947	504072140
scaff_group013	NW_020142398.1	946	504073086
scaff_group013	NW_020142399.1	946	504074032
scaff_group013	NW_020142400.1	946	504074978
scaff_group013	NW_020142401.1	945	504075923
scaff_group013	NW_020142402.1	945	504076868
scaff_group013	NW_020142403.1	945	504077813
scaff_group013	NW_020142404.1	945	504078758
scaff_group013	NW_020142405.1	944	504079702
scaff_group013	NW_020142406.1	944	504080646
scaff_group013	NW_020142407.1	943	504081589
scaff_group013	NW_020142408.1	943	504082532
scaff_group013	NW_020142409.1	943	504083475
scaff_group013	NW_020142410.1	943	504084418
scaff_group013	NW_020142411.1	943	504085361
scaff_group013	NW_020142412.1	943	504086304
scaff_group013	NW_020142413.1	942	504087246
scaff_group013	NW_020142414.1	941	504088187
scaff_group013	NW_020142415.1	940	504089127
scaff_group013	NW_020142416.1	940	504090067
scaff_group013	NW_020142417.1	940	504091007
scaff_group013	NW_020142418.1	939	504091946
scaff_group013	NW_020142419.1	938	504092884
scaff_group013	NW_020142420.1	938	504093822
scaff_group013	NW_020142421.1	937	504094759
scaff_group013	NW_020142422.1	937	504095696
scaff_group013	NW_020142423.1	937	504096633
scaff_group013	NW_020142424.1	936	504097569
scaff_group013	NW_020142425.1	936	504098505
scaff_group013	NW_020142426.1	935	504099440
scaff_group013	NW_020142427.1	935	504100375
scaff_group013	NW_020142428.1	932	504101307
scaff_group013	NW_020142429.1	932	504102239
scaff_group013	NW_020142430.1	932	504103171
scaff_group013	NW_020142431.1	932	504104103
scaff_group013	NW_020142432.1	931	504105034
scaff_group013	NW_020142433.1	931	504105965
scaff_group013	NW_020142434.1	931	504106896
scaff_group013	NW_020142435.1	930	504107826
scaff_group013	NW_020142436.1	930	504108756
scaff_group013	NW_020142437.1	929	504109685
scaff_group013	NW_020142438.1	929	504110614
scaff_group013	NW_020142439.1	929	504111543
scaff_group013	NW_020142440.1	928	504112471
scaff_group013	NW_020142441.1	928	504113399
scaff_group013	NW_020142442.1	927	504114326
scaff_group013	NW_020142443.1	926	504115252
scaff_group013	NW_020142444.1	926	504116178
scaff_group013	NW_020142445.1	926	504117104
scaff_group013	NW_020142446.1	925	504118029
scaff_group013	NW_020142447.1	924	504118953
scaff_group013	NW_020142448.1	923	504119876
scaff_group013	NW_020142449.1	923	504120799
scaff_group013	NW_020142450.1	923	504121722
scaff_group013	NW_020142451.1	921	504122643
scaff_group013	NW_020142452.1	920	504123563
scaff_group013	NW_020142453.1	920	504124483
scaff_group013	NW_020142454.1	920	504125403
scaff_group013	NW_020142455.1	920	504126323
scaff_group013	NW_020142456.1	919	504127242
scaff_group013	NW_020142457.1	918	504128160
scaff_group013	NW_020142458.1	918	504129078
scaff_group013	NW_020142459.1	917	504129995
scaff_group013	NW_020142460.1	916	504130911
scaff_group013	NW_020142461.1	915	504131826
scaff_group013	NW_020142462.1	914	504132740
scaff_group013	NW_020142463.1	914	504133654
scaff_group013	NW_020142464.1	912	504134566
scaff_group013	NW_020142465.1	910	504135476
scaff_group013	NW_020142466.1	909	504136385
scaff_group013	NW_020142467.1	908	504137293
scaff_group013	NW_020142468.1	908	504138201
scaff_group013	NW_020142469.1	908	504139109
scaff_group013	NW_020142470.1	908	504140017
scaff_group013	NW_020142471.1	907	504140924
scaff_group013	NW_020142472.1	906	504141830
scaff_group013	NW_020142473.1	906	504142736
scaff_group013	NW_020142474.1	904	504143640
scaff_group013	NW_020142475.1	902	504144542
scaff_group013	NW_020142476.1	902	504145444
scaff_group013	NW_020142477.1	899	504146343
scaff_group013	NW_020142478.1	898	504147241
scaff_group013	NW_020142479.1	897	504148138
scaff_group013	NW_020142480.1	896	504149034
scaff_group013	NW_020142481.1	896	504149930
scaff_group013	NW_020142482.1	895	504150825
scaff_group013	NW_020142483.1	891	504151716
scaff_group013	NW_020142484.1	891	504152607
scaff_group013	NW_020142485.1	889	504153496
scaff_group013	NW_020142486.1	884	504154380
scaff_group013	NW_020142487.1	882	504155262
scaff_group013	NW_020142488.1	881	504156143
scaff_group013	NW_020142489.1	98192	504254335
scaff_group013	NW_020142490.1	91073	504345408
scaff_group013	NW_020142491.1	1275026	505620434
scaff_group013	NW_020142492.1	507406	506127840
scaff_group013	NW_020142493.1	164710	506292550
scaff_group013	NW_020142494.1	1853574	508146124
scaff_group013	NW_020142495.1	237030	508383154
scaff_group013	NW_020142496.1	1667488	510050642
scaff_group013	NW_020142497.1	49455	510100097
scaff_group013	NW_020142498.1	2418688	512518785
scaff_group013	NW_020142499.1	3930367	516449152
scaff_group013	NW_020142500.1	1115635	517564787
scaff_group013	NW_020142501.1	111564	517676351
scaff_group013	NW_020142502.1	3005475	520681826
scaff_group013	NW_020142503.1	741919	521423745
scaff_group013	NW_020142504.1	204033	521627778
scaff_group013	NW_020142505.1	1632262	523260040
scaff_group013	NW_020142506.1	220877	523480917
scaff_group013	NW_020142507.1	412953	523893870
scaff_group013	NW_020142508.1	1076800	524970670
scaff_group013	NW_020142509.1	1646457	526617127
scaff_group014	NW_020142510.1	17820447	544437574
scaff_group014	NW_020142511.1	117897	544555471
scaff_group014	NW_020142512.1	6132964	550688435
scaff_group014	NW_020142513.1	967202	551655637
scaff_group014	NW_020142514.1	1652529	553308166
scaff_group014	NW_020142515.1	59315	553367481
scaff_group014	NW_020142516.1	400585	553768066
scaff_group014	NW_020142517.1	80117	553848183
scaff_group014	NW_020142518.1	153657	554001840
scaff_group014	NW_020142519.1	206643	554208483
scaff_group014	NW_020142520.1	2884597	557093080
scaff_group014	NW_020142521.1	113334	557206414
scaff_group014	NW_020142522.1	4520820	561727234
scaff_group014	NW_020142523.1	77104	561804338
scaff_group014	NW_020142524.1	115589	561919927
scaff_group014	NW_020142525.1	193899	562113826
scaff_group014	NW_020142526.1	59599	562173425
scaff_group014	NW_020142527.1	2622356	564795781
scaff_group014	NW_020142528.1	18402	564814183
scaff_group014	NW_020142529.1	1369804	566183987
scaff_group014	NW_020142530.1	50582	566234569
scaff_group014	NW_020142531.1	180349	566414918
scaff_group014	NW_020142532.1	1983835	568398753
scaff_group014	NW_020142533.1	630465	569029218
scaff_group014	NW_020142534.1	235056	569264274
scaff_group014	NW_020142535.1	758914	570023188
scaff_group014	NW_020142536.1	12706	570035894
scaff_group014	NW_020142537.1	5992920	576028814
scaff_group014	NW_020142538.1	2232192	578261006
scaff_group014	NW_020142539.1	4814213	583075219
scaff_group014	NW_020142540.1	30588	583105807
scaff_group015	NW_020142541.1	2450274	585556081
scaff_group015	NW_020142542.1	2695173	588251254
scaff_group015	NW_020142543.1	1033453	589284707
scaff_group015	NW_020142544.1	53585	589338292
scaff_group015	NW_020142545.1	440187	589778479
scaff_group015	NW_020142546.1	49164	589827643
scaff_group015	NW_020142547.1	936675	590764318
scaff_group015	NW_020142548.1	3541732	594306050
scaff_group015	NW_020142549.1	32304	594338354
scaff_group015	NW_020142550.1	34452	594372806
scaff_group015	NW_020142551.1	17309	594390115
scaff_group015	NW_020142552.1	86543	594476658
scaff_group015	NW_020142553.1	1906052	596382710
scaff_group015	NW_020142554.1	43120	596425830
scaff_group015	NW_020142555.1	42125	596467955
scaff_group015	NW_020142556.1	214180	596682135
scaff_group015	NW_020142557.1	117685	596799820
scaff_group015	NW_020142558.1	1176848	597976668
scaff_group015	NW_020142559.1	49182	598025850
scaff_group015	NW_020142560.1	300890	598326740
scaff_group015	NW_020142561.1	66950	598393690
scaff_group015	NW_020142562.1	242466	598636156
scaff_group015	NW_020142563.1	301944	598938100
scaff_group015	NW_020142564.1	452377	599390477
scaff_group015	NW_020142565.1	304891	599695368
scaff_group015	NW_020142566.1	20326	599715694
scaff_group015	NW_020142567.1	23078	599738772
scaff_group015	NW_020142568.1	19569	599758341
scaff_group015	NW_020142569.1	41978	599800319
scaff_group015	NW_020142570.1	434145	600234464
scaff_group015	NW_020142571.1	46981	600281445
scaff_group015	NW_020142572.1	67920	600349365
scaff_group015	NW_020142573.1	887503	601236868
scaff_group015	NW_020142574.1	42593	601279461
scaff_group015	NW_020142575.1	764406	602043867
scaff_group015	NW_020142576.1	276921	602320788
scaff_group015	NW_020142577.1	1218554	603539342
scaff_group015	NW_020142578.1	25760	603565102
scaff_group015	NW_020142579.1	9125	603574227
scaff_group015	NW_020142580.1	775666	604349893
scaff_group015	NW_020142581.1	1526122	605876015
scaff_group015	NW_020142582.1	52411	605928426
scaff_group015	NW_020142583.1	327569	606255995
scaff_group015	NW_020142584.1	736637	606992632
scaff_group015	NW_020142585.1	34611	607027243
scaff_group015	NW_020142586.1	35397	607062640
scaff_group015	NW_020142587.1	40174	607102814
scaff_group015	NW_020142588.1	522260	607625074
scaff_group015	NW_020142589.1	292766	607917840
scaff_group015	NW_020142590.1	141917	608059757
scaff_group015	NW_020142591.1	145763	608205520
scaff_group015	NW_020142592.1	798250	609003770
scaff_group015	NW_020142593.1	1292380	610296150
scaff_group015	NW_020142594.1	24589	610320739
scaff_group015	NW_020142595.1	1177388	611498127
scaff_group015	NW_020142596.1	24675	611522802
scaff_group015	NW_020142597.1	232646	611755448
scaff_group015	NW_020142598.1	18445	611773893
scaff_group015	NW_020142599.1	20265	611794158
scaff_group015	NW_020142600.1	80938	611875096
scaff_group015	NW_020142601.1	1106778	612981874
scaff_group015	NW_020142602.1	268572	613250446
scaff_group015	NW_020142603.1	118081	613368527
scaff_group015	NW_020142604.1	272943	613641470
scaff_group015	NW_020142605.1	60025	613701495
scaff_group015	NW_020142606.1	973129	614674624
scaff_group015	NW_020142607.1	35342	614709966
scaff_group015	NW_020142608.1	20971	614730937
scaff_group015	NW_020142609.1	1119386	615850323
scaff_group015	NW_020142610.1	425210	616275533
scaff_group015	NW_020142611.1	34556	616310089
scaff_group015	NW_020142612.1	34556	616344645
scaff_group015	NW_020142613.1	33032	616377677
scaff_group015	NW_020142614.1	48359	616426036
scaff_group015	NW_020142615.1	123996	616550032
scaff_group015	NW_020142616.1	35347	616585379
scaff_group015	NW_020142617.1	389308	616974687
scaff_group015	NW_020142618.1	527778	617502465
scaff_group015	NW_020142619.1	54846	617557311
scaff_group015	NW_020142620.1	535370	618092681
scaff_group015	NW_020142621.1	36111	618128792
scaff_group015	NW_020142622.1	51531	618180323
scaff_group015	NW_020142623.1	5887	618186210
scaff_group015	NW_020142624.1	205020	618391230
scaff_group015	NW_020142625.1	101355	618492585
scaff_group015	NW_020142626.1	20959	618513544
scaff_group015	NW_020142627.1	210281	618723825
scaff_group015	NW_020142628.1	503946	619227771
scaff_group015	NW_020142629.1	402466	619630237
scaff_group015	NW_020142630.1	731338	620361575
scaff_group015	NW_020142631.1	591162	620952737
scaff_group015	NW_020142632.1	192282	621145019
scaff_group015	NW_020142633.1	734176	621879195
scaff_group015	NW_020142634.1	21916	621901111
scaff_group015	NW_020142635.1	24655	621925766
scaff_group015	NW_020142636.1	205078	622130844
scaff_group015	NW_020142637.1	306700	622437544
scaff_group015	NW_020142638.1	646208	623083752
scaff_group015	NW_020142639.1	188054	623271806
scaff_group015	NW_020142640.1	468191	623739997
scaff_group015	NW_020142641.1	4286	623744283
scaff_group015	NW_020142642.1	102921	623847204
scaff_group015	NW_020142643.1	463036	624310240
scaff_group015	NW_020142644.1	240780	624551020
scaff_group015	NW_020142645.1	16876	624567896
scaff_group015	NW_020142646.1	19308	624587204
scaff_group015	NW_020142647.1	19779	624606983
scaff_group015	NW_020142648.1	254900	624861883
scaff_group015	NW_020142649.1	35974	624897857
scaff_group015	NW_020142650.1	78680	624976537
scaff_group015	NW_020142651.1	246242	625222779
scaff_group015	NW_020142652.1	182907	625405686
scaff_group015	NW_020142653.1	175821	625581507
scaff_group015	NW_020142654.1	134511	625716018
scaff_group015	NW_020142655.1	49994	625766012
scaff_group015	NW_020142656.1	585475	626351487
scaff_group015	NW_020142657.1	17319	626368806
scaff_group016	NW_020142658.1	1075577	627444383
scaff_group016	NW_020142659.1	19158	627463541
scaff_group016	NW_020142660.1	95791	627559332
scaff_group016	NW_020142661.1	46834	627606166
scaff_group016	NW_020142662.1	234170	627840336
scaff_group016	NW_020142663.1	199155	628039491
scaff_group016	NW_020142664.1	22958	628062449
scaff_group016	NW_020142665.1	252542	628314991
scaff_group016	NW_020142666.1	191237	628506228
scaff_group016	NW_020142667.1	25449	628531677
scaff_group016	NW_020142668.1	124561	628656238
scaff_group016	NW_020142669.1	94993	628751231
scaff_group016	NW_020142670.1	16549	628767780
scaff_group016	NW_020142671.1	76916	628844696
scaff_group016	NW_020142672.1	174354	629019050
scaff_group016	NW_020142673.1	311747	629330797
scaff_group016	NW_020142674.1	484327	629815124
scaff_group016	NW_020142675.1	15293	629830417
scaff_group016	NW_020142676.1	100219	629930636
scaff_group016	NW_020142677.1	441498	630372134
scaff_group016	NW_020142678.1	52652	630424786
scaff_group016	NW_020142679.1	599756	631024542
scaff_group016	NW_020142680.1	63929	631088471
scaff_group016	NW_020142681.1	27375	631115846
scaff_group016	NW_020142682.1	46050	631161896
scaff_group016	NW_020142683.1	184199	631346095
scaff_group016	NW_020142684.1	118228	631464323
scaff_group016	NW_020142685.1	383358	631847681
scaff_group016	NW_020142686.1	222022	632069703
scaff_group016	NW_020142687.1	26378	632096081
scaff_group016	NW_020142688.1	192638	632288719
scaff_group016	NW_020142689.1	28399	632317118
scaff_group016	NW_020142690.1	413102	632730220
scaff_group016	NW_020142691.1	27294	632757514
scaff_group016	NW_020142692.1	113381	632870895
scaff_group016	NW_020142693.1	336519	633207414
scaff_group016	NW_020142694.1	14344	633221758
scaff_group016	NW_020142695.1	384938	633606696
scaff_group016	NW_020142696.1	187015	633793711
scaff_group016	NW_020142697.1	115881	633909592
scaff_group016	NW_020142698.1	103262	634012854
scaff_group016	NW_020142699.1	77928	634090782
scaff_group016	NW_020142700.1	22311	634113093
scaff_group016	NW_020142701.1	245302	634358395
scaff_group016	NW_020142702.1	169378	634527773
scaff_group016	NW_020142703.1	269520	634797293
scaff_group016	NW_020142704.1	269387	635066680
scaff_group016	NW_020142705.1	85093	635151773
scaff_group016	NW_020142706.1	353634	635505407
scaff_group016	NW_020142707.1	145256	635650663
scaff_group016	NW_020142708.1	117660	635768323
scaff_group016	NW_020142709.1	113391	635881714
scaff_group016	NW_020142710.1	286708	636168422
scaff_group016	NW_020142711.1	161274	636329696
scaff_group016	NW_020142712.1	394315	636724011
scaff_group016	NW_020142713.1	223732	636947743
scaff_group016	NW_020142714.1	90131	637037874
scaff_group016	NW_020142715.1	440453	637478327
scaff_group016	NW_020142716.1	1099073	638577400
scaff_group016	NW_020142717.1	217079	638794479
scaff_group016	NW_020142718.1	127270	638921749
scaff_group016	NW_020142719.1	53172	638974921
scaff_group016	NW_020142720.1	97929	639072850
scaff_group016	NW_020142721.1	146892	639219742
scaff_group016	NW_020142722.1	12890	639232632
scaff_group016	NW_020142723.1	43626	639276258
scaff_group016	NW_020142724.1	267994	639544252
scaff_group016	NW_020142725.1	223357	639767609
scaff_group016	NW_020142726.1	233364	640000973
scaff_group016	NW_020142727.1	96929	640097902
scaff_group016	NW_020142728.1	516955	640614857
scaff_group016	NW_020142729.1	48033	640662890
scaff_group016	NW_020142730.1	70970	640733860
scaff_group016	NW_020142731.1	93849	640827709
scaff_group016	NW_020142732.1	241731	641069440
scaff_group016	NW_020142733.1	133581	641203021
scaff_group016	NW_020142734.1	223573	641426594
scaff_group016	NW_020142735.1	294159	641720753
scaff_group016	NW_020142736.1	330920	642051673
scaff_group016	NW_020142737.1	292034	642343707
scaff_group016	NW_020142738.1	73953	642417660
scaff_group016	NW_020142739.1	46370	642464030
scaff_group016	NW_020142740.1	113693	642577723
scaff_group016	NW_020142741.1	40776	642618499
scaff_group016	NW_020142742.1	13781	642632280
scaff_group016	NW_020142743.1	112285	642744565
scaff_group016	NW_020142744.1	31322	642775887
scaff_group016	NW_020142745.1	171335	642947222
scaff_group016	NW_020142746.1	371810	643319032
scaff_group016	NW_020142747.1	330350	643649382
scaff_group016	NW_020142748.1	27071	643676453
scaff_group016	NW_020142749.1	53144	643729597
scaff_group016	NW_020142750.1	62782	643792379
scaff_group016	NW_020142751.1	130029	643922408
scaff_group016	NW_020142752.1	158035	644080443
scaff_group016	NW_020142753.1	180355	644260798
scaff_group016	NW_020142754.1	96433	644357231
scaff_group016	NW_020142755.1	348609	644705840
scaff_group016	NW_020142756.1	16594	644722434
scaff_group016	NW_020142757.1	124458	644846892
scaff_group016	NW_020142758.1	29096	644875988
scaff_group016	NW_020142759.1	46556	644922544
scaff_group016	NW_020142760.1	80737	645003281
scaff_group016	NW_020142761.1	140388	645143669
scaff_group016	NW_020142762.1	61312	645204981
scaff_group016	NW_020142763.1	10345	645215326
scaff_group016	NW_020142764.1	110304	645325630
scaff_group016	NW_020142765.1	93332	645418962
scaff_group016	NW_020142766.1	71419	645490381
scaff_group016	NW_020142767.1	16983	645507364
scaff_group016	NW_020142768.1	689755	646197119
scaff_group016	NW_020142769.1	94212	646291331
scaff_group016	NW_020142770.1	186169	646477500
scaff_group016	NW_020142771.1	179669	646657169
scaff_group016	NW_020142772.1	47833	646705002
scaff_group016	NW_020142773.1	218668	646923670
scaff_group016	NW_020142774.1	121728	647045398
scaff_group016	NW_020142775.1	47450	647092848
scaff_group016	NW_020142776.1	60099	647152947
scaff_group016	NW_020142777.1	30324	647183271
scaff_group016	NW_020142778.1	64573	647247844
scaff_group016	NW_020142779.1	60305	647308149
scaff_group016	NW_020142780.1	52520	647360669
scaff_group016	NW_020142781.1	130268	647490937
scaff_group016	NW_020142782.1	79696	647570633
scaff_group016	NW_020142783.1	91427	647662060
scaff_group016	NW_020142784.1	33370	647695430
scaff_group016	NW_020142785.1	74939	647770369
scaff_group016	NW_020142786.1	36638	647807007
scaff_group016	NW_020142787.1	65088	647872095
scaff_group016	NW_020142788.1	3486	647875581
scaff_group016	NW_020142789.1	155627	648031208
scaff_group016	NW_020142790.1	49547	648080755
scaff_group016	NW_020142791.1	103934	648184689
scaff_group016	NW_020142792.1	41133	648225822
scaff_group016	NW_020142793.1	52850	648278672
scaff_group016	NW_020142794.1	146338	648425010
scaff_group016	NW_020142795.1	20611	648445621
scaff_group016	NW_020142796.1	133721	648579342
scaff_group016	NW_020142797.1	24059	648603401
scaff_group016	NC_002980.1	16644	648620045
